GIS/bf_11nb_beta.asc
ncols         173
nrows         126
xllcorner     224227.65281
yllcorner     1039207.04677
cellsize      5000
NODATA_value  -9999
[rows 34 to 67 of 126, columns 0 to 77 of 173]
-9999 -9999 -9999 -9999 -9999 -9999 -9999 -9999 -9999 -9999 -9999 -9999 -9999 -9999 -9999 -9999 -9999 -9999 -9999 -9999 -9999 -9999 -9999 -9999 -9999 -9999 -9999 -9999 -9999 -9999 -9999 -9999 -9999 -9999 -9999 -9999 -9999 -9999 -9999 -9999 -9999 -9999 -9999 -9999 -9999 -9999 -9999 -9999 -9999 0.703 0.684 0.581 0.684 0.606 0.573 0.442 0.399 0.406 0.36 0.346 0.314 0.307 0.286 0.277 0.251 0.234 0.25 0.136 0.152 0.207 0.241 0.251 0.264 0.234 0.242 0.305 0.333 0.424
-9999 -9999 -9999 -9999 -9999 -9999 -9999 -9999 -9999 -9999 -9999 -9999 -9999 -9999 -9999 -9999 -9999 -9999 -9999 -9999 -9999 -9999 -9999 -9999 -9999 -9999 -9999 -9999 -9999 -9999 -9999 -9999 -9999 -9999 -9999 -9999 -9999 -9999 -9999 -9999 -9999 -9999 -9999 -9999 -9999 -9999 -9999 -9999 -9999 0.565 0.541 0.495 0.569 0.551 0.626 0.399 0.397 0.392 0.318 0.315 0.331 0.295 0.255 0.261 0.256 0.221 0.216 0.223 0.209 0.209 0.221 0.245 0.25 0.23 0.236 0.29 0.34 0.317
-9999 -9999 -9999 -9999 -9999 -9999 -9999 -9999 -9999 -9999 -9999 -9999 -9999 -9999 -9999 -9999 -9999 -9999 -9999 -9999 -9999 -9999 -9999 -9999 -9999 -9999 -9999 -9999 -9999 -9999 -9999 -9999 -9999 -9999 0.863 -9999 -9999 -9999 -9999 -9999 -9999 -9999 -9999 -9999 -9999 -9999 -9999 -9999 -9999 0.636 0.57 0.468 0.425 0.465 0.457 0.384 0.439 0.315 0.307 0.346 0.283 0.331 0.308 0.274 0.25 0.195 0.195 0.203 0.207 0.209 0.245 0.239 0.219 0.202 0.208 0.225 0.263 0.251
-9999 -9999 -9999 -9999 -9999 -9999 -9999 -9999 -9999 -9999 -9999 -9999 -9999 -9999 -9999 -9999 -9999 -9999 -9999 -9999 -9999 -9999 -9999 -9999 -9999 -9999 -9999 -9999 -9999 -9999 -9999 -9999 0.738 0.8 -9999 -9999 -9999 -9999 -9999 -9999 -9999 -9999 -9999 -9999 -9999 -9999 -9999 -9999 -9999 0.664 0.505 0.436 0.415 0.435 0.457 0.39 0.321 0.29 0.305 0.286 0.286 0.315 0.319 0.349 0.2 0.201 0.221 0.219 0.194 0.203 0.21 0.197 0.212 0.23 0.204 0.178 0.219 0.187
-9999 -9999 -9999 -9999 -9999 -9999 -9999 -9999 -9999 -9999 -9999 -9999 -9999 -9999 -9999 -9999 -9999 -9999 -9999 -9999 -9999 -9999 -9999 -9999 -9999 -9999 -9999 -9999 -9999 -9999 -9999 0.898 0.939 0.734 0.786 0.929 0.994 0.928 -9999 -9999 -9999 -9999 -9999 -9999 -9999 -9999 -9999 -9999 -9999 -9999 0.512 0.405 0.398 0.355 0.36 0.357 0.323 0.251 0.256 0.3 0.295 0.342 0.264 0.29 0.199 0.224 0.221 0.237 0.207 0.186 0.213 0.183 0.207 0.23 0.212 0.176 0.224 0.195
-9999 -9999 -9999 -9999 -9999 -9999 -9999 -9999 -9999 -9999 -9999 -9999 -9999 -9999 -9999 -9999 -9999 -9999 -9999 -9999 -9999 -9999 -9999 -9999 -9999 -9999 -9999 -9999 -9999 -9999 -9999 0.939 0.787 0.667 0.819 0.934 1.073 1.084 1.015 -9999 -9999 -9999 -9999 -9999 -9999 -9999 -9999 -9999 -9999 -9999 0.501 0.493 0.503 0.494 0.401 0.319 0.308 0.288 0.227 0.254 0.286 0.283 0.216 0.261 0.23 0.212 0.25 0.237 0.193 0.217 0.207 0.206 0.207 0.218 0.221 0.19 0.177 0.194
-9999 -9999 -9999 -9999 -9999 -9999 -9999 -9999 -9999 -9999 -9999 -9999 -9999 -9999 -9999 -9999 -9999 -9999 -9999 -9999 -9999 -9999 -9999 -9999 -9999 -9999 -9999 -9999 -9999 0.81 0.96 0.922 0.998 0.713 0.932 1.041 1.12 1.017 0.985 1.046 -9999 -9999 -9999 -9999 -9999 -9999 0.474 0.594 0.523 0.569 0.546 0.443 0.541 0.526 0.382 0.355 0.319 0.278 0.27 0.268 0.29 0.272 0.246 0.186 0.245 0.199 0.195 0.237 0.218 0.228 0.228 0.23 0.192 0.192 0.203 0.174 0.183 0.19
-9999 -9999 -9999 -9999 -9999 -9999 -9999 -9999 -9999 -9999 -9999 -9999 -9999 -9999 -9999 -9999 -9999 -9999 -9999 -9999 -9999 -9999 -9999 -9999 -9999 -9999 -9999 -9999 0.728 0.949 0.92 0.79 0.657 0.668 1.008 0.993 1.101 1.153 1.162 1.063 0.867 0.749 -9999 -9999 -9999 -9999 0.472 0.589 0.538 0.531 0.455 0.448 0.526 0.474 0.438 0.35 0.325 0.3 0.27 0.251 0.249 0.207 0.192 0.178 0.196 0.196 0.217 0.235 0.197 0.196 0.206 0.186 0.168 0.186 0.177 0.182 0.172 0.186
-9999 -9999 -9999 -9999 -9999 -9999 -9999 -9999 -9999 -9999 -9999 -9999 -9999 -9999 -9999 -9999 -9999 -9999 -9999 -9999 -9999 -9999 -9999 -9999 -9999 -9999 -9999 0.496 0.754 0.828 0.792 0.849 0.556 0.744 0.887 0.909 1.091 0.994 0.966 0.97 0.876 0.728 0.794 -9999 -9999 -9999 0.37 0.543 0.495 0.465 0.39 0.436 0.474 0.472 0.492 0.258 0.259 0.281 0.263 0.265 0.237 0.168 0.167 0.158 0.196 0.199 0.218 0.212 0.186 0.142 0.157 0.163 0.184 0.176 0.163 0.172 0.197 0.165
-9999 -9999 -9999 -9999 -9999 -9999 -9999 -9999 -9999 -9999 -9999 -9999 -9999 -9999 -9999 -9999 -9999 -9999 -9999 -9999 -9999 -9999 -9999 -9999 -9999 -9999 0.467 0.53 0.677 0.75 0.801 0.749 0.632 0.863 0.81 0.883 0.914 1.001 0.96 1.045 1.008 0.891 0.965 0.744 0.714 0.567 0.376 0.558 0.548 0.488 0.421 0.492 0.443 0.49 0.352 0.303 0.296 0.317 0.333 0.287 0.181 0.184 0.179 0.181 0.207 0.235 0.234 0.181 0.178 0.142 0.172 0.165 0.16 0.155 0.139 0.163 0.16 0.128
-9999 -9999 -9999 -9999 -9999 -9999 -9999 -9999 -9999 -9999 -9999 -9999 -9999 -9999 -9999 -9999 -9999 -9999 -9999 -9999 -9999 -9999 -9999 -9999 -9999 -9999 -9999 0.632 0.564 0.588 0.674 0.703 0.72 0.807 0.874 0.819 0.952 0.781 0.931 0.664 0.603 0.597 0.794 0.956 0.641 0.405 0.404 0.518 0.526 0.468 0.441 0.467 0.474 0.46 0.319 0.342 0.31 0.266 0.296 0.228 0.249 0.237 0.243 0.216 0.197 0.223 0.197 0.204 0.17 0.158 0.152 0.199 0.141 0.111 0.114 0.155 0.163 0.184
-9999 -9999 -9999 -9999 -9999 -9999 -9999 -9999 -9999 -9999 -9999 -9999 -9999 -9999 -9999 -9999 -9999 -9999 -9999 -9999 -9999 -9999 -9999 -9999 -9999 -9999 -9999 0.482 0.585 0.643 0.644 0.603 0.584 0.648 0.702 0.704 0.817 0.806 0.809 0.666 0.571 0.566 0.587 0.557 0.524 0.486 0.399 0.452 0.448 0.403 0.469 0.467 0.457 0.357 0.265 0.347 0.281 0.265 0.315 0.319 0.27 0.269 0.299 0.252 0.187 0.192 0.203 0.199 0.212 0.192 0.172 0.158 0.158 0.096 0.115 0.113 0.195 0.214
-9999 -9999 -9999 -9999 -9999 -9999 -9999 -9999 -9999 -9999 -9999 -9999 -9999 -9999 -9999 -9999 -9999 -9999 -9999 -9999 -9999 -9999 -9999 -9999 -9999 -9999 -9999 -9999 0.661 0.684 0.657 0.693 0.635 0.611 0.639 0.683 0.725 0.755 0.716 0.716 0.697 0.672 0.65 0.756 0.597 0.401 0.472 0.42 0.461 0.465 0.541 0.485 0.472 0.394 0.362 0.328 0.341 0.258 0.277 0.306 0.235 0.246 0.261 0.264 0.224 0.203 0.196 0.216 0.233 0.186 0.19 0.146 0.202 0.185 0.112 0.125 0.176 0.181
-9999 -9999 -9999 -9999 -9999 -9999 -9999 -9999 -9999 -9999 -9999 -9999 -9999 -9999 -9999 -9999 -9999 -9999 -9999 -9999 -9999 -9999 -9999 -9999 -9999 -9999 -9999 -9999 0.622 0.677 0.656 0.605 0.63 0.6 0.6 0.613 0.633 0.662 0.632 0.697 0.604 0.645 0.637 0.852 0.502 0.401 0.432 0.467 0.474 0.432 0.49 0.469 0.404 0.319 0.363 0.301 0.271 0.246 0.266 0.251 0.26 0.26 0.258 0.206 0.212 0.229 0.186 0.193 0.186 0.158 0.196 0.129 0.168 0.19 0.163 0.121 0.172 0.195
-9999 -9999 -9999 -9999 -9999 -9999 -9999 -9999 -9999 -9999 -9999 -9999 -9999 -9999 -9999 -9999 -9999 -9999 -9999 -9999 -9999 -9999 -9999 -9999 -9999 -9999 -9999 -9999 0.495 0.578 0.598 0.606 0.592 0.606 0.603 0.585 0.609 0.658 0.585 0.541 0.599 0.545 0.63 0.735 0.544 0.502 0.411 0.42 0.433 0.479 0.511 0.488 0.424 0.377 0.414 0.274 0.3 0.3 0.266 0.249 0.256 0.249 0.219 0.204 0.209 0.204 0.2 0.174 0.178 0.135 0.15 0.124 0.178 0.187 0.207 0.232 0.245 0.241
-9999 -9999 -9999 -9999 -9999 -9999 -9999 -9999 -9999 -9999 -9999 -9999 -9999 -9999 -9999 -9999 -9999 -9999 -9999 -9999 -9999 -9999 -9999 -9999 -9999 -9999 -9999 -9999 0.507 0.52 0.563 0.63 0.606 0.67 0.693 0.54 0.479 0.625 0.603 0.502 0.56 0.521 0.501 0.658 0.476 0.55 0.39 0.496 0.522 0.532 0.519 0.446 0.37 0.347 0.392 0.296 0.314 0.3 0.206 0.249 0.287 0.24 0.219 0.199 0.206 0.186 0.189 0.146 0.163 0.145 0.14 0.171 0.183 0.207 0.205 0.237 0.245 0.225
-9999 -9999 -9999 -9999 -9999 -9999 -9999 -9999 -9999 -9999 -9999 -9999 -9999 -9999 -9999 -9999 -9999 -9999 -9999 -9999 -9999 -9999 -9999 -9999 -9999 -9999 -9999 -9999 0.475 0.543 0.51 0.518 0.597 0.697 0.618 0.569 0.5 0.538 0.566 0.49 0.486 0.527 0.585 0.565 0.536 0.473 0.521 0.478 0.479 0.448 0.451 0.366 0.363 0.346 0.343 0.319 0.282 0.23 0.209 0.252 0.252 0.22 0.186 0.195 0.209 0.192 0.192 0.149 0.138 0.144 0.178 0.172 0.15 0.187 0.192 0.178 0.195 0.227
-9999 -9999 -9999 -9999 -9999 -9999 -9999 -9999 -9999 -9999 -9999 -9999 -9999 -9999 -9999 -9999 -9999 -9999 -9999 -9999 -9999 -9999 -9999 -9999 -9999 -9999 -9999 -9999 0.525 0.609 0.48 0.5 0.548 0.582 0.611 0.585 0.496 0.473 0.546 0.441 0.486 0.508 0.5 0.619 0.609 0.558 0.482 0.464 0.468 0.413 0.324 0.337 0.385 0.301 0.319 0.259 0.275 0.264 0.241 0.251 0.21 0.203 0.226 0.219 0.236 0.196 0.178 0.145 0.145 0.163 0.166 0.183 0.144 0.176 0.181 0.163 0.148 0.154
-9999 -9999 -9999 -9999 -9999 -9999 -9999 -9999 -9999 -9999 -9999 -9999 -9999 -9999 -9999 -9999 -9999 -9999 -9999 -9999 -9999 -9999 -9999 -9999 0.352 0.446 -9999 -9999 0.478 0.46 0.451 0.47 0.501 0.522 0.569 0.521 0.424 0.441 0.532 0.426 0.599 0.597 0.65 0.691 0.597 0.59 0.421 0.468 0.48 0.408 0.338 0.384 0.355 0.266 0.261 0.234 0.243 0.214 0.249 0.241 0.245 0.216 0.217 0.213 0.19 0.178 0.149 0.158 0.171 0.15 0.119 0.126 0.14 0.178 0.206 0.13 0.13 0.115
-9999 -9999 -9999 -9999 -9999 -9999 -9999 -9999 -9999 -9999 -9999 -9999 -9999 -9999 -9999 -9999 -9999 -9999 -9999 -9999 -9999 -9999 -9999 0.344 0.428 0.474 0.438 0.418 0.472 0.48 0.545 0.474 0.564 0.493 0.472 0.404 0.356 0.403 0.456 0.423 0.672 0.659 0.632 0.63 0.521 0.521 0.424 0.622 0.436 0.383 0.375 0.324 0.348 0.304 0.281 0.234 0.251 0.235 0.222 0.222 0.212 0.169 0.187 0.192 0.178 0.176 0.198 0.181 0.126 0.123 0.109 0.097 0.116 0.171 0.157 0.126 0.113 0.111
-9999 -9999 -9999 -9999 -9999 -9999 -9999 -9999 -9999 -9999 -9999 -9999 -9999 -9999 -9999 -9999 -9999 -9999 -9999 -9999 -9999 -9999 -9999 0.41 0.372 0.436 0.459 0.404 0.5 0.518 0.543 0.474 0.468 0.493 0.531 0.397 0.423 0.426 0.441 0.505 0.606 0.582 0.533 0.584 0.593 0.484 0.433 0.528 0.432 0.421 0.344 0.304 0.319 0.252 0.338 0.269 0.258 0.234 0.222 0.248 0.21 0.169 0.196 0.188 0.147 0.151 0.172 0.171 0.117 0.135 0.117 0.125 0.135 0.144 0.13 0.126 0.116 0.116
-9999 -9999 -9999 -9999 -9999 -9999 -9999 -9999 -9999 -9999 -9999 -9999 -9999 -9999 -9999 -9999 -9999 -9999 -9999 -9999 -9999 -9999 -9999 -9999 0.412 0.474 0.459 0.468 0.416 0.416 0.432 0.415 0.401 0.318 0.314 0.358 0.41 0.387 0.449 0.46 0.416 0.434 0.433 0.421 0.421 0.364 0.437 0.421 0.342 0.36 0.33 0.325 0.315 0.306 0.308 0.286 0.25 0.25 0.233 0.256 0.246 0.212 0.193 0.158 0.145 0.158 0.157 0.146 0.125 0.119 0.112 0.088 0.096 0.116 0.106 0.095 0.088 0.09
-9999 -9999 -9999 -9999 -9999 -9999 -9999 -9999 -9999 -9999 -9999 -9999 -9999 -9999 -9999 -9999 -9999 -9999 -9999 -9999 -9999 -9999 -9999 -9999 -9999 0.457 0.49 0.434 0.438 0.426 0.424 0.304 0.384 0.378 0.424 0.407 0.399 0.336 0.333 0.406 0.368 0.39 0.365 0.363 0.346 0.363 0.403 0.387 0.344 0.327 0.372 0.369 0.342 0.296 0.264 0.195 0.222 0.24 0.241 0.264 0.207 0.229 0.203 0.192 0.181 0.178 0.143 0.13 0.137 0.138 0.138 0.129 0.111 0.09 0.089 0.089 0.075 0.074
-9999 -9999 -9999 -9999 -9999 -9999 -9999 -9999 -9999 -9999 -9999 -9999 -9999 -9999 -9999 -9999 -9999 -9999 -9999 -9999 -9999 -9999 -9999 -9999 0.413 0.491 0.468 0.403 0.416 0.465 0.404 0.301 0.394 0.405 0.424 0.416 0.361 0.381 0.357 0.333 0.343 0.348 0.304 0.292 0.323 0.366 0.372 0.418 0.392 0.344 0.343 0.337 0.341 0.305 0.251 0.243 0.222 0.221 0.228 0.27 0.206 0.21 0.227 0.202 0.176 0.195 0.147 0.129 0.16 0.14 0.13 0.136 0.126 0.091 0.097 0.087 0.094 0.078
-9999 -9999 -9999 -9999 -9999 -9999 -9999 -9999 -9999 -9999 -9999 -9999 -9999 -9999 -9999 -9999 -9999 -9999 -9999 -9999 -9999 -9999 -9999 -9999 0.473 0.441 0.413 0.432 0.467 0.424 0.411 0.364 0.426 0.434 0.414 0.382 0.394 0.346 0.332 0.306 0.323 0.325 0.281 0.281 0.292 0.234 0.378 0.392 0.349 0.286 0.331 0.343 0.307 0.227 0.214 0.213 0.27 0.264 0.23 0.235 0.224 0.197 0.221 0.241 0.2 0.208 0.184 0.159 0.157 0.134 0.129 0.142 0.126 0.126 0.135 0.115 0.082 0.106
-9999 -9999 -9999 -9999 -9999 -9999 -9999 -9999 -9999 -9999 -9999 -9999 -9999 -9999 -9999 -9999 -9999 -9999 -9999 -9999 -9999 -9999 -9999 -9999 0.48 0.424 0.449 0.492 0.474 0.448 0.34 0.371 0.421 0.448 0.429 0.369 0.328 0.371 0.316 0.269 0.264 0.275 0.254 0.274 0.266 0.251 0.373 0.376 0.349 0.382 0.383 0.391 0.299 0.25 0.235 0.234 0.275 0.255 0.255 0.252 0.236 0.199 0.192 0.165 0.172 0.163 0.178 0.12 0.126 0.138 0.138 0.146 0.143 0.14 0.135 0.118 0.096 0.087
-9999 -9999 -9999 -9999 -9999 -9999 -9999 -9999 -9999 -9999 -9999 -9999 -9999 -9999 -9999 -9999 -9999 -9999 -9999 -9999 -9999 -9999 -9999 -9999 0.443 0.433 0.467 0.501 0.393 0.317 0.348 0.373 0.384 0.407 0.37 0.327 0.316 0.296 0.288 0.266 0.277 0.252 0.319 0.288 0.292 0.283 0.286 0.31 0.328 0.34 0.382 0.357 0.306 0.276 0.275 0.275 0.283 0.235 0.227 0.245 0.256 0.236 0.192 0.19 0.146 0.15 0.147 0.146 0.126 0.158 0.128 0.143 0.172 0.129 0.118 0.106 0.112 0.081
-9999 -9999 -9999 -9999 -9999 -9999 -9999 -9999 -9999 -9999 -9999 -9999 -9999 -9999 -9999 -9999 -9999 -9999 -9999 -9999 -9999 -9999 -9999 0.433 0.45 0.479 0.473 0.379 0.315 0.36 0.366 0.395 0.393 0.37 0.329 0.346 0.305 0.319 0.286 0.276 0.272 0.316 0.321 0.26 0.284 0.319 0.319 0.286 0.324 0.322 0.319 0.319 0.315 0.357 0.314 0.314 0.249 0.228 0.237 0.239 0.28 0.249 0.223 0.186 0.135 0.157 0.146 0.141 0.167 0.169 0.155 0.171 0.159 0.116 0.129 0.126 0.126 0.119
-9999 -9999 -9999 -9999 -9999 -9999 -9999 -9999 -9999 -9999 -9999 -9999 -9999 -9999 -9999 -9999 -9999 -9999 -9999 -9999 -9999 -9999 0.51 0.59 0.502 0.439 0.431 0.441 0.423 0.412 0.394 0.382 0.378 0.33 0.32 0.36 0.317 0.346 0.257 0.288 0.281 0.36 0.304 0.266 0.288 0.317 0.31 0.343 0.317 0.36 0.353 0.337 0.298 0.33 0.314 0.256 0.239 0.234 0.275 0.27 0.27 0.265 0.243 0.235 0.16 0.134 0.138 0.15 0.171 0.196 0.176 0.127 0.144 0.115 0.129 0.136 0.135 0.13
-9999 -9999 -9999 -9999 -9999 -9999 -9999 -9999 -9999 -9999 -9999 -9999 -9999 -9999 -9999 -9999 -9999 -9999 -9999 -9999 -9999 0.499 0.508 0.562 0.492 0.432 0.424 0.426 0.437 0.457 0.36 0.374 0.385 0.413 0.35 0.349 0.295 0.256 0.245 0.266 0.316 0.305 0.292 0.281 0.367 0.352 0.322 0.34 0.346 0.367 0.328 0.319 0.295 0.226 0.24 0.265 0.26 0.225 0.305 0.36 0.359 0.325 0.263 0.224 0.196 0.169 0.127 0.15 0.119 0.097 0.158 0.145 0.153 0.126 0.135 0.13 0.146 0.138
-9999 -9999 -9999 -9999 -9999 -9999 -9999 -9999 -9999 -9999 -9999 -9999 -9999 -9999 -9999 -9999 -9999 -9999 -9999 -9999 -9999 0.448 0.581 0.537 0.524 0.495 0.471 0.48 0.421 0.492 0.45 0.357 0.404 0.42 0.36 0.301 0.292 0.26 0.243 0.271 0.342 0.307 0.259 0.315 0.357 0.409 0.346 0.344 0.336 0.359 0.281 0.252 0.32 0.278 0.266 0.295 0.268 0.234 0.255 0.36 0.343 0.378 0.251 0.236 0.206 0.151 0.149 0.172 0.129 0.1 0.152 0.183 0.162 0.136 0.141 0.13 0.135 0.135
-9999 -9999 -9999 -9999 -9999 -9999 -9999 -9999 -9999 -9999 -9999 -9999 -9999 -9999 -9999 -9999 -9999 -9999 -9999 -9999 -9999 0.446 0.58 0.543 0.518 0.502 0.451 0.526 0.52 0.46 0.399 0.339 0.322 0.346 0.374 0.353 0.295 0.255 0.275 0.305 0.326 0.3 0.319 0.354 0.366 0.356 0.319 0.348 0.339 0.343 0.296 0.27 0.331 0.325 0.295 0.309 0.251 0.234 0.281 0.28 0.256 0.248 0.256 0.288 0.207 0.184 0.163 0.195 0.207 0.165 0.162 0.197 0.158 0.157 0.14 0.14 0.146 0.129
-9999 -9999 -9999 -9999 -9999 -9999 -9999 -9999 -9999 -9999 -9999 -9999 -9999 -9999 -9999 -9999 -9999 -9999 -9999 0.524 0.538 0.546 0.584 0.606 0.543 0.48 0.473 0.463 0.434 0.434 0.355 0.354 0.354 0.316 0.327 0.318 0.275 0.296 0.319 0.304 0.283 0.306 0.325 0.325 0.31 0.319 0.333 0.313 0.331 0.319 0.23 0.308 0.357 0.357 0.322 0.304 0.307 0.35 0.342 0.281 0.266 0.301 0.252 0.22 0.192 0.212 0.245 0.222 0.214 0.195 0.186 0.143 0.203 0.183 0.174 0.174 0.15 0.143
-9999 -9999 -9999 -9999 -9999 -9999 -9999 -9999 -9999 -9999 -9999 -9999 -9999 -9999 -9999 -9999 -9999 -9999 0.543 0.556 0.567 0.507 0.524 0.621 0.695 0.426 0.427 0.426 0.432 0.367 0.269 0.359 0.375 0.334 0.311 0.279 0.271 0.353 0.304 0.304 0.266 0.274 0.298 0.31 0.289 0.317 0.29 0.3 0.287 0.292 0.266 0.241 0.317 0.266 0.27 0.316 0.264 0.319 0.36 0.378 0.295 0.255 0.275 0.225 0.222 0.236 0.218 0.199 0.196 0.196 0.149 0.184 0.202 0.196 0.196 0.196 0.129 0.126
