GIS/bf_11nb_beta.asc
ncols         173
nrows         126
xllcorner     224227.65281
yllcorner     1039207.04677
cellsize      5000
NODATA_value  -9999
[rows 0 to 33 of 126, columns 78 to 155 of 173]
-9999 -9999 -9999 -9999 -9999 -9999 -9999 -9999 -9999 -9999 -9999 -9999 -9999 -9999 -9999 -9999 -9999 -9999 -9999 -9999 -9999 -9999 -9999 -9999 -9999 -9999 0.399 0.399 0.401 0.343 0.304 0.292 -9999 -9999 -9999 0.212 0.208 -9999 -9999 -9999 -9999 -9999 -9999 -9999 -9999 -9999 -9999 -9999 -9999 -9999 -9999 -9999 -9999 -9999 -9999 -9999 -9999 -9999 -9999 -9999 -9999 -9999 -9999 -9999 -9999 -9999 -9999 -9999 -9999 -9999 -9999 -9999 -9999 -9999 -9999 -9999 -9999 -9999
-9999 -9999 -9999 -9999 -9999 -9999 -9999 -9999 -9999 -9999 -9999 -9999 -9999 -9999 -9999 -9999 -9999 -9999 -9999 -9999 -9999 -9999 -9999 -9999 0.413 0.416 0.407 0.376 0.36 0.289 0.274 0.304 0.281 -9999 0.25 0.195 0.19 0.177 0.17 0.149 -9999 -9999 -9999 -9999 -9999 -9999 -9999 -9999 -9999 -9999 -9999 -9999 -9999 -9999 -9999 -9999 -9999 -9999 -9999 -9999 -9999 -9999 -9999 -9999 -9999 -9999 -9999 -9999 -9999 -9999 -9999 -9999 -9999 -9999 -9999 -9999 -9999 -9999
-9999 -9999 -9999 -9999 -9999 -9999 -9999 -9999 -9999 -9999 -9999 -9999 -9999 -9999 -9999 -9999 -9999 -9999 -9999 -9999 -9999 -9999 -9999 0.471 0.413 0.404 0.403 0.374 0.371 0.387 0.374 0.343 0.283 0.261 0.288 0.235 0.218 0.203 0.174 0.172 0.169 0.19 0.196 0.145 0.158 0.158 0.139 -9999 -9999 -9999 -9999 -9999 -9999 -9999 -9999 -9999 -9999 -9999 -9999 -9999 -9999 -9999 -9999 -9999 -9999 -9999 -9999 -9999 -9999 -9999 -9999 -9999 -9999 -9999 -9999 -9999 -9999 -9999
-9999 -9999 -9999 -9999 -9999 -9999 -9999 -9999 -9999 -9999 -9999 -9999 -9999 -9999 -9999 -9999 -9999 -9999 -9999 -9999 -9999 -9999 0.49 0.451 0.425 0.474 0.478 0.459 0.433 0.413 0.398 0.335 0.283 0.264 0.264 0.266 0.281 0.27 0.236 0.241 0.199 0.206 0.178 0.146 0.144 0.144 0.141 -9999 -9999 -9999 -9999 -9999 -9999 -9999 -9999 -9999 -9999 -9999 -9999 -9999 -9999 -9999 -9999 -9999 -9999 -9999 -9999 -9999 -9999 -9999 -9999 -9999 -9999 -9999 -9999 -9999 -9999 -9999
-9999 -9999 -9999 -9999 -9999 -9999 -9999 -9999 -9999 -9999 -9999 -9999 -9999 -9999 -9999 -9999 -9999 -9999 -9999 -9999 -9999 0.496 0.486 0.492 0.468 0.426 0.468 0.482 0.503 0.46 0.419 0.394 0.337 0.286 0.27 0.218 0.271 0.263 0.26 0.227 0.206 0.218 0.188 0.16 0.126 0.123 -9999 -9999 -9999 -9999 -9999 -9999 -9999 -9999 -9999 -9999 -9999 -9999 -9999 -9999 -9999 -9999 -9999 -9999 -9999 -9999 -9999 -9999 -9999 -9999 -9999 -9999 -9999 -9999 -9999 -9999 -9999 -9999
-9999 -9999 -9999 -9999 -9999 -9999 -9999 -9999 -9999 -9999 -9999 -9999 -9999 -9999 -9999 -9999 -9999 -9999 -9999 -9999 0.648 0.624 0.574 0.533 0.489 0.405 0.473 0.435 0.424 0.42 0.389 0.411 0.357 0.343 0.328 0.288 0.279 0.253 0.221 0.266 0.253 0.24 0.177 0.186 0.178 0.178 -9999 -9999 -9999 -9999 -9999 -9999 -9999 -9999 -9999 -9999 -9999 -9999 -9999 -9999 -9999 -9999 -9999 -9999 -9999 -9999 -9999 -9999 -9999 -9999 -9999 -9999 -9999 -9999 -9999 -9999 -9999 -9999
-9999 -9999 -9999 -9999 -9999 -9999 -9999 -9999 -9999 -9999 -9999 -9999 -9999 -9999 -9999 -9999 -9999 -9999 0.412 0.46 0.452 0.561 0.504 0.501 0.561 0.571 0.648 0.536 0.501 0.474 0.423 0.452 0.397 0.424 0.36 0.348 0.309 0.3 0.247 0.233 0.261 0.261 0.218 0.195 0.181 0.181 0.163 -9999 -9999 -9999 -9999 -9999 -9999 -9999 -9999 -9999 -9999 -9999 -9999 -9999 -9999 -9999 -9999 -9999 -9999 -9999 -9999 -9999 -9999 -9999 -9999 -9999 -9999 -9999 -9999 -9999 -9999 -9999
-9999 -9999 -9999 -9999 -9999 -9999 -9999 -9999 -9999 -9999 -9999 -9999 -9999 -9999 -9999 0.52 0.45 0.521 0.543 0.524 0.45 0.494 0.468 0.473 0.577 0.544 0.542 0.446 0.473 0.425 0.468 0.441 0.373 0.338 0.372 0.357 0.322 0.277 0.265 0.222 0.195 0.261 0.235 0.224 0.188 0.188 0.165 -9999 -9999 -9999 -9999 -9999 -9999 -9999 -9999 -9999 -9999 -9999 -9999 -9999 -9999 -9999 -9999 -9999 -9999 -9999 -9999 -9999 -9999 -9999 -9999 -9999 -9999 -9999 -9999 -9999 -9999 -9999
-9999 -9999 -9999 -9999 -9999 -9999 -9999 -9999 -9999 -9999 -9999 -9999 -9999 0.496 0.538 0.697 0.741 0.62 0.573 0.52 0.519 0.546 0.521 0.472 0.472 0.565 0.492 0.448 0.358 0.329 0.437 0.307 0.294 0.36 0.375 0.331 0.301 0.292 0.234 0.192 0.209 0.272 0.253 0.175 0.174 0.174 0.152 -9999 -9999 -9999 -9999 -9999 -9999 -9999 -9999 -9999 -9999 -9999 -9999 -9999 -9999 -9999 -9999 -9999 -9999 -9999 -9999 -9999 -9999 -9999 -9999 -9999 -9999 -9999 -9999 -9999 -9999 -9999
-9999 -9999 -9999 -9999 -9999 -9999 -9999 -9999 -9999 -9999 -9999 0.712 0.717 0.803 0.73 0.68 0.63 0.687 0.601 0.533 0.565 0.498 0.489 0.493 0.521 0.622 0.613 0.503 0.365 0.318 0.344 0.3 0.314 0.357 0.259 0.265 0.259 0.283 0.206 0.212 0.203 0.247 0.197 0.216 0.194 0.194 -9999 -9999 -9999 -9999 -9999 -9999 -9999 -9999 -9999 -9999 -9999 -9999 -9999 -9999 -9999 -9999 -9999 -9999 -9999 -9999 -9999 -9999 -9999 -9999 -9999 -9999 -9999 -9999 -9999 -9999 -9999 -9999
-9999 -9999 -9999 -9999 -9999 -9999 -9999 -9999 -9999 -9999 0.83 0.651 0.649 0.579 0.632 0.662 0.694 0.612 0.593 0.587 0.593 0.556 0.599 0.577 0.532 0.607 0.54 0.486 0.366 0.359 0.347 0.378 0.411 0.438 0.348 0.333 0.293 0.296 0.236 0.236 0.224 0.246 0.208 0.23 0.229 0.208 -9999 -9999 -9999 -9999 -9999 -9999 -9999 -9999 -9999 -9999 -9999 -9999 -9999 -9999 -9999 -9999 -9999 -9999 -9999 -9999 -9999 -9999 -9999 -9999 -9999 -9999 -9999 -9999 -9999 -9999 -9999 -9999
-9999 -9999 -9999 -9999 -9999 -9999 -9999 -9999 0.657 0.764 0.83 0.651 0.649 0.579 0.632 0.662 0.694 0.612 0.593 0.587 0.593 0.556 0.599 0.577 0.532 0.607 0.54 0.486 0.366 0.359 0.347 0.378 0.411 0.438 0.348 0.333 0.293 0.296 0.236 0.236 0.224 0.246 0.208 0.23 0.229 0.208 -9999 -9999 -9999 -9999 -9999 -9999 -9999 -9999 -9999 -9999 -9999 -9999 -9999 -9999 -9999 -9999 -9999 -9999 -9999 -9999 -9999 -9999 -9999 -9999 -9999 -9999 -9999 -9999 -9999 -9999 -9999 -9999
-9999 -9999 -9999 -9999 -9999 -9999 0.719 0.691 0.809 0.711 0.741 0.571 0.647 0.646 0.649 0.745 0.697 0.68 0.562 0.648 0.599 0.55 0.598 0.595 0.568 0.501 0.473 0.417 0.36 0.333 0.319 0.304 0.288 0.388 0.354 0.323 0.301 0.29 0.256 0.252 0.231 0.261 0.27 0.249 0.221 0.221 -9999 -9999 -9999 -9999 -9999 -9999 -9999 -9999 -9999 -9999 -9999 -9999 -9999 -9999 -9999 -9999 -9999 -9999 -9999 -9999 -9999 -9999 -9999 -9999 -9999 -9999 -9999 -9999 -9999 -9999 -9999 -9999
0.695 0.72 0.697 -9999 0.622 0.692 0.792 0.752 0.757 0.705 0.672 0.635 0.633 0.749 0.707 0.746 0.709 0.639 0.555 0.695 0.652 0.6 0.571 0.566 0.637 0.505 0.475 0.436 0.401 0.357 0.353 0.393 0.39 0.403 0.358 0.295 0.281 0.298 0.255 0.271 0.265 0.264 0.227 0.248 0.236 0.206 -9999 -9999 -9999 -9999 -9999 -9999 -9999 -9999 -9999 -9999 -9999 -9999 -9999 -9999 -9999 -9999 -9999 -9999 -9999 -9999 -9999 -9999 -9999 -9999 -9999 -9999 -9999 -9999 -9999 -9999 -9999 -9999
0.821 0.778 0.77 0.722 0.726 0.745 0.741 0.751 0.809 0.758 0.76 0.697 0.678 0.695 0.704 0.705 0.778 0.6 0.603 0.647 0.603 0.654 0.577 0.661 0.585 0.546 0.656 0.605 0.393 0.384 0.372 0.367 0.346 0.359 0.362 0.317 0.289 0.292 0.245 0.283 0.279 0.225 0.221 0.23 0.209 0.186 0.189 -9999 -9999 -9999 -9999 -9999 -9999 -9999 -9999 -9999 -9999 -9999 -9999 -9999 -9999 -9999 -9999 -9999 -9999 -9999 -9999 -9999 -9999 -9999 -9999 -9999 -9999 -9999 -9999 -9999 -9999 -9999
0.981 0.741 0.879 0.75 0.733 0.68 0.703 0.764 0.881 0.737 0.772 0.784 0.789 0.654 0.709 0.697 0.635 0.569 0.712 0.635 0.632 0.684 0.637 0.654 0.628 0.599 0.599 0.498 0.556 0.46 0.404 0.381 0.384 0.355 0.317 0.31 0.264 0.307 0.25 0.268 0.228 0.225 0.225 0.227 0.208 0.181 0.167 0.149 -9999 -9999 -9999 -9999 -9999 -9999 -9999 -9999 -9999 -9999 -9999 -9999 -9999 -9999 -9999 -9999 -9999 -9999 -9999 -9999 -9999 -9999 -9999 -9999 -9999 -9999 -9999 -9999 -9999 -9999
0.906 0.799 0.752 0.744 0.675 0.668 0.717 0.781 0.812 0.777 0.709 0.807 0.875 0.742 0.695 0.657 0.568 0.591 0.62 0.6 0.625 0.63 0.654 0.688 0.59 0.703 0.614 0.466 0.534 0.533 0.427 0.395 0.327 0.401 0.324 0.295 0.314 0.234 0.243 0.233 0.2 0.192 0.192 0.193 0.177 0.172 0.166 0.166 0.178 -9999 -9999 -9999 -9999 -9999 -9999 -9999 -9999 -9999 -9999 -9999 -9999 -9999 -9999 -9999 -9999 -9999 -9999 -9999 -9999 -9999 -9999 -9999 -9999 -9999 -9999 -9999 -9999 -9999
0.829 0.817 0.796 0.743 0.72 0.704 0.714 0.765 0.794 0.702 0.677 0.827 0.892 0.7 0.677 0.683 0.603 0.621 0.633 0.768 0.697 0.719 0.697 0.63 0.513 0.593 0.525 0.464 0.48 0.476 0.412 0.399 0.364 0.319 0.301 0.264 0.263 0.247 0.234 0.263 0.251 0.294 0.216 0.192 0.197 0.193 0.192 0.167 0.188 0.181 -9999 -9999 -9999 -9999 -9999 -9999 -9999 -9999 -9999 -9999 -9999 -9999 -9999 -9999 -9999 -9999 -9999 -9999 -9999 -9999 -9999 -9999 -9999 -9999 -9999 -9999 -9999 -9999
0.819 0.899 0.782 0.998 0.901 0.752 0.7 0.755 0.821 0.812 0.743 0.817 0.843 0.817 0.651 0.698 0.754 0.693 0.663 0.689 0.661 0.652 0.663 0.654 0.557 0.58 0.578 0.636 0.494 0.415 0.406 0.346 0.347 0.335 0.404 0.424 0.344 0.318 0.234 0.223 0.206 0.234 0.206 0.195 0.181 0.174 0.196 0.197 0.194 0.199 -9999 -9999 -9999 -9999 -9999 -9999 -9999 -9999 -9999 -9999 -9999 -9999 -9999 -9999 -9999 -9999 -9999 -9999 -9999 -9999 -9999 -9999 -9999 -9999 -9999 -9999 -9999 -9999
0.807 0.864 0.828 0.98 0.982 0.863 0.756 0.755 0.789 0.844 0.772 0.844 0.816 0.944 0.679 0.875 0.94 0.781 0.728 0.651 0.678 0.81 0.807 0.862 0.717 0.569 0.482 0.565 0.602 0.465 0.456 0.48 0.469 0.433 0.376 0.392 0.348 0.313 0.265 0.258 0.245 0.252 0.206 0.199 0.19 0.2 0.217 0.199 0.196 0.191 -9999 -9999 -9999 -9999 -9999 -9999 -9999 -9999 -9999 -9999 -9999 -9999 -9999 -9999 -9999 -9999 -9999 -9999 -9999 -9999 -9999 -9999 -9999 -9999 -9999 -9999 -9999 -9999
0.699 0.753 0.792 0.826 0.794 0.792 0.739 0.62 0.733 0.72 0.722 0.808 0.931 0.863 0.741 0.81 0.865 0.792 0.796 0.742 0.657 0.717 0.657 0.667 0.576 0.577 0.472 0.603 0.632 0.536 0.526 0.432 0.443 0.401 0.372 0.391 0.36 0.319 0.314 0.246 0.219 0.221 0.218 0.246 0.237 0.22 0.212 0.206 0.236 0.212 -9999 -9999 -9999 -9999 -9999 -9999 -9999 -9999 -9999 -9999 -9999 -9999 -9999 -9999 -9999 -9999 -9999 -9999 -9999 -9999 -9999 -9999 -9999 -9999 -9999 -9999 -9999 -9999
0.716 0.745 0.701 0.631 0.654 0.611 0.637 0.662 0.693 0.869 0.855 0.881 0.981 0.928 0.817 0.832 0.817 0.697 0.672 0.664 0.639 0.766 0.612 0.597 0.568 0.578 0.585 0.6 0.591 0.504 0.505 0.408 0.432 0.383 0.378 0.394 0.404 0.331 0.3 0.222 0.237 0.258 0.265 0.22 0.266 0.228 0.218 0.195 0.218 0.195 -9999 -9999 -9999 -9999 -9999 -9999 -9999 -9999 -9999 -9999 -9999 -9999 -9999 -9999 -9999 -9999 -9999 -9999 -9999 -9999 -9999 -9999 -9999 -9999 -9999 -9999 -9999 -9999
0.695 0.647 0.612 0.717 0.648 0.692 0.578 0.505 0.739 0.804 0.863 0.924 0.929 0.885 0.817 0.879 0.849 0.833 0.727 0.668 0.804 0.697 0.649 0.543 0.593 0.577 0.552 0.671 0.595 0.469 0.477 0.451 0.424 0.366 0.378 0.399 0.407 0.235 0.264 0.257 0.281 0.309 0.297 0.256 0.264 0.249 0.222 0.224 0.208 0.175 -9999 -9999 -9999 -9999 -9999 -9999 -9999 -9999 -9999 -9999 -9999 -9999 -9999 -9999 -9999 -9999 -9999 -9999 -9999 -9999 -9999 -9999 -9999 -9999 -9999 -9999 -9999 -9999
0.713 0.67 0.72 0.749 0.708 0.7 0.672 0.596 0.757 0.8 0.998 0.923 0.999 0.755 0.74 0.801 0.769 0.822 0.812 0.796 0.818 0.688 0.637 0.556 0.631 0.654 0.556 0.54 0.597 0.472 0.486 0.36 0.319 0.349 0.346 0.362 0.404 0.22 0.245 0.265 0.233 0.207 0.304 0.309 0.252 0.266 0.234 0.234 0.206 0.174 0.152 -9999 -9999 -9999 -9999 -9999 -9999 -9999 -9999 -9999 -9999 -9999 -9999 -9999 -9999 -9999 -9999 -9999 -9999 -9999 -9999 -9999 -9999 -9999 -9999 -9999 -9999 -9999
0.743 0.651 0.656 0.733 0.693 0.712 0.773 0.762 0.792 0.77 0.79 0.863 0.927 0.825 0.75 0.869 0.869 0.781 0.777 0.75 0.682 0.628 0.63 0.603 0.571 0.585 0.543 0.573 0.614 0.463 0.447 0.42 0.448 0.393 0.404 0.311 0.234 0.248 0.265 0.346 0.254 0.219 0.299 0.28 0.304 0.281 0.296 0.254 0.275 0.211 0.192 0.222 -9999 -9999 -9999 -9999 -9999 -9999 -9999 -9999 -9999 -9999 -9999 -9999 -9999 -9999 -9999 -9999 -9999 -9999 -9999 -9999 -9999 -9999 -9999 -9999 -9999 -9999
0.714 0.752 0.633 0.749 0.671 0.685 0.7 0.819 0.879 0.782 0.756 0.807 0.855 0.94 0.849 0.836 0.855 0.722 0.69 0.746 0.67 0.617 0.579 0.662 0.628 0.545 0.501 0.59 0.519 0.496 0.486 0.485 0.467 0.471 0.37 0.342 0.288 0.331 0.394 0.354 0.317 0.301 0.315 0.318 0.301 0.322 0.299 0.277 0.218 0.158 0.216 0.249 -9999 -9999 -9999 -9999 -9999 -9999 -9999 -9999 -9999 -9999 -9999 -9999 -9999 -9999 -9999 -9999 -9999 -9999 -9999 -9999 -9999 -9999 -9999 -9999 -9999 -9999
0.603 0.687 0.689 0.731 0.691 0.701 0.717 0.747 0.829 0.756 0.717 0.781 0.826 0.899 0.836 0.863 0.786 0.691 0.792 0.831 0.786 0.681 0.547 0.571 0.709 0.541 0.504 0.536 0.521 0.517 0.467 0.465 0.392 0.441 0.402 0.37 0.377 0.374 0.325 0.327 0.312 0.333 0.337 0.349 0.342 0.301 0.301 0.234 0.159 0.146 0.211 0.226 0.2 -9999 -9999 -9999 -9999 -9999 -9999 -9999 -9999 -9999 -9999 -9999 -9999 -9999 -9999 -9999 -9999 -9999 -9999 -9999 -9999 -9999 -9999 -9999 -9999 -9999
0.501 0.575 0.701 0.56 0.717 0.755 0.756 0.825 0.904 0.799 0.755 0.836 0.723 0.552 0.646 0.72 0.726 0.665 0.709 0.647 0.62 0.577 0.545 0.585 0.62 0.5 0.486 0.518 0.532 0.609 0.472 0.448 0.453 0.456 0.468 0.42 0.385 0.373 0.344 0.337 0.3 0.327 0.357 0.348 0.313 0.307 0.307 0.255 0.163 0.187 0.224 0.192 0.195 0.216 -9999 -9999 -9999 -9999 -9999 -9999 -9999 -9999 -9999 -9999 -9999 -9999 -9999 -9999 -9999 -9999 -9999 -9999 -9999 -9999 -9999 -9999 -9999 -9999
0.544 0.568 0.745 0.612 0.665 0.813 0.804 0.755 0.805 0.819 0.869 0.743 0.714 0.798 0.855 0.714 0.624 0.578 0.623 0.636 0.618 0.472 0.558 0.533 0.521 0.46 0.482 0.532 0.517 0.521 0.502 0.486 0.5 0.467 0.457 0.457 0.432 0.37 0.371 0.354 0.329 0.325 0.281 0.274 0.327 0.266 0.266 0.243 0.196 0.174 0.236 0.222 0.192 0.198 0.181 -9999 -9999 -9999 -9999 -9999 -9999 -9999 -9999 -9999 -9999 -9999 -9999 -9999 -9999 -9999 -9999 -9999 -9999 -9999 -9999 -9999 -9999 -9999
0.526 0.514 0.623 0.659 0.633 0.733 0.865 0.717 0.553 0.801 0.76 0.778 0.684 0.658 0.772 0.709 0.684 0.635 0.603 0.69 0.628 0.558 0.61 0.551 0.505 0.467 0.473 0.474 0.47 0.467 0.482 0.501 0.514 0.496 0.426 0.397 0.404 0.36 0.313 0.322 0.356 0.355 0.323 0.297 0.344 0.319 0.319 0.199 0.203 0.216 0.226 0.223 0.199 0.171 0.145 -9999 -9999 -9999 -9999 -9999 -9999 -9999 -9999 -9999 -9999 -9999 -9999 -9999 -9999 -9999 -9999 -9999 -9999 -9999 -9999 -9999 -9999 -9999
0.496 0.537 0.518 0.603 0.6 0.741 0.81 0.692 0.656 0.667 0.715 0.752 0.656 0.714 0.777 0.689 0.548 0.583 0.611 0.667 0.612 0.634 0.603 0.59 0.522 0.457 0.424 0.467 0.416 0.42 0.505 0.576 0.468 0.46 0.454 0.441 0.437 0.391 0.392 0.392 0.383 0.367 0.304 0.286 0.332 0.296 0.296 0.206 0.236 0.204 0.228 0.208 0.192 0.176 0.178 0.152 0.163 0.163 0.16 -9999 -9999 -9999 -9999 -9999 -9999 -9999 -9999 -9999 -9999 -9999 -9999 -9999 -9999 -9999 -9999 -9999 -9999 -9999
0.457 0.44 0.475 0.641 0.592 0.659 0.695 0.61 0.649 0.63 0.58 0.639 0.76 0.797 0.755 0.414 0.385 0.524 0.56 0.558 0.51 0.479 0.506 0.457 0.422 0.451 0.464 0.434 0.394 0.403 0.467 0.423 0.479 0.506 0.488 0.467 0.457 0.45 0.401 0.371 0.374 0.346 0.325 0.322 0.3 0.256 0.256 0.221 0.207 0.195 0.218 0.199 0.196 0.185 0.177 0.15 0.155 0.139 0.143 -9999 -9999 -9999 -9999 -9999 -9999 -9999 -9999 -9999 -9999 -9999 -9999 -9999 -9999 -9999 -9999 -9999 -9999 -9999
0.388 0.356 0.4 0.485 0.525 0.59 0.533 0.496 0.349 0.33 0.423 0.505 0.585 0.604 0.618 0.528 0.523 0.521 0.582 0.649 0.613 0.474 0.479 0.325 0.318 0.366 0.361 0.36 0.392 0.385 0.419 0.448 0.432 0.456 0.448 0.465 0.426 0.451 0.403 0.41 0.411 0.354 0.372 0.359 0.36 0.265 0.265 0.23 0.225 0.263 0.216 0.194 0.174 0.197 0.177 0.16 0.17 0.155 0.138 0.146 0.135 0.135 -9999 -9999 -9999 -9999 -9999 -9999 -9999 -9999 -9999 -9999 -9999 -9999 -9999 -9999 -9999 -9999
0.432 0.39 0.329 0.372 0.358 0.349 0.442 0.576 0.421 0.355 0.369 0.431 0.474 0.533 0.546 0.521 0.456 0.432 0.536 0.54 0.556 0.503 0.494 0.444 0.426 0.418 0.357 0.359 0.36 0.37 0.356 0.354 0.441 0.431 0.301 0.309 0.326 0.474 0.457 0.442 0.434 0.424 0.341 0.372 0.286 0.251 0.251 0.27 0.236 0.266 0.237 0.178 0.158 0.194 0.178 0.145 0.163 0.129 0.107 0.118 0.116 0.116 0.125 0.128 -9999 -9999 -9999 -9999 -9999 -9999 -9999 -9999 -9999 -9999 -9999 -9999 -9999 -9999
