GIS/bf_11nb_beta.asc
ncols         173
nrows         126
xllcorner     224227.65281
yllcorner     1039207.04677
cellsize      5000
NODATA_value  -9999
[rows 68 to 101 of 126, columns 0 to 77 of 173]
-9999 -9999 -9999 -9999 -9999 -9999 -9999 -9999 -9999 -9999 -9999 -9999 0.48 0.411 0.394 0.392 0.426 0.423 0.432 0.443 0.472 0.48 0.505 0.685 0.507 0.421 0.394 0.426 0.404 0.401 0.33 0.39 0.363 0.373 0.261 0.27 0.318 0.282 0.272 0.259 0.275 0.283 0.301 0.32 0.286 0.295 0.318 0.301 0.305 0.3 0.252 0.261 0.304 0.283 0.305 0.287 0.28 0.319 0.359 0.361 0.297 0.245 0.256 0.266 0.229 0.221 0.218 0.214 0.178 0.196 0.178 0.2 0.207 0.201 0.231 0.192 0.145 0.146
-9999 -9999 -9999 -9999 -9999 -9999 -9999 -9999 0.319 0.37 0.424 0.434 0.457 0.413 0.404 0.466 0.441 0.479 0.46 0.485 0.48 0.421 0.467 0.623 0.497 0.476 0.467 0.42 0.471 0.448 0.406 0.347 0.335 0.366 0.245 0.253 0.301 0.245 0.252 0.236 0.295 0.296 0.317 0.299 0.275 0.236 0.242 0.265 0.29 0.259 0.283 0.263 0.309 0.299 0.281 0.295 0.325 0.313 0.329 0.329 0.239 0.258 0.26 0.272 0.236 0.264 0.287 0.237 0.202 0.193 0.223 0.211 0.219 0.145 0.218 0.2 0.191 0.2
-9999 -9999 -9999 -9999 -9999 -9999 -9999 0.357 0.404 0.41 0.404 0.416 0.454 0.42 0.435 0.421 0.471 0.489 0.562 0.58 0.497 0.472 0.486 0.674 0.545 0.502 0.441 0.407 0.404 0.385 0.348 0.391 0.372 0.304 0.245 0.231 0.243 0.264 0.252 0.209 0.259 0.266 0.272 0.296 0.283 0.249 0.225 0.301 0.29 0.246 0.236 0.306 0.322 0.306 0.291 0.306 0.327 0.314 0.301 0.252 0.228 0.226 0.233 0.304 0.222 0.218 0.221 0.217 0.206 0.228 0.232 0.216 0.187 0.141 0.212 0.206 0.203 0.221
-9999 -9999 -9999 -9999 -9999 -9999 0.317 0.372 0.418 0.404 0.375 0.385 0.46 0.416 0.438 0.609 0.501 0.562 0.494 0.54 0.564 0.473 0.614 0.5 0.5 0.431 0.374 0.357 0.359 0.385 0.392 0.36 0.337 0.252 0.237 0.274 0.235 0.234 0.26 0.243 0.222 0.237 0.231 0.294 0.259 0.206 0.217 0.266 0.23 0.249 0.212 0.313 0.319 0.296 0.281 0.282 0.286 0.28 0.236 0.265 0.338 0.242 0.251 0.305 0.228 0.245 0.224 0.218 0.197 0.238 0.265 0.295 0.251 0.2 0.182 0.201 0.2 0.238
-9999 -9999 -9999 0.219 0.251 0.252 0.266 0.37 0.413 0.356 0.425 0.474 0.467 0.411 0.393 0.415 0.424 0.502 0.536 0.574 0.584 0.526 0.543 0.477 0.452 0.457 0.467 0.38 0.409 0.382 0.398 0.319 0.26 0.251 0.234 0.252 0.227 0.221 0.206 0.206 0.225 0.223 0.202 0.236 0.251 0.2 0.246 0.212 0.221 0.212 0.224 0.264 0.28 0.295 0.295 0.27 0.295 0.311 0.257 0.256 0.307 0.288 0.343 0.289 0.283 0.283 0.254 0.263 0.245 0.226 0.217 0.252 0.245 0.221 0.222 0.216 0.19 0.21
-9999 -9999 -9999 -9999 -9999 0.314 0.372 0.372 0.399 0.366 0.415 0.493 0.521 0.531 0.456 0.426 0.504 0.465 0.523 0.57 0.553 0.543 0.467 0.502 0.474 0.486 0.442 0.424 0.41 0.403 0.35 0.322 0.258 0.236 0.268 0.264 0.237 0.218 0.203 0.201 0.199 0.203 0.234 0.181 0.2 0.196 0.231 0.25 0.216 0.229 0.236 0.289 0.328 0.313 0.296 0.274 0.289 0.236 0.274 0.245 0.265 0.28 0.249 0.223 0.333 0.29 0.264 0.266 0.252 0.25 0.265 0.288 0.261 0.24 0.216 0.222 0.207 0.211
-9999 -9999 -9999 -9999 -9999 -9999 0.358 0.354 0.393 0.358 0.41 0.42 0.541 0.549 0.441 0.492 0.415 0.501 0.536 0.477 0.464 0.526 0.473 0.464 0.439 0.421 0.397 0.424 0.378 0.35 0.283 0.26 0.243 0.251 0.253 0.271 0.237 0.206 0.178 0.178 0.184 0.228 0.229 0.201 0.202 0.213 0.239 0.227 0.211 0.223 0.218 0.277 0.25 0.265 0.255 0.296 0.218 0.219 0.282 0.227 0.199 0.219 0.264 0.263 0.343 0.255 0.283 0.268 0.268 0.268 0.299 0.284 0.236 0.221 0.218 0.234 0.216 0.176
-9999 -9999 -9999 -9999 -9999 -9999 0.372 0.387 0.401 0.413 0.432 0.372 0.349 0.406 0.433 0.442 0.446 0.465 0.472 0.482 0.485 0.499 0.435 0.366 0.344 0.434 0.346 0.358 0.346 0.29 0.221 0.253 0.247 0.27 0.266 0.266 0.197 0.174 0.252 0.207 0.185 0.192 0.184 0.181 0.199 0.177 0.191 0.202 0.19 0.19 0.209 0.259 0.248 0.255 0.292 0.231 0.207 0.264 0.226 0.284 0.245 0.285 0.36 0.359 0.272 0.279 0.261 0.313 0.309 0.316 0.266 0.266 0.216 0.217 0.227 0.217 0.22 0.2
-9999 -9999 -9999 -9999 -9999 0.296 0.304 0.372 0.401 0.382 0.42 0.366 0.394 0.456 0.426 0.489 0.517 0.478 0.483 0.48 0.369 0.356 0.413 0.367 0.366 0.438 0.321 0.323 0.314 0.286 0.206 0.209 0.249 0.227 0.264 0.266 0.19 0.179 0.207 0.186 0.206 0.204 0.204 0.176 0.162 0.174 0.184 0.192 0.185 0.197 0.217 0.245 0.225 0.236 0.203 0.209 0.281 0.235 0.251 0.304 0.207 0.201 0.274 0.274 0.3 0.286 0.301 0.343 0.36 0.301 0.28 0.275 0.23 0.212 0.235 0.234 0.218 0.239
-9999 -9999 -9999 -9999 -9999 -9999 -9999 0.296 0.358 0.389 0.383 0.381 0.413 0.415 0.436 0.442 0.469 0.469 0.483 0.331 0.318 0.257 0.405 0.41 0.304 0.29 0.228 0.255 0.257 0.212 0.246 0.191 0.252 0.214 0.204 0.168 0.219 0.195 0.183 0.167 0.162 0.163 0.183 0.2 0.186 0.2 0.2 0.169 0.186 0.187 0.187 0.192 0.204 0.218 0.217 0.252 0.243 0.274 0.307 0.296 0.209 0.21 0.225 0.299 0.292 0.295 0.309 0.313 0.33 0.372 0.359 0.363 0.272 0.243 0.253 0.249 0.288 0.329
-9999 -9999 -9999 -9999 -9999 -9999 -9999 0.243 0.275 0.304 0.346 0.326 0.36 0.372 0.374 0.416 0.431 0.459 0.432 0.349 0.268 0.28 0.301 0.237 0.211 0.318 0.197 0.234 0.222 0.183 0.216 0.177 0.245 0.216 0.175 0.163 0.181 0.181 0.17 0.176 0.178 0.158 0.16 0.175 0.182 0.187 0.141 0.126 0.138 0.115 0.13 0.178 0.167 0.159 0.211 0.263 0.265 0.274 0.27 0.168 0.178 0.195 0.196 0.187 0.255 0.274 0.252 0.3 0.297 0.37 0.359 0.338 0.322 0.267 0.252 0.255 0.329 0.299
-9999 -9999 -9999 -9999 -9999 -9999 -9999 0.27 0.288 0.272 0.338 0.307 0.329 0.347 0.399 0.505 0.459 0.424 0.37 0.338 0.288 0.266 0.195 0.206 0.195 0.197 0.168 0.169 0.181 0.185 0.177 0.147 0.206 0.177 0.143 0.192 0.23 0.175 0.142 0.178 0.166 0.158 0.157 0.152 0.158 0.146 0.136 0.143 0.128 0.184 0.176 0.2 0.185 0.186 0.203 0.266 0.26 0.248 0.222 0.158 0.174 0.186 0.218 0.23 0.279 0.26 0.297 0.301 0.355 0.371 0.349 0.372 0.332 0.261 0.259 0.316 0.323 0.327
-9999 -9999 -9999 -9999 -9999 -9999 -9999 0.314 0.266 0.296 0.301 0.343 0.326 0.363 0.424 0.415 0.421 0.403 0.366 0.309 0.317 0.241 0.196 0.193 0.207 0.176 0.157 0.143 0.2 0.224 0.172 0.196 0.155 0.171 0.145 0.206 0.216 0.186 0.136 0.146 0.178 0.184 0.174 0.159 0.123 0.178 0.136 0.126 0.162 0.138 0.149 0.177 0.196 0.241 0.202 0.206 0.197 0.192 0.172 0.172 0.168 0.174 0.194 0.217 0.27 0.279 0.276 0.266 0.297 0.295 0.281 0.277 0.278 0.283 0.313 0.3 0.3 0.36
-9999 -9999 -9999 -9999 -9999 -9999 -9999 0.332 0.252 0.216 0.286 0.342 0.345 0.331 0.349 0.384 0.369 0.292 0.26 0.265 0.225 0.197 0.191 0.192 0.172 0.186 0.175 0.197 0.217 0.216 0.184 0.177 0.176 0.171 0.158 0.184 0.205 0.143 0.156 0.176 0.169 0.163 0.146 0.17 0.15 0.145 0.138 0.135 0.172 0.166 0.163 0.178 0.186 0.219 0.191 0.153 0.171 0.167 0.152 0.171 0.158 0.145 0.184 0.202 0.251 0.225 0.264 0.248 0.28 0.24 0.264 0.255 0.25 0.266 0.275 0.275 0.309 0.347
-9999 -9999 -9999 -9999 -9999 -9999 0.258 0.301 0.289 0.195 0.234 0.305 0.393 0.376 0.387 0.363 0.254 0.222 0.222 0.295 0.219 0.23 0.228 0.222 0.147 0.124 0.16 0.182 0.183 0.158 0.145 0.16 0.149 0.165 0.137 0.135 0.16 0.155 0.172 0.158 0.163 0.138 0.126 0.126 0.146 0.163 0.119 0.104 0.143 0.152 0.158 0.178 0.182 0.146 0.136 0.183 0.192 0.158 0.159 0.142 0.165 0.178 0.175 0.224 0.234 0.206 0.269 0.254 0.253 0.264 0.266 0.282 0.255 0.254 0.245 0.286 0.36 0.347
-9999 -9999 -9999 -9999 -9999 -9999 0.237 0.26 0.296 0.288 0.288 0.322 0.328 0.356 0.326 0.286 0.218 0.243 0.279 0.283 0.254 0.254 0.23 0.196 0.15 0.109 0.14 0.14 0.158 0.14 0.143 0.15 0.162 0.174 0.141 0.143 0.158 0.171 0.172 0.17 0.152 0.116 0.128 0.144 0.152 0.136 0.116 0.121 0.157 0.151 0.147 0.14 0.143 0.125 0.128 0.193 0.212 0.166 0.147 0.133 0.152 0.193 0.192 0.2 0.21 0.204 0.239 0.233 0.224 0.243 0.23 0.251 0.245 0.218 0.233 0.25 0.313 0.27
-9999 -9999 -9999 -9999 -9999 -9999 0.264 0.258 0.227 0.255 0.283 0.29 0.298 0.328 0.29 0.247 0.197 0.255 0.24 0.247 0.236 0.251 0.195 0.223 0.163 0.122 0.155 0.149 0.115 0.115 0.113 0.129 0.178 0.158 0.159 0.177 0.181 0.172 0.171 0.145 0.13 0.117 0.118 0.129 0.149 0.126 0.128 0.127 0.147 0.16 0.162 0.178 0.125 0.134 0.146 0.167 0.197 0.169 0.136 0.136 0.196 0.207 0.197 0.2 0.26 0.314 0.22 0.268 0.25 0.25 0.229 0.236 0.225 0.219 0.218 0.216 0.255 0.241
-9999 -9999 -9999 -9999 -9999 0.234 0.234 0.258 0.237 0.266 0.26 0.289 0.266 0.323 0.269 0.264 0.264 0.274 0.236 0.218 0.197 0.169 0.171 0.139 0.13 0.138 0.121 0.129 0.121 0.134 0.138 0.15 0.143 0.126 0.14 0.174 0.161 0.149 0.149 0.136 0.122 0.125 0.118 0.119 0.118 0.146 0.142 0.149 0.178 0.178 0.145 0.146 0.112 0.13 0.157 0.178 0.152 0.139 0.138 0.136 0.177 0.194 0.193 0.203 0.246 0.236 0.238 0.224 0.249 0.239 0.231 0.219 0.2 0.223 0.211 0.216 0.238 0.202
-9999 -9999 -9999 -9999 0.171 0.194 0.252 0.231 0.237 0.23 0.252 0.304 0.306 0.333 0.328 0.346 0.292 0.251 0.228 0.157 0.183 0.141 0.15 0.146 0.129 0.143 0.068 0.083 0.115 0.129 0.143 0.139 0.135 0.126 0.154 0.172 0.152 0.136 0.115 0.118 0.126 0.129 0.135 0.138 0.128 0.167 0.163 0.16 0.165 0.145 0.149 0.145 0.126 0.126 0.128 0.172 0.171 0.138 0.135 0.128 0.161 0.188 0.186 0.202 0.207 0.23 0.239 0.209 0.207 0.213 0.188 0.186 0.192 0.214 0.206 0.206 0.24 0.216
-9999 -9999 -9999 -9999 0.157 0.19 0.207 0.224 0.236 0.296 0.296 0.312 0.286 0.269 0.304 0.274 0.275 0.274 0.242 0.19 0.178 0.161 0.158 0.158 0.141 0.129 0.045 0.05 0.084 0.111 0.112 0.125 0.139 0.138 0.141 0.145 0.149 0.119 0.111 0.114 0.122 0.117 0.117 0.134 0.14 0.138 0.157 0.145 0.15 0.149 0.135 0.116 0.121 0.114 0.102 0.163 0.158 0.149 0.14 0.135 0.139 0.178 0.176 0.172 0.183 0.224 0.199 0.205 0.292 0.2 0.19 0.195 0.188 0.162 0.207 0.221 0.245 0.187
-9999 -9999 0.191 0.209 0.185 0.174 0.225 0.228 0.248 0.3 0.32 0.304 0.264 0.253 0.344 0.29 0.234 0.203 0.24 0.2 0.14 0.146 0.152 0.171 0.123 0.147 0.109 0.115 0.126 0.151 0.149 0.149 0.15 0.162 0.175 0.212 0.172 0.138 0.15 0.167 0.24 0.218 0.158 0.134 0.125 0.131 0.155 0.158 0.175 0.148 0.115 0.118 0.118 0.111 0.1 0.143 0.16 0.14 0.152 0.13 0.138 0.183 0.181 0.163 0.172 0.167 0.196 0.196 0.254 0.228 0.184 0.196 0.178 0.192 0.121 0.186 0.177 0.158
-9999 0.169 0.183 0.204 0.178 0.191 0.195 0.193 0.212 0.24 0.234 0.279 0.264 0.264 0.285 0.234 0.224 0.178 0.245 0.206 0.176 0.163 0.172 0.171 0.158 0.138 0.124 0.143 0.153 0.181 0.204 0.17 0.166 0.203 0.199 0.224 0.188 0.149 0.192 0.165 0.159 0.178 0.178 0.159 0.142 0.163 0.172 0.168 0.139 0.149 0.129 0.143 0.16 0.187 0.184 0.154 0.128 0.134 0.16 0.158 0.142 0.138 0.146 0.145 0.18 0.149 0.131 0.2 0.195 0.178 0.192 0.186 0.195 0.195 0.152 0.19 0.196 0.19
-9999 0.178 0.178 0.19 0.175 0.204 0.255 0.281 0.314 0.272 0.264 0.283 0.292 0.251 0.252 0.243 0.228 0.213 0.206 0.234 0.178 0.158 0.161 0.171 0.172 0.126 0.172 0.196 0.188 0.189 0.213 0.189 0.197 0.195 0.199 0.186 0.186 0.19 0.158 0.135 0.135 0.146 0.184 0.14 0.152 0.206 0.19 0.178 0.159 0.147 0.147 0.141 0.158 0.169 0.166 0.181 0.178 0.178 0.16 0.163 0.17 0.135 0.138 0.143 0.196 0.163 0.149 0.186 0.199 0.194 0.235 0.197 0.2 0.213 0.155 0.171 0.181 0.17
-9999 0.178 0.167 0.168 0.206 0.219 0.224 0.309 0.319 0.327 0.37 0.304 0.307 0.19 0.206 0.25 0.221 0.196 0.169 0.188 0.152 0.158 0.155 0.183 0.147 0.149 0.186 0.196 0.2 0.197 0.216 0.195 0.225 0.193 0.185 0.182 0.209 0.197 0.146 0.158 0.178 0.159 0.178 0.146 0.204 0.19 0.193 0.148 0.13 0.141 0.119 0.145 0.138 0.145 0.19 0.172 0.148 0.17 0.157 -9999 -9999 -9999 -9999 -9999 -9999 -9999 -9999 -9999 -9999 -9999 -9999 -9999 -9999 -9999 -9999 -9999 -9999 -9999
-9999 0.16 0.143 0.157 0.192 0.199 0.192 0.258 0.252 0.299 0.323 0.304 0.27 0.266 0.231 0.232 0.209 0.221 0.14 0.14 0.178 0.141 0.165 0.147 0.158 0.178 0.201 0.202 0.187 0.195 0.207 0.258 0.261 0.235 0.236 0.183 0.158 0.171 0.178 0.163 0.141 0.139 0.176 0.147 0.167 0.21 0.188 0.145 0.158 0.129 0.163 0.163 0.142 0.146 0.194 0.187 0.135 0.16 0.175 -9999 -9999 -9999 -9999 -9999 -9999 -9999 -9999 -9999 -9999 -9999 -9999 -9999 -9999 -9999 -9999 -9999 -9999 -9999
-9999 -9999 0.146 0.172 0.177 0.188 0.224 0.209 0.253 0.284 0.271 0.263 0.235 0.23 0.225 0.236 0.212 0.196 0.169 0.178 0.165 0.177 0.128 0.146 0.192 0.201 0.207 0.201 0.216 0.237 0.206 0.25 0.256 0.228 0.207 0.206 0.187 0.201 0.203 0.161 0.186 0.186 0.202 0.141 0.149 0.233 0.178 0.186 0.167 0.11 0.135 0.159 0.178 0.159 0.172 0.206 0.172 0.175 -9999 -9999 -9999 -9999 -9999 -9999 -9999 -9999 -9999 -9999 -9999 -9999 -9999 -9999 -9999 -9999 -9999 -9999 -9999 -9999
-9999 -9999 0.125 0.153 0.166 0.136 0.19 0.192 0.224 0.235 0.288 0.245 0.207 0.213 0.279 0.222 0.221 0.201 0.186 0.168 0.149 0.131 0.141 0.178 0.224 0.224 0.206 0.229 0.264 0.238 0.22 0.234 0.274 0.217 0.203 0.207 0.209 0.219 0.146 0.145 0.183 0.207 0.226 0.197 0.218 0.224 0.2 0.237 0.192 0.115 0.163 0.159 0.202 0.203 0.19 0.225 0.248 0.193 -9999 -9999 -9999 -9999 -9999 -9999 -9999 -9999 -9999 -9999 -9999 -9999 -9999 -9999 -9999 -9999 -9999 -9999 -9999 -9999
-9999 -9999 0.129 0.143 0.163 0.147 0.163 0.19 0.225 0.235 0.258 0.249 0.175 0.149 0.238 0.219 0.195 0.177 0.177 0.172 0.125 0.143 0.163 0.181 0.235 0.204 0.201 0.238 0.259 0.27 0.264 0.24 0.251 0.241 0.235 0.223 0.177 0.201 0.147 0.171 0.224 0.276 0.232 0.217 0.211 0.234 0.322 0.277 0.246 0.172 0.212 0.168 0.191 0.199 0.194 0.228 0.261 0.24 -9999 -9999 -9999 -9999 -9999 -9999 -9999 -9999 -9999 -9999 -9999 -9999 -9999 -9999 -9999 -9999 -9999 -9999 -9999 -9999
-9999 0.115 0.118 0.126 0.138 0.143 0.17 0.197 0.23 0.24 0.224 0.241 0.186 0.141 0.163 0.183 0.126 0.159 0.135 0.135 0.147 0.182 0.197 0.21 0.222 0.212 0.229 0.228 0.265 0.255 0.246 0.232 0.261 0.266 0.266 0.216 0.168 0.163 0.181 0.199 0.234 0.199 0.175 0.2 0.195 0.236 0.266 0.228 0.227 0.229 0.197 0.207 0.219 0.221 0.209 0.209 0.27 -9999 -9999 -9999 -9999 -9999 -9999 -9999 -9999 -9999 -9999 -9999 -9999 -9999 -9999 -9999 -9999 -9999 -9999 -9999 -9999 -9999
-9999 0.098 0.088 0.087 0.129 0.146 0.153 0.144 0.168 0.202 0.174 0.2 0.178 0.178 0.167 0.157 0.147 0.138 0.126 0.144 0.178 0.185 0.199 0.203 0.203 0.217 0.234 0.263 0.252 0.236 0.264 0.231 0.255 0.227 0.218 0.182 0.166 0.168 0.193 0.228 0.251 0.21 0.192 0.203 0.245 0.254 0.247 0.253 0.258 0.263 0.263 0.296 0.347 0.255 0.299 0.275 0.234 -9999 -9999 -9999 -9999 -9999 -9999 -9999 -9999 -9999 -9999 -9999 -9999 -9999 -9999 -9999 -9999 -9999 -9999 -9999 -9999 -9999
-9999 0.097 0.103 0.094 0.116 0.116 0.143 0.138 0.142 0.131 0.136 0.152 0.158 0.158 0.183 0.122 0.103 0.126 0.162 0.177 0.158 0.165 0.201 0.195 0.207 0.251 0.228 0.245 0.266 0.274 0.25 0.248 0.303 0.246 0.223 0.2 0.202 0.192 0.213 0.235 0.222 0.225 0.207 0.239 0.266 0.301 0.333 0.318 0.328 0.276 0.253 0.286 0.349 0.361 0.36 0.233 -9999 -9999 -9999 -9999 -9999 -9999 -9999 -9999 -9999 -9999 -9999 -9999 -9999 -9999 -9999 -9999 -9999 -9999 -9999 -9999 -9999 -9999
-9999 0.096 0.121 0.088 0.096 0.129 0.145 0.134 0.138 0.126 0.16 0.163 0.136 0.139 0.158 0.138 0.139 0.147 0.176 0.163 0.194 0.157 0.191 0.171 0.187 0.249 0.256 0.287 0.304 0.264 0.261 0.26 0.357 0.266 0.281 0.279 0.287 0.264 0.247 0.241 0.199 0.218 0.229 0.281 0.301 0.323 0.315 0.36 0.355 0.328 0.29 0.3 0.327 0.348 0.304 0.27 0.25 -9999 -9999 -9999 -9999 -9999 -9999 -9999 -9999 -9999 -9999 -9999 -9999 -9999 -9999 -9999 -9999 -9999 -9999 -9999 -9999 -9999
-9999 0.085 0.112 0.112 0.118 0.146 0.141 0.143 0.15 0.143 0.16 0.178 0.131 0.143 0.152 0.126 0.135 0.157 0.17 0.182 0.208 0.184 0.201 0.177 0.207 0.265 0.266 0.287 0.288 0.26 0.252 0.225 0.248 0.282 0.294 0.309 0.337 0.285 0.246 0.25 0.296 0.301 0.301 0.359 0.318 0.241 0.3 0.343 0.343 0.357 0.262 0.274 0.314 0.304 0.307 0.248 0.304 -9999 -9999 -9999 -9999 -9999 -9999 -9999 -9999 -9999 -9999 -9999 -9999 -9999 -9999 -9999 -9999 -9999 -9999 -9999 -9999 -9999
-9999 0.112 0.126 0.107 0.126 0.143 0.163 0.163 0.145 0.149 0.14 0.165 0.139 0.136 0.157 0.129 0.135 0.172 0.178 0.178 0.186 0.199 0.216 0.177 0.192 0.274 0.289 0.261 0.25 0.319 0.307 0.261 0.249 0.259 0.265 0.301 0.36 0.302 0.263 0.274 0.313 0.327 0.317 0.325 0.304 0.29 0.338 0.344 0.314 0.314 0.243 0.314 0.343 0.333 0.31 0.216 0.252 -9999 -9999 -9999 -9999 -9999 -9999 -9999 -9999 -9999 -9999 -9999 -9999 -9999 -9999 -9999 -9999 -9999 -9999 -9999 -9999 -9999
