GIS/bf_11nb_beta.asc
ncols         173
nrows         126
xllcorner     224227.65281
yllcorner     1039207.04677
cellsize      5000
NODATA_value  -9999
[rows 68 to 101 of 126, columns 78 to 155 of 173]
0.175 0.17 0.151 0.146 0.149 0.118 0.102 0.103 0.113 0.115 0.112 0.13 0.119 0.138 0.1 0.125 0.208 0.174 0.174 0.146 0.138 0.135 0.146 0.152 0.127 0.158 0.165 0.152 0.175 0.192 0.236 0.175 0.204 0.128 0.143 0.208 0.227 0.251 0.261 0.263 0.291 0.282 0.337 0.4 0.404 0.385 0.385 0.432 0.478 0.538 0.53 0.521 0.542 0.561 0.454 0.464 0.465 0.45 0.443 0.469 0.467 0.404 0.501 0.379 0.369 0.404 0.402 0.433 0.457 0.366 0.37 0.315 0.301 0.326 0.279 0.252 0.274 0.264
0.194 0.177 0.163 0.14 0.152 0.146 0.125 0.126 0.126 0.125 0.113 0.134 0.149 0.129 0.126 0.15 0.172 0.178 0.186 0.188 0.143 0.15 0.126 0.118 0.135 0.136 0.193 0.175 0.157 0.192 0.183 0.178 0.177 0.175 0.172 0.206 0.192 0.248 0.252 0.264 0.266 0.295 0.316 0.388 0.384 0.424 0.424 0.47 0.465 0.5 0.475 0.519 0.617 0.591 0.506 0.556 0.521 0.533 0.463 0.419 0.437 0.451 0.389 0.421 0.46 0.435 0.386 0.346 0.363 0.366 0.401 0.374 0.368 0.331 0.304 0.301 0.305 0.274
0.237 0.224 0.186 0.17 0.16 0.138 0.125 0.114 0.099 0.108 0.128 0.14 0.141 0.136 0.126 0.142 0.172 0.158 0.172 0.152 0.137 0.117 0.129 0.111 0.143 0.135 0.175 0.198 0.187 0.204 0.186 0.202 0.183 0.197 0.169 0.227 0.264 0.258 0.283 0.3 0.304 0.314 0.274 0.377 0.394 0.46 0.46 0.585 0.542 0.509 0.494 0.518 0.53 0.523 0.538 0.614 0.544 0.473 0.471 0.358 0.321 0.337 0.504 0.49 0.409 0.434 0.414 0.451 0.414 0.403 0.317 0.318 0.354 0.272 0.255 0.297 0.265 0.283
0.237 0.187 0.177 0.159 0.171 0.145 0.139 0.115 0.12 0.124 0.138 0.138 0.146 0.147 0.125 0.129 0.126 0.146 0.14 0.125 0.228 0.174 0.16 0.142 0.158 0.2 0.177 0.191 0.191 0.192 0.206 0.203 0.178 0.176 0.168 0.243 0.269 0.26 0.281 0.313 0.327 0.343 0.306 0.408 0.397 0.467 0.467 0.543 0.547 0.545 0.47 0.555 0.523 0.585 0.555 0.577 0.657 0.537 0.427 0.545 0.518 0.534 0.541 0.501 0.5 0.393 0.426 0.432 0.441 0.451 0.38 0.401 0.342 0.292 0.29 0.311 0.299 0.296
0.203 0.169 0.171 0.174 0.195 0.15 0.128 0.135 0.136 0.129 0.127 0.128 0.149 0.149 0.137 0.109 0.122 0.126 0.15 0.146 0.125 0.143 0.133 0.133 0.155 0.155 0.145 0.19 0.168 0.177 0.163 0.151 0.119 0.16 0.178 0.212 0.225 0.272 0.306 0.299 0.359 0.367 0.327 0.426 0.393 0.4 0.4 0.47 0.533 0.472 0.545 0.56 0.572 0.468 0.498 0.537 0.564 0.524 0.465 0.562 0.597 0.585 0.579 0.537 0.482 0.471 0.424 0.434 0.422 0.434 0.433 0.378 0.265 0.299 0.319 0.274 0.274 0.295
0.219 0.193 0.222 0.224 0.206 0.143 0.124 0.143 0.127 0.129 0.119 0.111 0.118 0.134 0.143 0.113 0.149 0.146 0.138 0.144 0.126 0.125 0.123 0.14 0.141 0.101 0.114 0.172 0.127 0.143 0.102 0.084 0.091 0.149 0.126 0.178 0.202 0.23 0.3 0.349 0.358 0.37 0.394 0.343 0.338 0.356 0.356 0.4 0.46 0.478 0.633 0.542 0.5 0.459 0.472 0.486 0.48 0.407 0.528 0.56 0.597 0.593 0.57 0.501 0.565 0.437 0.433 0.432 0.426 0.423 0.391 0.377 0.325 0.279 0.234 0.267 0.281 0.283
0.235 0.192 0.229 0.224 0.218 0.163 0.17 0.13 0.172 0.211 0.192 0.141 0.114 0.094 0.101 0.128 0.135 0.17 0.15 0.118 0.122 0.129 0.129 0.145 0.167 0.086 0.088 0.143 0.149 0.138 0.116 0.124 0.113 0.118 0.181 0.185 0.228 0.214 0.236 0.255 0.319 0.37 0.348 0.371 0.355 0.324 0.324 0.387 0.447 0.521 0.482 0.505 0.474 0.468 0.517 0.382 0.512 0.488 0.566 0.611 0.614 0.616 0.52 0.479 0.486 0.486 0.461 0.433 0.413 0.397 0.403 0.424 0.39 0.392 0.346 0.234 0.236 0.266
0.195 0.23 0.245 0.258 0.236 0.2 0.224 0.198 0.195 0.192 0.209 0.2 0.145 0.096 0.109 0.141 0.143 0.155 0.178 0.129 0.129 0.142 0.129 0.178 0.066 0.085 0.083 0.114 0.128 0.138 0.118 0.114 0.134 0.126 0.178 0.192 0.237 0.222 0.226 0.249 0.27 0.343 0.311 0.404 0.356 0.357 0.357 0.406 0.421 0.458 0.489 0.481 0.464 0.498 0.36 0.38 0.615 0.571 0.616 0.627 0.569 0.605 0.604 0.543 0.525 0.48 0.393 0.42 0.428 0.404 0.384 0.362 0.393 0.374 0.367 0.346 0.214 0.219
0.265 0.236 0.248 0.27 0.236 0.186 0.143 0.175 0.224 0.193 0.213 0.226 0.218 0.192 0.118 0.123 0.16 0.176 0.149 0.112 0.13 0.158 0.136 0.16 0.083 0.075 0.076 0.114 0.118 0.136 0.126 0.117 0.129 0.138 0.157 0.194 0.183 0.206 0.281 0.221 0.212 0.23 0.279 0.36 0.339 0.322 0.322 0.348 0.401 0.4 0.485 0.463 0.474 0.476 0.301 0.537 0.568 0.516 0.565 0.62 0.618 0.593 0.577 0.565 0.505 0.464 0.433 0.415 0.433 0.432 0.45 0.441 0.434 0.333 0.322 0.274 0.259 0.197
0.299 0.306 0.329 0.305 0.209 0.202 0.212 0.236 0.245 0.217 0.214 0.197 0.203 0.216 0.146 0.14 0.118 0.113 0.149 0.144 0.154 0.15 0.139 0.14 0.111 0.068 0.07 0.097 0.118 0.116 0.101 0.096 0.115 0.143 0.136 0.174 0.172 0.203 0.256 0.251 0.264 0.264 0.255 0.268 0.347 0.373 0.373 0.406 0.404 0.349 0.394 0.459 0.494 0.499 0.311 0.486 0.521 0.512 0.543 0.54 0.573 0.59 0.632 0.507 0.533 0.489 0.457 0.424 0.404 0.411 0.404 0.432 0.404 0.378 0.349 0.286 0.186 0.195
0.33 0.319 0.278 0.264 0.193 0.21 0.234 0.216 0.195 0.207 0.207 0.217 0.181 0.172 0.151 0.118 0.119 0.128 0.145 0.158 0.157 0.138 0.115 0.126 0.114 0.067 0.064 0.058 0.056 0.082 0.072 0.096 0.096 0.118 0.142 0.145 0.186 0.211 0.251 0.219 0.248 0.221 0.263 0.275 0.31 0.344 0.344 0.42 0.4 0.357 0.391 0.423 0.5 0.468 0.317 0.464 0.482 0.509 0.473 0.468 0.536 0.585 0.553 0.472 0.5 0.441 0.451 0.447 0.376 0.434 0.42 0.403 0.4 0.345 0.264 0.27 0.203 0.191
0.319 0.34 0.317 0.26 0.204 0.24 0.26 0.261 0.235 0.186 0.163 0.2 0.196 0.191 0.177 0.109 0.13 0.163 0.163 0.158 0.147 0.125 0.125 0.114 0.133 0.076 0.057 0.053 0.059 0.047 0.055 0.058 0.096 0.112 0.123 0.138 0.158 0.19 0.225 0.218 0.261 0.224 0.263 0.265 0.286 0.337 0.337 0.426 0.463 0.468 0.501 0.469 0.436 0.471 0.354 0.43 0.483 0.504 0.459 0.502 0.486 0.526 0.553 0.46 0.465 0.493 0.492 0.423 0.381 0.421 0.357 0.357 0.357 0.294 0.266 0.254 0.26 0.27
0.395 0.335 0.316 0.261 0.274 0.248 0.234 0.242 0.243 0.187 0.16 0.141 0.158 0.157 0.185 0.138 0.115 0.126 0.136 0.128 0.13 0.123 0.113 0.113 0.111 0.103 0.06 0.052 0.049 0.048 0.052 0.053 0.075 0.114 0.121 0.152 0.143 0.174 0.208 0.236 0.236 0.252 0.269 0.29 0.345 0.343 0.343 0.389 0.45 0.474 0.432 0.404 0.372 0.441 0.424 0.368 0.438 0.488 0.468 0.503 0.45 0.5 0.507 0.464 0.529 0.53 0.472 0.42 0.459 0.345 0.353 0.378 0.317 -9999 -9999 -9999 -9999 0.125
0.369 0.348 0.261 0.26 0.254 0.258 0.275 0.221 0.219 0.201 0.162 0.186 0.168 0.172 0.151 0.158 0.138 0.13 0.13 0.135 0.143 0.16 0.115 0.111 0.112 0.078 0.086 0.088 0.081 0.078 0.063 0.066 0.077 0.096 0.129 0.152 0.133 0.167 0.229 0.235 0.224 0.236 0.265 0.318 0.3 0.317 0.317 0.363 0.427 0.457 0.401 0.378 0.36 0.372 0.471 0.357 0.42 0.467 0.467 0.478 0.463 0.468 0.482 0.485 0.441 0.411 0.439 0.423 0.325 0.338 0.376 0.307 -9999 -9999 -9999 -9999 -9999 -9999
0.346 0.299 0.266 0.254 0.25 0.228 0.222 0.192 0.177 0.177 0.158 0.172 0.152 0.145 0.147 0.197 0.146 0.121 0.126 0.133 0.146 0.158 0.147 0.116 0.111 0.081 0.072 0.086 0.081 0.082 0.066 0.059 0.077 0.101 0.128 0.154 0.115 0.178 0.207 0.213 0.197 0.191 0.21 0.286 0.275 0.301 0.301 0.347 0.415 0.457 0.41 0.445 0.385 0.355 0.33 0.349 0.39 0.446 0.426 0.442 0.445 0.49 0.412 0.457 0.381 0.39 0.394 0.358 0.337 0.385 0.359 0.356 -9999 -9999 -9999 -9999 -9999 -9999
0.294 0.288 0.258 0.258 0.234 0.218 0.206 0.184 0.197 0.178 0.181 0.178 0.143 0.136 0.128 0.141 0.143 0.128 0.128 0.155 0.139 0.118 0.126 0.115 0.089 0.088 0.068 0.073 0.066 0.066 0.08 0.08 0.095 0.125 0.129 0.118 0.14 0.15 0.21 0.206 0.194 0.206 0.236 0.252 0.302 0.322 0.322 0.327 0.37 0.4 0.37 0.356 0.375 0.359 0.275 0.266 0.265 0.306 0.342 0.343 0.413 0.426 0.421 0.42 0.375 0.337 0.326 0.355 0.319 0.308 -9999 0.357 -9999 -9999 -9999 -9999 -9999 -9999
0.252 0.247 0.236 0.245 0.245 0.202 0.207 0.195 0.168 0.158 0.142 0.121 0.149 0.126 0.12 0.118 0.135 0.118 0.146 0.146 0.122 0.107 0.118 0.112 0.082 0.094 0.082 0.075 0.074 0.071 0.081 0.079 0.091 0.115 0.123 0.118 0.119 0.163 0.202 0.215 0.192 0.192 0.232 0.264 0.299 0.265 0.265 0.36 0.373 0.358 0.355 0.349 0.359 0.324 0.272 0.192 0.241 0.358 0.361 0.363 0.327 0.409 0.426 0.421 0.338 0.331 0.39 -9999 -9999 -9999 -9999 -9999 -9999 -9999 -9999 -9999 -9999 -9999
0.207 0.227 0.199 0.24 0.224 0.196 0.195 0.19 0.17 0.129 0.116 0.121 0.125 0.114 0.111 0.104 0.109 0.096 0.136 0.129 0.089 0.078 0.093 0.113 0.081 0.078 0.087 0.067 0.066 0.069 0.074 0.069 0.078 0.1 0.109 0.087 0.115 0.106 0.118 0.129 0.144 0.199 0.237 0.255 0.272 0.281 0.281 0.27 0.301 0.349 0.315 0.309 0.304 0.322 0.228 0.174 0.175 0.234 0.36 0.359 0.29 0.311 0.296 0.325 0.356 0.349 0.385 0.43 -9999 -9999 -9999 -9999 -9999 -9999 -9999 -9999 -9999 -9999
0.196 0.292 0.243 0.27 0.296 0.308 0.172 0.167 0.149 0.174 0.163 0.196 0.199 0.158 0.112 0.093 0.103 0.092 0.097 0.094 0.1 0.086 0.069 0.066 0.086 0.071 0.064 0.062 0.053 0.046 0.056 0.064 0.08 0.083 0.08 0.109 0.109 0.103 0.103 0.112 0.143 0.158 0.201 0.225 0.224 0.266 0.266 0.241 0.289 0.283 0.3 0.314 0.299 0.3 0.265 0.144 0.167 0.181 0.206 0.23 0.249 0.252 0.27 0.296 0.39 0.413 0.421 -9999 -9999 -9999 -9999 -9999 -9999 -9999 -9999 -9999 -9999 -9999
0.175 0.24 0.245 0.299 0.288 0.252 0.163 0.182 0.176 0.197 0.163 0.219 0.203 0.172 0.178 0.112 0.091 0.063 0.091 0.091 0.088 0.074 0.067 0.07 0.07 0.055 0.06 0.063 0.065 0.059 0.056 0.063 0.081 0.096 0.088 0.096 0.046 -9999 -9999 -9999 -9999 0.186 0.208 0.195 0.237 0.255 0.255 0.266 0.296 0.243 0.241 0.22 0.323 0.309 0.31 0.206 0.141 0.155 0.172 0.199 0.337 0.264 0.349 0.288 0.415 0.387 -9999 -9999 -9999 -9999 -9999 -9999 -9999 -9999 -9999 -9999 -9999 -9999
0.176 0.178 0.165 0.181 0.178 0.236 0.27 0.221 0.208 0.172 0.147 0.147 0.151 0.171 0.146 0.092 0.094 0.081 0.083 0.074 0.064 0.052 0.052 0.054 0.064 0.06 0.048 0.059 0.07 0.064 0.054 0.074 0.078 -9999 -9999 -9999 -9999 -9999 -9999 -9999 -9999 -9999 -9999 -9999 -9999 -9999 0.238 0.248 0.265 0.266 0.213 0.241 0.283 0.288 0.274 0.245 0.158 0.145 0.158 0.178 0.251 0.346 0.424 0.274 -9999 0.378 0.346 -9999 -9999 -9999 -9999 -9999 -9999 -9999 -9999 -9999 -9999 -9999
0.201 0.199 0.186 0.16 0.184 0.171 0.245 0.209 0.209 0.178 0.15 0.143 0.144 0.178 0.126 0.088 0.089 0.087 0.075 0.066 0.046 0.049 0.05 0.056 0.059 0.056 0.054 0.057 0.065 0.066 0.065 0.069 0.064 -9999 -9999 -9999 -9999 -9999 -9999 -9999 -9999 -9999 -9999 -9999 -9999 -9999 -9999 -9999 -9999 -9999 -9999 0.251 0.295 0.31 0.328 0.249 0.304 0.269 0.146 0.183 0.328 0.349 0.392 -9999 -9999 -9999 -9999 -9999 -9999 -9999 -9999 -9999 -9999 -9999 -9999 -9999 -9999 -9999
0.168 0.202 0.162 0.176 0.178 0.141 0.186 0.182 -9999 -9999 -9999 -9999 0.129 0.112 0.084 0.082 0.087 0.076 -9999 -9999 0.053 0.051 0.049 0.053 -9999 0.052 0.057 0.061 0.064 0.066 0.058 0.047 -9999 -9999 -9999 -9999 -9999 -9999 -9999 -9999 -9999 -9999 -9999 -9999 -9999 -9999 -9999 -9999 -9999 -9999 -9999 -9999 -9999 0.221 0.296 0.246 -9999 -9999 -9999 -9999 -9999 -9999 -9999 -9999 -9999 -9999 -9999 -9999 -9999 -9999 -9999 -9999 -9999 -9999 -9999 -9999 -9999 -9999
-9999 -9999 -9999 -9999 -9999 -9999 -9999 -9999 -9999 -9999 -9999 -9999 -9999 -9999 -9999 -9999 -9999 -9999 -9999 -9999 -9999 -9999 -9999 -9999 -9999 -9999 -9999 -9999 0.066 0.066 -9999 -9999 -9999 -9999 -9999 -9999 -9999 -9999 -9999 -9999 -9999 -9999 -9999 -9999 -9999 -9999 -9999 -9999 -9999 -9999 -9999 -9999 -9999 -9999 -9999 -9999 -9999 -9999 -9999 -9999 -9999 -9999 -9999 -9999 -9999 -9999 -9999 -9999 -9999 -9999 -9999 -9999 -9999 -9999 -9999 -9999 -9999 -9999
-9999 -9999 -9999 -9999 -9999 -9999 -9999 -9999 -9999 -9999 -9999 -9999 -9999 -9999 -9999 -9999 -9999 -9999 -9999 -9999 -9999 -9999 -9999 -9999 -9999 -9999 -9999 -9999 -9999 0.057 -9999 -9999 -9999 -9999 -9999 -9999 -9999 -9999 -9999 -9999 -9999 -9999 -9999 -9999 -9999 -9999 -9999 -9999 -9999 -9999 -9999 -9999 -9999 -9999 -9999 -9999 -9999 -9999 -9999 -9999 -9999 -9999 -9999 -9999 -9999 -9999 -9999 -9999 -9999 -9999 -9999 -9999 -9999 -9999 -9999 -9999 -9999 -9999
-9999 -9999 -9999 -9999 -9999 -9999 -9999 -9999 -9999 -9999 -9999 -9999 -9999 -9999 -9999 -9999 -9999 -9999 -9999 -9999 -9999 -9999 -9999 -9999 -9999 -9999 -9999 -9999 -9999 -9999 -9999 -9999 -9999 -9999 -9999 -9999 -9999 -9999 -9999 -9999 -9999 -9999 -9999 -9999 -9999 -9999 -9999 -9999 -9999 -9999 -9999 -9999 -9999 -9999 -9999 -9999 -9999 -9999 -9999 -9999 -9999 -9999 -9999 -9999 -9999 -9999 -9999 -9999 -9999 -9999 -9999 -9999 -9999 -9999 -9999 -9999 -9999 -9999
-9999 -9999 -9999 -9999 -9999 -9999 -9999 -9999 -9999 -9999 -9999 -9999 -9999 -9999 -9999 -9999 -9999 -9999 -9999 -9999 -9999 -9999 -9999 -9999 -9999 -9999 -9999 -9999 -9999 -9999 -9999 -9999 -9999 -9999 -9999 -9999 -9999 -9999 -9999 -9999 -9999 -9999 -9999 -9999 -9999 -9999 -9999 -9999 -9999 -9999 -9999 -9999 -9999 -9999 -9999 -9999 -9999 -9999 -9999 -9999 -9999 -9999 -9999 -9999 -9999 -9999 -9999 -9999 -9999 -9999 -9999 -9999 -9999 -9999 -9999 -9999 -9999 -9999
-9999 -9999 -9999 -9999 -9999 -9999 -9999 -9999 -9999 -9999 -9999 -9999 -9999 -9999 -9999 -9999 -9999 -9999 -9999 -9999 -9999 -9999 -9999 -9999 -9999 -9999 -9999 -9999 -9999 -9999 -9999 -9999 -9999 -9999 -9999 -9999 -9999 -9999 -9999 -9999 -9999 -9999 -9999 -9999 -9999 -9999 -9999 -9999 -9999 -9999 -9999 -9999 -9999 -9999 -9999 -9999 -9999 -9999 -9999 -9999 -9999 -9999 -9999 -9999 -9999 -9999 -9999 -9999 -9999 -9999 -9999 -9999 -9999 -9999 -9999 -9999 -9999 -9999
-9999 -9999 -9999 -9999 -9999 -9999 -9999 -9999 -9999 -9999 -9999 -9999 -9999 -9999 -9999 -9999 -9999 -9999 -9999 -9999 -9999 -9999 -9999 -9999 -9999 -9999 -9999 -9999 -9999 -9999 -9999 -9999 -9999 -9999 -9999 -9999 -9999 -9999 -9999 -9999 -9999 -9999 -9999 -9999 -9999 -9999 -9999 -9999 -9999 -9999 -9999 -9999 -9999 -9999 -9999 -9999 -9999 -9999 -9999 -9999 -9999 -9999 -9999 -9999 -9999 -9999 -9999 -9999 -9999 -9999 -9999 -9999 -9999 -9999 -9999 -9999 -9999 -9999
-9999 -9999 -9999 -9999 -9999 -9999 -9999 -9999 -9999 -9999 -9999 -9999 -9999 -9999 -9999 -9999 -9999 -9999 -9999 -9999 -9999 -9999 -9999 -9999 -9999 -9999 -9999 -9999 -9999 -9999 -9999 -9999 -9999 -9999 -9999 -9999 -9999 -9999 -9999 -9999 -9999 -9999 -9999 -9999 -9999 -9999 -9999 -9999 -9999 -9999 -9999 -9999 -9999 -9999 -9999 -9999 -9999 -9999 -9999 -9999 -9999 -9999 -9999 -9999 -9999 -9999 -9999 -9999 -9999 -9999 -9999 -9999 -9999 -9999 -9999 -9999 -9999 -9999
-9999 -9999 -9999 -9999 -9999 -9999 -9999 -9999 -9999 -9999 -9999 -9999 -9999 -9999 -9999 -9999 -9999 -9999 -9999 -9999 -9999 -9999 -9999 -9999 -9999 -9999 -9999 -9999 -9999 -9999 -9999 -9999 -9999 -9999 -9999 -9999 -9999 -9999 -9999 -9999 -9999 -9999 -9999 -9999 -9999 -9999 -9999 -9999 -9999 -9999 -9999 -9999 -9999 -9999 -9999 -9999 -9999 -9999 -9999 -9999 -9999 -9999 -9999 -9999 -9999 -9999 -9999 -9999 -9999 -9999 -9999 -9999 -9999 -9999 -9999 -9999 -9999 -9999
-9999 -9999 -9999 -9999 -9999 -9999 -9999 -9999 -9999 -9999 -9999 -9999 -9999 -9999 -9999 -9999 -9999 -9999 -9999 -9999 -9999 -9999 -9999 -9999 -9999 -9999 -9999 -9999 -9999 -9999 -9999 -9999 -9999 -9999 -9999 -9999 -9999 -9999 -9999 -9999 -9999 -9999 -9999 -9999 -9999 -9999 -9999 -9999 -9999 -9999 -9999 -9999 -9999 -9999 -9999 -9999 -9999 -9999 -9999 -9999 -9999 -9999 -9999 -9999 -9999 -9999 -9999 -9999 -9999 -9999 -9999 -9999 -9999 -9999 -9999 -9999 -9999 -9999
-9999 -9999 -9999 -9999 -9999 -9999 -9999 -9999 -9999 -9999 -9999 -9999 -9999 -9999 -9999 -9999 -9999 -9999 -9999 -9999 -9999 -9999 -9999 -9999 -9999 -9999 -9999 -9999 -9999 -9999 -9999 -9999 -9999 -9999 -9999 -9999 -9999 -9999 -9999 -9999 -9999 -9999 -9999 -9999 -9999 -9999 -9999 -9999 -9999 -9999 -9999 -9999 -9999 -9999 -9999 -9999 -9999 -9999 -9999 -9999 -9999 -9999 -9999 -9999 -9999 -9999 -9999 -9999 -9999 -9999 -9999 -9999 -9999 -9999 -9999 -9999 -9999 -9999
-9999 -9999 -9999 -9999 -9999 -9999 -9999 -9999 -9999 -9999 -9999 -9999 -9999 -9999 -9999 -9999 -9999 -9999 -9999 -9999 -9999 -9999 -9999 -9999 -9999 -9999 -9999 -9999 -9999 -9999 -9999 -9999 -9999 -9999 -9999 -9999 -9999 -9999 -9999 -9999 -9999 -9999 -9999 -9999 -9999 -9999 -9999 -9999 -9999 -9999 -9999 -9999 -9999 -9999 -9999 -9999 -9999 -9999 -9999 -9999 -9999 -9999 -9999 -9999 -9999 -9999 -9999 -9999 -9999 -9999 -9999 -9999 -9999 -9999 -9999 -9999 -9999 -9999
