GIS/bf_pfpr_raster.asc
ncols         173
nrows         126
xllcorner     224227.65281
yllcorner     1039207.04677
cellsize      5000
NODATA_value  -9999
[rows 54 to 80 of 126, columns 61 to 121 of 173]
0.3159805 0.3365638 0.3284603 0.2982315 0.2990884 0.3168507 0.3150146 0.2622662 0.2825108 0.2623039 0.2708016 0.2837549 0.2942894 0.2787808 0.27297 0.2632056 0.2639134 0.2522965 0.2297233 0.2162249 0.2298091 0.2086362 0.1908731 0.1863504 0.1825701 0.1704408 0.1607307 0.1582712 0.16205 0.1643744 0.199851 0.1921725 0.1999997 0.1909193 0.1671392 0.1789812 0.1821893 0.2201822 0.2368774 0.2811331 0.3041024 0.316748 0.3386424 0.3390769 0.3505686 0.3974538 0.3951205 0.3483744 0.4030647 0.3905519 0.410832 0.4159609 0.3962356 0.3805023 0.4106975 0.4130643 0.3663893 0.2684845 0.3393501 0.3318142 0.3404425
0.3537344 0.3373751 0.3084551 0.3004144 0.308797 0.3048108 0.297016 0.2714973 0.2672848 0.2554155 0.2248297 0.2359417 0.2636537 0.2473158 0.2299325 0.2251877 0.2235864 0.2326216 0.2088931 0.1780989 0.1792038 0.1691125 0.1578153 0.1641119 0.1734403 0.1541343 0.1543457 0.1457391 0.1632213 0.1480031 0.1676078 0.1798575 0.1736255 0.1795777 0.1931588 0.1777345 0.1945107 0.2409723 0.2413628 0.235874 0.2705634 0.2793744 0.3158871 0.3431239 0.3760456 0.4164084 0.4184857 0.3726958 0.3919895 0.3859053 0.4121492 0.4017943 0.4008414 0.34881 0.3860669 0.3171183 0.2961921 0.2620243 0.3229672 0.3295805 0.3436094
0.360286 0.3470035 0.3405612 0.3295485 0.3190011 0.2896522 0.2794326 0.2875147 0.2856344 0.2848435 0.2757459 0.2527884 0.2232431 0.2195015 0.2197555 0.2027795 0.2000965 0.2003675 0.1932934 0.1886 0.1771002 0.1877489 0.1713551 0.1617211 0.1732253 0.1572521 0.1514623 0.1253738 0.1260585 0.1586087 0.1713837 0.1680952 0.2036682 0.2131376 0.2275737 0.1960974 0.2005307 0.2561958 0.2611585 0.2769655 0.2729155 0.2895451 0.315669 0.3622947 0.3780479 0.3819174 0.3839031 0.3676968 0.364131 0.39253 0.3907149 0.3886521 0.3378075 0.3464672 0.3384025 0.3332913 0.3556412 0.3354334 0.3297666 0.3926868 0.3893675
0.3530869 0.3623886 0.34194 0.3242309 0.3439419 0.2986104 0.276733 0.3072663 0.2924944 0.2780548 0.2890343 0.2730096 0.2264554 0.2423948 0.2219148 0.2314013 0.207475 0.2082728 0.2045864 0.2046901 0.1789431 0.1796112 0.1667783 0.1713575 0.1341259 0.1377429 0.1727234 0.146714 0.115556 0.1315434 0.1810494 0.2063359 0.2324419 0.2297213 0.1838261 0.1827796 0.205278 0.2391485 0.2646147 0.2676588 0.2889857 0.3295266 0.3583686 0.3818966 0.3777781 0.3738642 0.3728909 0.356737 0.3214926 0.3581235 0.3387722 0.3435141 0.3448463 0.3625101 0.3918705 0.3986119 0.3495935 0.3319462 0.2800636 0.2996462 0.4120238
0.3384097 0.3595338 0.3682868 0.3411936 0.3505717 0.32741 0.3057334 0.3045853 0.2819121 0.2766411 0.2913899 0.273853 0.2723676 0.2833202 0.2589274 0.2163568 0.2485588 0.2310154 0.2040199 0.2207827 0.1776576 0.1766148 0.1624244 0.1716525 0.1619989 0.1486702 0.1516107 0.1442123 0.1176095 0.1186874 0.1787902 0.2002739 0.2139215 0.2385173 0.2192508 0.1746075 0.1897073 0.2372411 0.2733126 0.2622051 0.2930261 0.3191271 0.3381844 0.3459995 0.3559664 0.3391169 0.3330865 0.3345412 0.3406372 0.3298486 0.3296266 0.344984 0.3569229 0.3770439 0.4055397 0.3857436 0.3399971 0.3195188 0.2823499 0.2903859 0.3987279
0.3452012 0.339461 0.3136238 0.3171604 0.3106219 0.3189649 0.2694787 0.2742546 0.2864965 0.2860371 0.297145 0.2909966 0.2925731 0.2825752 0.2658991 0.2352557 0.2229972 0.1967503 0.2118686 0.2120389 0.1915366 0.1663384 0.1792382 0.1707916 0.1585181 0.1353926 0.1388554 0.1247429 0.1429989 0.1637038 0.1685601 0.2027943 0.2275798 0.2403291 0.2396637 0.2498493 0.2581958 0.2736403 0.2635075 0.2681584 0.2943998 0.3073945 0.3446892 0.3416953 0.3495632 0.3339478 0.326035 0.3199734 0.3952506 0.3431908 0.3389505 0.3273214 0.3662751 0.3581145 0.3761247 0.3386631 0.3178996 0.304876 0.3404149 0.3381771 0.4043394
0.3664095 0.3398608 0.3324599 0.2965078 0.2997839 0.2983015 0.2968264 0.2752026 0.3079619 0.2809677 0.290951 0.3165841 0.2757138 0.2652263 0.2476033 0.2537818 0.2111771 0.1917411 0.2206202 0.2210532 0.205425 0.1915304 0.1781999 0.1580025 0.1388618 0.08499776 0.07973319 0.08527233 0.1059345 0.1612285 0.1765237 0.2228717 0.2413442 0.2506621 0.254014 0.2441568 0.2599822 0.264298 0.2632418 0.2910698 0.2860028 0.2952577 0.308069 0.3083905 0.3298285 0.3350661 0.371726 0.3701367 0.3854372 0.2949746 0.3246407 0.3342366 0.3488551 0.3613115 0.3847196 0.3540218 0.3378746 0.3597249 0.3659733 0.4061693 0.4097854
0.3787262 0.3530081 0.3310674 0.2830842 0.3052308 0.2975138 0.2950155 0.3142442 0.3156542 0.3030335 0.3147155 0.3056972 0.2638104 0.2774723 0.2724782 0.2736027 0.2671175 0.2454332 0.2593655 0.237013 0.2075756 0.187634 0.1907434 0.1644288 0.1291974 0.08107738 0.08142188 0.0799939 0.1238433 0.1495615 0.1881573 0.2206925 0.2470032 0.262372 0.2642447 0.2390539 0.2483587 0.2577904 0.2598942 0.3051173 0.2914082 0.2832401 0.2900542 0.3227114 0.3537693 0.3399506 0.3905307 0.3768077 0.3570594 0.3456225 0.3345924 0.361053 0.365315 0.3853203 0.3922205 0.3800602 0.3819828 0.3725709 0.3932849 0.4067064 0.4261084
0.3913715 0.374798 0.363995 0.3064133 0.2818896 0.2851378 0.2999915 0.3152097 0.3360626 0.3233378 0.2778169 0.2943295 0.2604032 0.2760086 0.2890498 0.2829368 0.2791135 0.2751944 0.2504342 0.2455079 0.2237677 0.2158587 0.169804 0.1483542 0.1364243 0.0985273 0.09405554 0.1242228 0.1583455 0.1666253 0.196951 0.2402858 0.2389196 0.2563621 0.2880977 0.2422576 0.2459643 0.2607675 0.2593099 0.3189034 0.2753561 0.248244 0.3013018 0.3403406 0.3503658 0.3679677 0.3703884 0.3736531 0.3753802 0.3735602 0.3317527 0.3783168 0.3561991 0.3586031 0.3916834 0.3964243 0.4255511 0.3942994 0.3748569 0.4242863 0.4402187
0.4248235 0.3858489 0.3553694 0.3365493 0.3157433 0.2777727 0.3002395 0.2666814 0.2423873 0.3075356 0.3013241 0.3021676 0.2746964 0.2844491 0.2785073 0.2973062 0.2864231 0.2741307 0.2549851 0.2474984 0.2300827 0.2149378 0.1801207 0.1854768 0.1716389 0.1709009 0.1596828 0.1622752 0.1923336 0.1959687 0.2037454 0.2720178 0.235623 0.2462728 0.2771686 0.2518775 0.2663531 0.2765954 0.2756362 0.3055248 0.2676939 0.2634322 0.3060077 0.3297703 0.3574484 0.3489711 0.3476795 0.3511534 0.3418696 0.3427854 0.3012822 0.3407779 0.3426672 0.374258 0.3949124 0.4037211 0.3954449 0.3994112 0.4084353 0.4481343 0.4457467
0.4500325 0.3772942 0.3671867 0.347386 0.299064 0.2939236 0.3174753 0.2768581 0.2374951 0.304214 0.3244326 0.3122326 0.2893252 0.2956482 0.2788556 0.2832567 0.2839248 0.288842 0.27989 0.2642362 0.2382772 0.2097915 0.1943721 0.2189627 0.1871926 0.1728467 0.1681195 0.2007833 0.2028332 0.2028834 0.1835813 0.2408678 0.2389015 0.2319262 0.2558724 0.2404161 0.2823141 0.2813767 0.2775003 0.2970753 0.3190866 0.3233033 0.3247729 0.3477004 0.3480742 0.3505187 0.3582644 0.3374838 0.327908 0.3247949 0.2828637 0.2510091 0.3139311 0.371878 0.3545199 0.3761759 0.3982013 0.421576 0.4337291 0.4233049 0.4282023
0.3750842 0.3839606 0.3980731 0.3494399 0.3275062 0.3106358 0.3446988 0.3495246 0.3136311 0.3126074 0.3381861 0.3091454 0.3044061 0.29166 0.2925383 0.2965916 0.2762689 0.2811334 0.2576982 0.2404003 0.2466795 0.2287741 0.227603 0.2127551 0.1981727 0.2040426 0.1893023 0.2304117 0.2055357 0.2121349 0.2287828 0.2675516 0.280039 0.2673892 0.2497583 0.2629526 0.2538186 0.2570098 0.2726429 0.2817113 0.3257617 0.3115548 0.3093432 0.3168723 0.3306971 0.3516227 0.3225 0.3144306 0.2660463 0.2841119 0.3023347 0.3324183 0.3626711 0.3371596 0.3667989 0.3841104 0.4075085 0.3957528 0.3876574 0.4094717 0.4333558
0.4115322 0.3814656 0.3612488 0.3395125 0.3539632 0.3729764 0.3619582 0.351763 0.3445491 0.3305465 0.2901527 0.3460726 0.3243743 0.3259943 0.3252894 0.3002127 0.2901939 0.2809756 0.2705967 0.2835652 0.2755906 0.2758236 0.2683962 0.2508087 0.2320264 0.2267519 0.2341941 0.2364881 0.2442204 0.2309669 0.2267503 0.2610547 0.2932315 0.2957712 0.2684382 0.3119408 0.2907712 0.2555074 0.2625786 0.2905775 0.291169 0.2913496 0.2956922 0.342468 0.3324727 0.3318112 0.3286491 0.2954182 0.2645972 0.2954679 0.2894128 0.3606648 0.347189 0.3281426 0.37659 0.4012727 0.3893355 0.3563803 0.3539545 0.4200754 0.437073
0.3855641 0.3952253 0.3656063 0.3621134 0.366404 0.3587619 0.3452854 0.3365617 0.3361799 0.2936317 0.3274182 0.3420783 0.3362412 0.3364411 0.3367656 0.2755486 0.2724047 0.2799485 0.2953514 0.2926898 0.2918059 0.2978211 0.2733697 0.2503361 0.2260323 0.2320592 0.2522644 0.246769 0.2457961 0.2432069 0.2410129 0.2408962 0.2979172 0.3128468 0.251413 0.2595795 0.30429 0.260061 0.2569139 0.305979 0.3078654 0.3002125 0.2897842 0.3123687 0.3038138 0.29373 0.30431 0.3283456 0.3174563 0.3384315 0.3110065 0.3117035 0.3580676 0.3665953 0.371076 0.3833038 0.3908104 0.4068495 0.3544692 0.4335634 0.4547048
0.3731436 0.3838313 0.3886542 0.3602042 0.3599416 0.3590051 0.3522953 0.3193032 0.3364181 0.3193386 0.3411863 0.3497287 0.343187 0.3691789 0.3400272 0.3003634 0.2965754 0.3226372 0.3129807 0.2991433 0.2973527 0.2929599 0.2648735 0.2446176 0.2457433 0.2563385 0.2587828 0.254236 0.2787464 0.2678151 0.286085 0.2387071 0.2719232 0.3503021 0.3261854 0.3252764 0.2978213 0.2854548 0.2830543 0.2963455 0.3038138 0.2776451 0.3091092 0.3135838 0.3039202 0.3223671 0.3396418 0.3663642 0.3225528 0.3427987 0.2807746 0.2901533 0.3505123 0.3627661 0.3773698 0.3825637 0.3861924 0.4027007 0.3998092 0.4313464 0.4598051
0.3801161 0.3844608 0.3941 0.3673372 0.3871519 0.4028124 0.3677935 0.3421151 0.3376631 0.3529683 0.3508239 0.3576373 0.3014407 0.3590721 0.3414031 0.3359806 0.3408327 0.3343676 0.326373 0.3105672 0.2924106 0.303897 0.297866 0.2713792 0.2737511 0.27289 0.2708144 0.2571112 0.2821558 0.2929747 0.2755499 0.2744505 0.2999681 0.3177834 0.3197917 0.3309104 0.3286528 0.2906125 0.2992803 0.2745446 0.2659375 0.2824658 0.2889707 0.3379377 0.3223795 0.3042976 0.3393971 0.3244612 0.3201808 0.326241 0.3224552 0.3166813 0.348007 0.3404308 0.3754226 0.3818978 0.38798 0.3900304 0.407246 0.4169581 0.4542204
0.3607466 0.3696907 0.4106896 0.3616363 0.3592573 0.3596918 0.3566196 0.3477616 0.3630852 0.36932 0.3557287 0.3345496 0.29608 0.3540184 0.3472897 0.3462684 0.3594749 0.3675899 0.3552347 0.3312476 0.3129643 0.3068856 0.2854348 0.270963 0.2614001 0.239815 0.251587 0.2807762 0.2924517 0.2953087 0.2879949 0.2723633 0.291116 0.3180038 0.3079297 0.3178895 0.3034004 0.2878311 0.2625918 0.276751 0.2525187 0.2905841 0.2839798 0.3222639 0.3419029 0.3345202 0.342548 0.3309453 0.3424071 0.3247997 0.3381647 0.3156903 0.3624296 0.387788 0.3795918 0.3987655 0.4084047 0.4110323 0.408821 0.3965533 0.4555985
0.3735168 0.3772351 0.4098382 0.3629201 0.372174 0.354679 0.3591232 0.3384463 0.3702323 0.392074 0.4069947 0.3776897 0.340945 0.3291145 0.3435159 0.3409757 0.3701583 0.3676247 0.3346564 0.3265201 0.3057055 0.3147351 0.300748 0.2871301 0.2590541 0.2694897 0.2701803 0.2854053 0.286349 0.2963812 0.2984835 0.2711858 0.2767853 0.2744901 0.2965966 0.2918178 0.2709019 0.3632659 0.3254781 0.3071775 0.2913092 0.3080811 0.3408991 0.3271063 0.336013 0.3354879 0.3401916 0.3486002 0.3462795 0.3190353 0.3239374 0.3221679 0.3742599 0.3931196 0.3847207 0.4003542 0.4158743 0.4223835 0.428905 0.4152076 0.4680273
0.3985554 0.4287081 0.4034433 0.3989565 0.399426 0.3866538 0.3862802 0.372812 0.3609092 0.3570202 0.381991 0.372562 0.3600308 0.361832 0.3557144 0.3322089 0.3533385 0.3461143 0.3160001 0.3152235 0.3257841 0.343753 0.2995919 0.2797544 0.2829314 0.2892373 0.2761056 0.2776128 0.2798232 0.2938946 0.2939495 0.2878495 0.2499009 0.2704865 0.2728549 0.2994735 0.2970918 0.2714256 0.2905891 0.2810762 0.2810094 0.3028626 0.3026349 0.301416 0.3318794 0.3218982 0.3272494 0.311758 0.2991792 0.2668451 0.3060612 0.3189147 0.3539384 0.3653266 0.3943192 0.4156981 0.4061699 0.4422204 0.4431614 0.4224312 0.4724739
0.4000584 0.3790339 0.3528952 0.4284349 0.4048486 0.3871416 0.389148 0.3812735 0.3768049 0.391666 0.3978286 0.3822453 0.3740758 0.3564918 0.3618215 0.3499172 0.3508545 0.3579161 0.3378238 0.3614989 0.3550496 0.3483545 0.2896237 0.2698857 0.2897972 0.277703 0.2775175 0.2670331 0.2517378 0.2644488 0.2821933 0.2910357 0.2569466 0.2929845 0.2974414 0.2857827 0.2946585 0.2728838 0.2714714 0.2681929 0.2926302 0.2951781 0.2432321 0.262116 0.3169665 0.2778194 0.2903279 0.2445706 0.2184007 0.2273683 0.2931068 0.2751568 0.3211464 0.3419915 0.364682 0.4085625 0.4326025 0.4430178 0.4466367 0.4590088 0.4287275
0.3581239 0.3882619 0.3863749 0.4289307 0.3856901 0.3988162 0.3934385 0.393636 0.3934326 0.4066071 0.4023769 0.3669287 0.359752 0.3590384 0.3713857 0.3563077 0.3238308 0.3636321 0.3394713 0.3604031 0.3543483 0.3584122 0.3109338 0.3129364 0.2792112 0.3176247 0.3508827 0.3392502 0.2948821 0.2614555 0.2307134 0.2437154 0.2803469 0.2844838 0.3128259 0.3000645 0.2656037 0.2705368 0.2758021 0.2763327 0.3006192 0.3140137 0.2178671 0.226029 0.2907773 0.2938828 0.2850383 0.2630598 0.2702096 0.2566206 0.2653189 0.3296613 0.3331025 0.363084 0.3518852 0.367029 0.3854065 0.4194033 0.4466687 0.436046 0.4458472
0.394717 0.4406848 0.4422125 0.3944087 0.3946638 0.382585 0.4159672 0.4140404 0.4168141 0.3900654 0.3901733 0.3559452 0.3566197 0.3626818 0.3566848 0.3611492 0.3412978 0.3443002 0.3645143 0.372247 0.3796393 0.3660932 0.3411807 0.3547341 0.3417973 0.3447449 0.3396612 0.3510723 0.3411594 0.3009346 0.2346654 0.2498041 0.2954938 0.2900628 0.302699 0.3195294 0.2756518 0.2767399 0.2912331 0.2761989 0.3210449 0.1875518 0.2193216 0.2148414 0.2619779 0.2802188 0.2856738 0.2656524 0.2617292 0.282141 0.2743897 0.3193314 0.3399836 0.3681226 0.3621491 0.3609327 0.3792438 0.3910283 0.4291077 0.4132692 0.4631232
0.3433903 0.3961836 0.3956608 0.4085653 0.4038388 0.4114688 0.4285083 0.4401572 0.4121517 0.4001341 0.3954277 0.3647245 0.3539925 0.3640245 0.371335 0.3590035 0.3699959 0.3912808 0.3667669 0.375539 0.3903618 0.3661224 0.3314715 0.2910593 0.322749 0.3544462 0.3373744 0.3525551 0.3608621 0.3584869 0.3401147 0.2649739 0.2683885 0.3059833 0.324298 0.2936338 0.2553965 0.2788251 0.3098081 0.2890868 0.3068233 0.2136233 0.2036515 0.2018535 0.2617753 0.266491 0.2879644 0.2735564 0.2623861 0.2766779 0.2847034 0.3050148 0.3343103 0.3247996 0.3483801 0.4008045 0.3595183 0.3542947 0.3645953 0.3945985 0.4413172
0.353149 0.3656877 0.4062947 0.3972788 0.4075937 0.4137843 0.4160537 0.4260923 0.4476394 0.4423772 0.4451537 0.3941005 0.3744117 0.3809858 0.379154 0.3980175 0.4221685 0.4060498 0.4154664 0.4221634 0.4098785 0.3514238 0.3420027 0.3537261 0.3671398 0.3720231 0.3566725 0.3522807 0.3391318 0.3463092 0.3561648 0.2976816 0.2916957 0.26453 0.2569653 0.2932191 0.29455 0.3017076 0.2996441 0.2868875 0.2925479 0.2530269 0.1917935 0.1930254 0.2421902 0.2643593 0.2635513 0.2441082 0.2348649 0.2589837 0.2910209 0.288531 0.3255574 0.3174483 0.3467446 0.3836578 0.3770281 0.387951 0.3881086 0.385649 0.3934721
0.3443035 0.3369109 0.334445 0.3851462 0.3962428 0.3820822 0.4083839 0.4054796 0.4472814 0.4420968 0.4318862 0.4179567 0.3850635 0.3813268 0.3857298 0.4222037 0.4061687 0.4258333 0.4196578 0.3930275 0.3878979 0.3374139 0.3534407 0.3710201 0.3562981 0.3446028 0.3500543 0.3500488 0.3571436 0.3298414 0.3173079 0.2991042 0.2658376 0.2671979 0.2806173 0.301599 0.3101739 0.3050281 0.2861361 0.2588406 0.2749955 0.2619067 0.1906515 0.1827406 0.1728923 0.1634276 0.2161589 0.1976018 0.2323414 0.2354384 0.2661401 0.2913063 0.3009596 0.3317116 0.351016 0.3769973 0.357317 0.375179 0.3598518 0.3858784 0.3951187
0.3311548 0.3586766 0.364715 0.3944943 0.3843318 0.405673 0.412416 0.4366044 0.4458051 0.4329164 0.448238 0.4276257 0.3822941 0.3922206 0.4167572 0.4173316 0.4223835 0.4197244 0.4295452 0.4203728 0.3848655 0.3425536 0.3736747 0.3845404 0.3822521 0.3635957 0.3315114 0.3121338 0.3409337 0.3371476 0.3358931 0.3263801 0.2493243 0.2788878 0.3118255 0.3109329 0.3084954 0.298117 0.2719961 0.271054 0.2608011 0.2810755 0.2012526 0.1703682 0.1605619 0.1751262 0.1488807 0.165882 0.1742538 0.2358585 0.2543201 0.268556 0.2862494 0.3089887 0.3320358 0.3659446 0.3583061 0.382744 0.355648 0.3860329 0.391919
0.3253232 0.3341386 0.3568954 0.3910482 0.3946081 0.3927548 0.3892625 0.4055765 0.4074611 0.4005608 0.3976362 0.3928524 0.3993269 0.4162048 0.408336 0.4086083 0.4405833 0.4576007 0.432314 0.4168062 0.3831233 0.3968752 0.3751196 0.3717515 0.3734634 0.3743451 0.3345536 0.3061631 0.2956789 0.3077246 0.304292 0.3334645 0.2853117 0.258898 0.2723531 0.2887608 0.2802239 0.2794437 0.2683427 0.2569204 0.2566724 0.2520998 0.2462593 0.1713337 0.1564014 0.1522586 0.151834 0.1565652 0.1600278 0.2022633 0.2618671 0.2687733 0.3042308 0.2902062 0.3261683 0.350572 0.3671076 0.3661416 0.3811758 0.3933412 0.4050774
