GIS/bf_pfpr_raster.asc
ncols         173
nrows         126
xllcorner     224227.65281
yllcorner     1039207.04677
cellsize      5000
NODATA_value  -9999
[rows 0 to 26 of 126, columns 61 to 121 of 173]
-9999 -9999 -9999 -9999 -9999 -9999 -9999 -9999 -9999 -9999 -9999 -9999 -9999 -9999 -9999 -9999 -9999 -9999 -9999 -9999 -9999 -9999 -9999 -9999 -9999 -9999 -9999 -9999 -9999 -9999 -9999 -9999 -9999 -9999 -9999 -9999 -9999 -9999 -9999 -9999 -9999 -9999 -9999 0.4568325 0.4569851 0.4614035 0.428769 0.4111136 0.397212 -9999 -9999 -9999 0.353897 0.3502686 -9999 -9999 -9999 -9999 -9999 -9999 -9999
-9999 -9999 -9999 -9999 -9999 -9999 -9999 -9999 -9999 -9999 -9999 -9999 -9999 -9999 -9999 -9999 -9999 -9999 -9999 -9999 -9999 -9999 -9999 -9999 -9999 -9999 -9999 -9999 -9999 -9999 -9999 -9999 -9999 -9999 -9999 -9999 -9999 -9999 -9999 -9999 -9999 0.4668988 0.4753672 0.46049 0.4512134 0.4396662 0.403236 0.3956616 0.4104155 0.4006304 -9999 0.3762252 0.344124 0.3323982 0.3268691 0.3130816 0.2934131 -9999 -9999 -9999 -9999
-9999 -9999 -9999 -9999 -9999 -9999 -9999 -9999 -9999 -9999 -9999 -9999 -9999 -9999 -9999 -9999 -9999 -9999 -9999 -9999 -9999 -9999 -9999 -9999 -9999 -9999 -9999 -9999 -9999 -9999 -9999 -9999 -9999 -9999 -9999 -9999 -9999 -9999 -9999 -9999 0.4830751 0.4668584 0.4629734 0.4626453 0.4485642 0.4458459 0.4517465 0.4489524 0.4290575 0.3988624 0.3825574 0.3978344 0.3638124 0.3588793 0.3469909 0.3258952 0.3168937 0.3157094 0.3318616 0.33695 0.3010283
-9999 -9999 -9999 -9999 -9999 -9999 -9999 -9999 -9999 -9999 -9999 -9999 -9999 -9999 -9999 -9999 -9999 -9999 -9999 -9999 -9999 -9999 -9999 -9999 -9999 -9999 -9999 -9999 -9999 -9999 -9999 -9999 -9999 -9999 -9999 -9999 -9999 -9999 -9999 0.4925407 0.482929 0.4752946 0.4908256 0.4999339 0.4851177 0.4759582 0.4666759 0.4551451 0.4323149 0.3993706 0.3870631 0.3884353 0.3888516 0.4006049 0.3903885 0.3667627 0.3684649 0.345857 0.3482658 0.320719 0.2967167
-9999 -9999 -9999 -9999 -9999 -9999 -9999 -9999 -9999 -9999 -9999 -9999 -9999 -9999 -9999 -9999 -9999 -9999 -9999 -9999 -9999 -9999 -9999 -9999 -9999 -9999 -9999 -9999 -9999 -9999 -9999 -9999 -9999 -9999 -9999 -9999 -9999 -9999 0.5050362 0.4988081 0.5017931 0.4931835 0.4723118 0.4933778 0.5009911 0.5096217 0.4885063 0.4799308 0.4588807 0.4315285 0.4043769 0.3906349 0.3588061 0.393688 0.3862605 0.384461 0.3623703 0.3486466 0.3583486 0.3286271 0.3064265
-9999 -9999 -9999 -9999 -9999 -9999 -9999 -9999 -9999 -9999 -9999 -9999 -9999 -9999 -9999 -9999 -9999 -9999 -9999 -9999 -9999 -9999 -9999 -9999 -9999 -9999 -9999 -9999 -9999 -9999 -9999 -9999 -9999 -9999 -9999 -9999 -9999 0.5547908 0.5560259 0.5301114 0.5159503 0.500597 0.4676985 0.4945235 0.4804376 0.4655115 0.4715732 0.4514273 0.4696737 0.4382607 0.4284663 0.4246963 0.3986158 0.3945092 0.3810955 0.3601579 0.3889103 0.380902 0.3737638 0.3263209 0.3309746
-9999 -9999 -9999 -9999 -9999 -9999 -9999 -9999 -9999 -9999 -9999 -9999 -9999 -9999 -9999 -9999 -9999 -9999 -9999 -9999 -9999 -9999 -9999 -9999 -9999 -9999 -9999 -9999 -9999 -9999 -9999 -9999 -9999 -9999 -9999 0.4699143 0.4880868 0.4860048 0.5247613 0.5053581 0.5081834 0.5248992 0.5355463 0.5546959 0.5218812 0.5089147 0.4900422 0.4749068 0.4859184 0.4607413 0.4659483 0.4397427 0.4361351 0.4136378 0.4082736 0.3757906 0.3696536 0.3832347 0.3832257 0.3588051 0.3440855
-9999 -9999 -9999 -9999 -9999 -9999 -9999 -9999 -9999 -9999 -9999 -9999 -9999 -9999 -9999 -9999 -9999 -9999 -9999 -9999 -9999 -9999 -9999 -9999 -9999 -9999 -9999 -9999 -9999 -9999 -9999 -9999 0.5115648 0.4873653 0.5070773 0.5189268 0.5118569 0.4872138 0.5048593 0.4934986 0.4942091 0.5297005 0.5188991 0.5223256 0.4861388 0.494225 0.4752098 0.4936369 0.4777334 0.4465495 0.4320745 0.4483834 0.4383768 0.4179652 0.3975978 0.3913168 0.3620648 0.3440843 0.3825365 0.3636765 0.3551866
-9999 -9999 -9999 -9999 -9999 -9999 -9999 -9999 -9999 -9999 -9999 -9999 -9999 -9999 -9999 -9999 -9999 -9999 -9999 -9999 -9999 -9999 -9999 -9999 -9999 -9999 -9999 -9999 -9999 -9999 0.505037 0.5203507 0.5736238 0.5860407 0.5537806 0.5344092 0.511436 0.5172774 0.5145916 0.5079892 0.4977759 0.4978078 0.526865 0.5016276 0.4819203 0.4429765 0.4222622 0.4770762 0.4144574 0.4036405 0.4398081 0.4505868 0.4234281 0.4124918 0.3970917 0.3717353 0.3405208 0.3511016 0.3944012 0.3809761 0.3229925
-9999 -9999 -9999 -9999 -9999 -9999 -9999 -9999 -9999 -9999 -9999 -9999 -9999 -9999 -9999 -9999 -9999 -9999 -9999 -9999 -9999 -9999 -9999 -9999 -9999 -9999 -9999 -9999 0.5727847 0.5762353 0.5960324 0.5787898 0.5653235 0.5508132 0.5679495 0.5440045 0.5162748 0.5268589 0.5067174 0.5003247 0.499394 0.5075029 0.5469446 0.5412173 0.5097234 0.4434728 0.4189931 0.430261 0.4082131 0.4090083 0.4389552 0.3923619 0.3919109 0.3926252 0.3987811 0.3482952 0.3543147 0.3470426 0.3758722 0.3381865 0.3560638
-9999 -9999 -9999 -9999 -9999 -9999 -9999 -9999 -9999 -9999 -9999 -9999 -9999 -9999 -9999 -9999 -9999 -9999 -9999 -9999 -9999 -9999 -9999 -9999 -9999 -9999 -9999 0.6056034 0.5613002 0.5543525 0.5402985 0.5524209 0.562458 0.5729625 0.5528626 0.5349962 0.5388319 0.5351888 0.52443 0.5428436 0.5295616 0.5143356 0.5390816 0.5232158 0.4988312 0.4491306 0.4421679 0.4357189 0.4502708 0.4697934 0.4800513 0.436186 0.4279958 0.4130957 0.4019086 0.3666021 0.3663116 0.355163 0.3785657 0.3505352 0.3643921
-9999 -9999 -9999 -9999 -9999 -9999 -9999 -9999 -9999 -9999 -9999 -9999 -9999 -9999 -9999 -9999 -9999 -9999 -9999 -9999 -9999 -9999 -9999 -9999 -9999 0.5591279 0.5828007 0.6056034 0.5613002 0.5543525 0.5402985 0.5524209 0.562458 0.5729625 0.5528626 0.5349962 0.5388319 0.5351888 0.52443 0.5428436 0.5295616 0.5143356 0.5390816 0.5232158 0.4988312 0.4491306 0.4421679 0.4357189 0.4502708 0.4697934 0.4800513 0.436186 0.4279958 0.4130957 0.4019086 0.3666021 0.3663116 0.355163 0.3785657 0.3505352 0.3643921
-9999 -9999 -9999 -9999 -9999 -9999 -9999 -9999 -9999 -9999 -9999 -9999 -9999 -9999 -9999 -9999 -9999 -9999 -9999 -9999 -9999 -9999 -9999 0.5788894 0.5698988 0.6026502 0.5853151 0.5858787 0.5357345 0.5553037 0.5532203 0.5542662 0.5838743 0.5737755 0.5656531 0.5211139 0.5548131 0.5431823 0.5253022 0.5411229 0.5404157 0.5312623 0.5086873 0.4948055 0.4718608 0.4409234 0.4284032 0.4195094 0.4106185 0.3979941 0.4543211 0.4372248 0.4176236 0.4119205 0.4051321 0.3834615 0.3819888 0.3689843 0.3829202 0.3907385 0.3791971
-9999 -9999 -9999 -9999 -9999 -9999 -9999 -9999 -9999 -9999 -9999 -9999 -9999 -9999 -9999 -9999 -9999 0.5725048 0.5776672 0.5737512 -9999 0.5469851 0.5716301 0.5982674 0.5927448 0.5881178 0.5800013 0.5645218 0.5513104 0.5498726 0.5837072 0.5756789 0.5870917 0.5773569 0.5563066 0.5284746 0.572247 0.5580869 0.5451717 0.535539 0.5321082 0.5569984 0.5022157 0.4960462 0.4815578 0.4613875 0.4383762 0.4349488 0.4581129 0.4538887 0.461823 0.4429884 0.4074008 0.4008096 0.4058433 0.3855204 0.3938836 0.3915516 0.3882405 0.3624605 0.3752097
-9999 -9999 -9999 -9999 -9999 -9999 -9999 -9999 -9999 -9999 -9999 -9999 -9999 -9999 -9999 -9999 0.5841663 0.6071857 0.5964067 0.5971226 0.5834116 0.5821462 0.5841784 0.5861362 0.587181 0.6027964 0.5920805 0.5935633 0.5741032 0.5680453 0.5724985 0.5785538 0.5798556 0.5963091 0.5452187 0.548504 0.5550635 0.5480429 0.5629585 0.5296923 0.5599186 0.5326424 0.5144485 0.5587688 0.5444914 0.4580264 0.4518364 0.447678 0.4431359 0.4343771 0.4420875 0.4432814 0.4206254 0.4032267 0.3973459 0.3729741 0.3991741 0.3944798 0.3650591 0.359496 0.3642112
-9999 -9999 -9999 -9999 -9999 -9999 -9999 -9999 -9999 -9999 -9999 -9999 -9999 -9999 -9999 -9999 0.634384 0.642037 0.5859951 0.6195447 0.5931433 0.5781419 0.5656539 0.5805575 0.5829143 0.6194401 0.5812315 0.5942082 0.5938905 0.5967261 0.5630909 0.5774211 0.5738422 0.5519091 0.5265772 0.5727954 0.5516928 0.5522704 0.5658339 0.5567484 0.5631928 0.5554235 0.5428994 0.5430163 0.5069137 0.5239862 0.488438 0.4634671 0.4553674 0.4519444 0.436735 0.4206253 0.41504 0.3883753 0.4141284 0.3765802 0.3934891 0.3630404 0.3648988 0.3656816 0.3625999
-9999 -9999 -9999 -9999 -9999 -9999 -9999 -9999 -9999 -9999 -9999 -9999 -9999 -9999 -9999 -9999 0.6300082 0.6269735 0.5999604 0.592939 0.5866052 0.5664789 0.5697116 0.5764775 0.5978035 0.6049231 0.5948145 0.5772554 0.6006272 0.6116849 0.5855944 0.5724236 0.5592662 0.5313712 0.5375508 0.553908 0.5456737 0.5477983 0.5507648 0.5632576 0.5687601 0.5418581 0.5804355 0.5437049 0.4885774 0.5228786 0.516019 0.4767517 0.4576013 0.4223186 0.4616991 0.4270263 0.4069172 0.409169 0.3708258 0.3749017 0.369477 0.3412576 0.3395295 0.3399538 0.3376161
-9999 -9999 -9999 -9999 -9999 -9999 -9999 -9999 -9999 -9999 -9999 -9999 -9999 -9999 -9999 -9999 0.5858061 0.6100714 0.6032048 0.6018413 0.5887952 0.5776016 0.5785872 0.5845178 0.5933691 0.599234 0.5745957 0.5716181 0.6115655 0.6206838 0.5733399 0.5713294 0.5616131 0.5481724 0.5476495 0.5497516 0.5926374 0.5739003 0.5789446 0.5735539 0.5503501 0.5137244 0.5350667 0.5103006 0.4918176 0.4840679 0.4921696 0.4700152 0.4569525 0.4424548 0.4196854 0.412374 0.3882621 0.3860853 0.3756142 0.3708852 0.3863343 0.377211 0.4037059 0.3563665 0.3402182
-9999 -9999 -9999 -9999 -9999 0.5576308 0.55836 0.5628757 0.5670739 -9999 -9999 -9999 -9999 -9999 -9999 -9999 0.5883872 0.6042801 0.6200051 0.5950945 0.634969 0.6244151 0.5927886 0.573046 0.5915565 0.6072155 0.6050901 0.5887104 0.6030076 0.6121431 0.603035 0.561441 0.5711144 0.5896199 0.575175 0.5638689 0.5669545 0.5599848 0.5580886 0.5634139 0.5632907 0.5314289 0.5341674 0.5383825 0.5488053 0.5048978 0.4710255 0.4579521 0.4336914 0.4353753 0.4323857 0.4628487 0.4660087 0.4304473 0.4188067 0.3714518 0.3530094 0.3478064 0.3706498 0.347841 0.3441927
-9999 -9999 -9999 0.5392587 0.5341474 0.5383744 0.5499065 0.6028816 0.5733951 0.5534915 0.5454628 -9999 -9999 -9999 -9999 -9999 0.5901398 0.6009101 0.6175399 0.6060495 0.6401019 0.6443969 0.616834 0.5899946 0.5917862 0.5967022 0.6117464 0.5942143 0.6117778 0.6103499 0.6265628 0.5711669 0.6117018 0.6291922 0.5975453 0.5809271 0.5611935 0.5681422 0.6085392 0.6005747 0.6141046 0.5766476 0.526628 0.5011283 0.526776 0.5471737 0.4864476 0.4857893 0.4843675 0.4924766 0.4762566 0.4510463 0.4561394 0.4357952 0.4159415 0.3918813 0.3796849 0.3724145 0.3814396 0.3487072 0.3456393
-9999 -9999 0.5258507 0.5319162 0.5220017 0.5381321 0.5784795 0.5932185 0.5765504 0.5547712 0.5651 0.5714357 0.5621579 -9999 0.5435043 0.5678128 0.5706609 0.5791665 0.589442 0.598267 0.6065488 0.5991454 0.5984882 0.5752138 0.553725 0.5781907 0.5775833 0.5833423 0.6024483 0.6339607 0.6164247 0.5861754 0.6083832 0.6153839 0.5982205 0.6016176 0.5857467 0.5592279 0.5764887 0.55912 0.5661516 0.5273125 0.5295419 0.4974805 0.5481001 0.5527031 0.5219311 0.5156634 0.4732767 0.4776299 0.4617754 0.4476841 0.4571565 0.4414433 0.4197846 0.4086753 0.3780439 0.3579886 0.3595484 0.3583843 0.3784844
-9999 0.5270269 0.4888081 0.4989282 0.5094917 0.5171894 0.5360057 0.532685 0.5344142 0.5231505 0.5376895 0.5784668 0.541339 0.5098059 0.5281213 0.5479469 0.5750905 0.5759739 0.5844204 0.5691124 0.5533084 0.5628389 0.5449035 0.5566566 0.5624478 0.5751647 0.6162799 0.6125394 0.619056 0.6419619 0.6254942 0.6032677 0.6052897 0.6031797 0.5736753 0.5647973 0.5622673 0.5565039 0.5888766 0.5531406 0.5362109 0.5312968 0.5385284 0.5326298 0.5451845 0.5375082 0.5053284 0.5019294 0.4680025 0.4727529 0.4559454 0.4499427 0.4590008 0.4635203 0.4234524 0.4083682 0.3619458 0.3677756 0.3798003 0.3915691 0.361258
0.5446329 0.5368939 0.5376211 0.5094779 0.4902572 0.4902487 0.487581 0.4830434 0.4731901 0.4798667 0.4923863 0.5213186 0.5106099 0.5028456 0.5336354 0.5669297 0.5718446 0.5724151 0.5552309 0.5529252 0.576475 0.5546898 0.5716672 0.5384992 0.502173 0.5753019 0.6069741 0.6168054 0.6263651 0.6289942 0.6218075 0.6030634 0.6197221 0.6143444 0.6070552 0.5878491 0.5697092 0.6067253 0.5740834 0.5545124 0.5198017 0.5353157 0.5296742 0.527996 0.5602983 0.5408041 0.4924898 0.4952465 0.4826686 0.4659144 0.4493909 0.44989 0.4567325 0.4606431 0.3636778 0.3876389 0.3802801 0.400757 0.4137533 0.4055786 0.3837982
0.5357228 0.5349501 0.5349694 0.5127417 0.4874763 0.4853577 0.4627407 0.4777579 0.4939106 0.4998859 0.5094092 0.4696864 0.504105 0.5346656 0.536722 0.5648022 0.5762529 0.5722079 0.5686724 0.5775867 0.5836311 0.5759085 0.5731518 0.5648503 0.5391296 0.588003 0.6012362 0.6348893 0.6314175 0.6424022 0.5911203 0.5851443 0.602061 0.5923696 0.6124568 0.6051635 0.6019087 0.6087096 0.5687954 0.5569606 0.5240778 0.5534697 0.5631472 0.5239254 0.5230557 0.5366156 0.4972246 0.4985612 0.4393985 0.4196412 0.4335709 0.4338444 0.4433483 0.4634056 0.3613644 0.3721059 0.3913319 0.3695667 0.3494209 0.4112138 0.4139274
0.5285025 0.529796 0.5230203 0.5181354 0.4759361 0.484464 0.4735173 0.459594 0.4691859 0.4909468 0.4564618 0.4741504 0.5092427 0.516588 0.5285329 0.5624049 0.5979362 0.5886278 0.5613574 0.5589984 0.5781699 0.5748805 0.5727978 0.5919787 0.5955233 0.5982167 0.5974523 0.5953003 0.6165995 0.6274829 0.6039124 0.5932356 0.6162248 0.6161828 0.5977132 0.5947158 0.59316 0.5682875 0.5555083 0.550539 0.5484539 0.5355044 0.5326088 0.5197155 0.5343234 0.5434831 0.4914776 0.4809933 0.4714115 0.481675 0.4585817 0.4627711 0.4131596 0.3717843 0.375272 0.3921073 0.4338487 0.3867622 0.3572168 0.406432 0.4003181
0.5476236 0.5490111 0.5256 0.4779443 0.4723149 0.4939753 0.4623964 0.4594405 0.4370972 0.4575318 0.4330429 0.4922063 0.5046435 0.5341613 0.5218868 0.5562089 0.5684298 0.5847368 0.5929791 0.5496716 0.5836213 0.5603845 0.5706573 0.5730749 0.6044797 0.6196831 0.5952084 0.590031 0.6006118 0.6125483 0.6291006 0.6142007 0.6077474 0.6126306 0.5830439 0.5696409 0.5869905 0.5686128 0.5465069 0.5399873 0.5624945 0.5554065 0.5188844 0.5090165 0.5417745 0.517364 0.5051469 0.4980372 0.4992256 0.4888755 0.4834135 0.4473799 0.4268783 0.3979106 0.4232608 0.4589645 0.437297 0.4210858 0.4121353 0.4213141 0.4189624
0.5450915 0.5401266 0.509624 0.4890302 0.4744172 0.4894052 0.455891 0.4458325 0.4312539 0.4409436 0.4148967 0.4792335 0.4934151 0.5113812 0.5188368 0.5406897 0.5559645 0.5485638 0.567974 0.5672007 0.5793241 0.5702824 0.5691804 0.5764009 0.579825 0.6099119 0.5904524 0.5762066 0.5974882 0.6064402 0.6199082 0.6077388 0.6166646 0.5932726 0.5700229 0.5986669 0.6096984 0.5932903 0.5695016 0.5236315 0.5355716 0.576998 0.516854 0.5057541 0.5220813 0.5072099 0.5091641 0.4892956 0.4864382 0.4561982 0.4783521 0.4674535 0.4469255 0.4555484 0.4487746 0.4255512 0.4223149 0.417163 0.4282597 0.4310393 0.4333763
