GIS/bf_pfpr_raster.asc
ncols         173
nrows         126
xllcorner     224227.65281
yllcorner     1039207.04677
cellsize      5000
NODATA_value  -9999
[rows 27 to 53 of 126, columns 61 to 121 of 173]
0.5151975 0.5083818 0.4827619 0.4822448 0.4849845 0.4867008 0.4531828 0.4389156 0.4187705 0.4367045 0.4402723 0.4649786 0.4871234 0.5080907 0.5056046 0.5224978 0.5207059 0.5086833 0.5336351 0.5691779 0.5278997 0.576171 0.5915351 0.590198 0.6038298 0.6246299 0.5999954 0.5915919 0.6079694 0.5854183 0.5280671 0.553268 0.5780365 0.5822023 0.5579528 0.577015 0.5551176 0.5539855 0.5298121 0.518268 0.5324409 0.5538314 0.5038589 0.4982055 0.5105685 0.5140501 0.537808 0.4978302 0.4818403 0.4957909 0.4855487 0.4932689 0.4714691 0.4527493 0.4464926 0.4305744 0.430958 0.4085443 0.4226514 0.439264 0.4361971
0.5016673 0.4895482 0.4771706 0.4701295 0.4857361 0.4862275 0.4285194 0.4159816 0.410151 0.4101945 0.4025402 0.4653363 0.4734779 0.4798619 0.4631016 0.4879376 0.4946917 0.5194404 0.5312362 0.5844108 0.5529186 0.557739 0.6048217 0.6065885 0.5918468 0.6034177 0.6046261 0.6161617 0.5886976 0.5848045 0.601857 0.6125809 0.5847591 0.556099 0.5386311 0.5549239 0.5488299 0.5493743 0.4978393 0.5317665 0.5159619 0.5070892 0.4882998 0.5007671 0.5142676 0.5091377 0.5069502 0.5035696 0.4980563 0.5043224 0.4894339 0.4788398 0.4794422 0.4732946 0.4470237 0.4457406 0.4374146 0.4222403 0.4251029 0.4012038 0.3956717
0.4832083 0.4601829 0.412165 0.4555888 0.4576489 0.441544 0.4140832 0.4049683 0.3840312 0.3819991 0.4124705 0.4715814 0.4769079 0.4553466 0.4171703 0.4901637 0.4873186 0.5151431 0.5130245 0.5549719 0.5605152 0.5497314 0.5782997 0.6155036 0.5762997 0.5290898 0.6022053 0.5935307 0.5963467 0.5659789 0.5608683 0.5940597 0.5768156 0.5657671 0.5513012 0.5485041 0.5696193 0.5558201 0.5315906 0.5520749 0.5282131 0.5021328 0.4891916 0.4948113 0.4904725 0.5001318 0.4890198 0.5008802 0.5083987 0.5130584 0.5049329 0.4720359 0.4607461 0.464258 0.4410576 0.4161868 0.4176525 0.4447859 0.4367419 0.417447 0.4057519
0.4800062 0.4713458 0.4185333 0.444874 0.4366947 0.4073284 0.4159563 0.4078372 0.3952315 0.394704 0.4123959 0.4770879 0.4435102 0.4547812 0.4058921 0.4622895 0.4824476 0.5049938 0.5177931 0.5106534 0.5482959 0.5455008 0.5861998 0.6085809 0.5717587 0.5590187 0.5663106 0.5743942 0.5928363 0.5585531 0.5845714 0.5947233 0.5670784 0.529291 0.5380192 0.5446919 0.5661345 0.5530759 0.5502521 0.5482663 0.5415489 0.5066165 0.4788958 0.4654407 0.4891236 0.4754019 0.4714872 0.5023381 0.5273992 0.4933321 0.4878179 0.4869833 0.4781486 0.4769484 0.4572639 0.4561903 0.4562962 0.4558575 0.4431174 0.4107893 0.4037879
0.4833937 0.4633639 0.4540426 0.432858 0.4401627 0.4238184 0.4074879 0.3856965 0.4011047 0.380668 0.3860471 0.4391522 0.4264588 0.4526742 0.4457819 0.4604513 0.4590183 0.4792241 0.4852315 0.4960676 0.5559649 0.5369647 0.5604767 0.5725591 0.5519893 0.5544775 0.5506649 0.5340561 0.5563599 0.593497 0.605688 0.591651 0.4682094 0.4530787 0.512084 0.5278485 0.5315541 0.5134706 0.4962993 0.5095267 0.4788866 0.4687359 0.4822428 0.4918505 0.4692771 0.4593459 0.4624799 0.4893783 0.4751484 0.4964284 0.509561 0.5059448 0.4897358 0.4795693 0.4873449 0.4612668 0.4459582 0.4489804 0.4348456 0.4250329 0.418223
0.4590061 0.4516443 0.4473691 0.407169 0.409747 0.423188 0.4106236 0.3985763 0.3812149 0.3912597 0.3777849 0.3946872 0.4160456 0.4153726 0.4235453 0.4564403 0.4479187 0.454349 0.4444864 0.459911 0.4991843 0.5102971 0.5416607 0.5160319 0.5052276 0.4332314 0.4256042 0.4746915 0.5018897 0.5329667 0.5469154 0.5493577 0.5125277 0.51486 0.5071745 0.533565 0.5543739 0.5411855 0.4900477 0.4962919 0.4252253 0.4187847 0.4496688 0.4440583 0.4400935 0.4564883 0.4532664 0.479842 0.4817874 0.4734178 0.4857315 0.4820732 0.4866359 0.4724512 0.4826373 0.4618708 0.4601621 0.4698357 0.4374134 0.4475731 0.4419751
0.4213837 0.4309104 0.4352621 0.385641 0.3784898 0.3860264 0.2976009 0.3339231 0.3861255 0.3816468 0.3854165 0.3872952 0.382342 0.3809177 0.4089717 0.4251595 0.4446438 0.4730626 0.4540669 0.4222665 0.4475662 0.4428012 0.4331723 0.4837339 0.5274701 0.4740076 0.4365784 0.4463773 0.4805661 0.4909122 0.515922 0.5145589 0.5071329 0.4857752 0.4732388 0.5221791 0.5233548 0.5242985 0.5097406 0.5048205 0.4836812 0.4724958 0.4683589 0.4383482 0.4416889 0.4405484 0.4466241 0.4445461 0.4373857 0.4785697 0.4806993 0.4126005 0.4140255 0.4219545 0.4900267 0.4794538 0.4838632 0.4691348 0.4649004 0.4364415 0.4479741
0.4145347 0.4044029 0.3976142 0.3778458 0.3715518 0.376057 0.2880076 0.303675 0.3497961 0.3685855 0.3771037 0.3876092 0.3708219 0.3733234 0.409741 0.4280466 0.4655646 0.4535466 0.4356802 0.4182051 0.4394236 0.4504325 0.4291759 0.4783568 0.4892954 0.4711671 0.4339507 0.4173773 0.4687037 0.4645196 0.4817051 0.4899981 0.486603 0.4494387 0.4609948 0.4890214 0.4915482 0.4876321 0.4997987 0.4994182 0.4810451 0.4546993 0.4704036 0.4750146 0.4260002 0.4366333 0.4379711 0.4725225 0.4468364 0.4592799 0.4415104 0.4218343 0.4010423 0.4072081 0.4708149 0.4837683 0.4538478 0.4639566 0.4823725 0.4491098 0.4384132
0.4072765 0.3855694 0.3827416 0.3835398 0.3596451 0.3560812 0.3527958 0.3514439 0.351588 0.3598087 0.3728735 0.3767873 0.3644468 0.3668762 0.4048912 0.4297144 0.4211587 0.4089214 0.4138515 0.4392914 0.4522859 0.4740836 0.4861746 0.4878812 0.4549207 0.4322186 0.4003642 0.3985174 0.4314702 0.4409637 0.4336201 0.4584802 0.4712839 0.4556192 0.4317448 0.4685338 0.4677956 0.4716771 0.49817 0.5028434 0.484143 0.4557893 0.4413326 0.4609078 0.4411329 0.4332015 0.4516696 0.453612 0.4453699 0.4752353 0.456073 0.4670655 0.4597727 0.4763019 0.4737637 0.4652962 0.4495268 0.4420956 0.4522377 0.4417506 0.4370954
0.4236849 0.4134158 0.396305 0.3763705 0.3444985 0.344151 0.3462063 0.3491296 0.3514746 0.3732441 0.3700601 0.3576721 0.3422019 0.3502069 0.3650196 0.3859209 0.3772908 0.3578118 0.3752608 0.4142818 0.444393 0.4316454 0.4775302 0.4707443 0.4401652 0.3888595 0.364225 0.3555676 0.3935725 0.4313132 0.4046735 0.4052215 0.4196952 0.419516 0.4219606 0.4284154 0.4443161 0.4179216 0.4824043 0.4694832 0.4794829 0.4684612 0.4326601 0.446215 0.447901 0.446234 0.4471967 0.4591354 0.4756889 0.5099468 0.5245517 0.4968291 0.4664705 0.4713139 0.4761682 0.467363 0.4342315 0.4460669 0.4360136 0.4352431 0.4242355
0.4214587 0.4200324 0.4328593 0.3412801 0.3431455 0.35982 0.3571808 0.3336813 0.3461353 0.3531983 0.3384223 0.3536817 0.3645536 0.3424837 0.3212531 0.3578978 0.3345585 0.3322559 0.3516315 0.3786998 0.3961151 0.3909119 0.4087963 0.4136009 0.3777595 0.3353246 0.3243807 0.3635105 0.3965225 0.4288166 0.3806778 0.3681101 0.3767631 0.3755025 0.3898052 0.3919179 0.415402 0.4018906 0.4603511 0.4477598 0.4716521 0.4644299 0.4231093 0.4495212 0.4663039 0.4685468 0.4644194 0.4759238 0.5009595 0.5129326 0.4993477 0.496067 0.4631715 0.4605453 0.4549239 0.4605331 0.4264965 0.4561737 0.4515228 0.4425395 0.4399134
0.4268652 0.3879386 0.4045207 0.3449672 0.3548118 0.359423 0.3677116 0.3490907 0.3312651 0.3525584 0.324417 0.3495727 0.3645866 0.3539778 0.3239509 0.35539 0.3446946 0.3428109 0.342508 0.3850484 0.3657623 0.3725932 0.3746684 0.3722984 0.3614964 0.3492788 0.2970331 0.3084761 0.3706504 0.3898014 0.3508531 0.3585583 0.3782946 0.3757679 0.3764885 0.3791813 0.4002969 0.3995161 0.4316383 0.4508297 0.4823541 0.4563174 0.4217454 0.4243676 0.4539298 0.4560604 0.4506053 0.4780533 0.4903853 0.5335701 0.5051272 0.4911943 0.4864799 0.4819168 0.4814834 0.432833 0.4151807 0.4614016 0.4380402 0.4374033 0.4464296
0.3991222 0.3559666 0.3829463 0.3644003 0.3536568 0.3761738 0.3677608 0.3378944 0.3570279 0.3495976 0.3482097 0.3500003 0.3590086 0.3596277 0.3321856 0.3266089 0.3339305 0.3226517 0.346822 0.3523169 0.3547742 0.3330035 0.3552702 0.3376489 0.3133174 0.3332626 0.2690718 0.2903074 0.3337147 0.357687 0.3407669 0.3486954 0.376359 0.3625759 0.3593405 0.3483716 0.3634046 0.3833672 0.4055187 0.4427089 0.4434019 0.4233838 0.4002957 0.4348505 0.4381531 0.4662859 0.4740478 0.451083 0.4573969 0.4959388 0.4965257 0.486546 0.4585693 0.4506775 0.4498772 0.4460567 0.4326315 0.4212746 0.4389752 0.4625781 0.4430929
0.3941086 0.3783361 0.3308147 0.3732601 0.3454008 0.3440228 0.3674465 0.3588295 0.3633877 0.3629901 0.36481 0.3404552 0.340795 0.3467617 0.325415 0.3246503 0.3326074 0.3319754 0.355444 0.3663484 0.3662147 0.3049013 0.3107447 0.3190393 0.308806 0.2806403 0.2350667 0.2499104 0.2781495 0.3152743 0.3239149 0.3193339 0.3598365 0.36867 0.3796757 0.3335818 0.3522612 0.3584933 0.378596 0.4046859 0.3758911 0.3743294 0.3980683 0.4234652 0.4272645 0.4473191 0.4411262 0.3849973 0.4379597 0.5187166 0.5021082 0.4732968 0.3880239 0.3921302 0.3818 0.388164 0.4674675 0.4729182 0.4125713 0.4154714 0.4321002
0.3497778 0.3401766 0.3210719 0.3366016 0.3363944 0.3566209 0.3636339 0.3390686 0.336748 0.3487395 0.3314362 0.3217191 0.3310325 0.3272326 0.3290373 0.3174488 0.3310221 0.3161307 0.339445 0.3379005 0.3356702 0.3018864 0.2917776 0.2856683 0.2801266 0.2869176 0.256261 0.2586078 0.2745038 0.2772382 0.2690029 0.2896711 0.3163696 0.3590233 0.3569098 0.3039097 0.345919 0.3497809 0.3797922 0.3939433 0.4036851 0.411017 0.3838088 0.4034539 0.4332809 0.4553847 0.4956938 0.5088435 0.4549436 0.460278 0.4558371 0.4726238 0.4706807 0.4208643 0.3921852 0.3893761 0.43852 0.4799221 0.433441 0.4216908 0.3993437
0.3216058 0.3142223 0.3093261 0.3362883 0.3451492 0.3583562 0.3541546 0.3304204 0.2913489 0.3048978 0.3110339 0.3277554 0.3231449 0.3104955 0.3163203 0.3388338 0.3132498 0.3135115 0.3336671 0.3157583 0.3086583 0.2854213 0.2623564 0.2755368 0.2431246 0.2511586 0.2396048 0.2437009 0.2459261 0.275738 0.2638574 0.2395401 0.2727135 0.3076805 0.2932965 0.3076886 0.3299652 0.3270793 0.3611293 0.3872839 0.3757321 0.314521 0.4323873 0.3995488 0.4310785 0.4812893 0.4863012 0.4893272 0.4408591 0.4486744 0.4484558 0.4464669 0.4495259 0.4349276 0.4419798 0.4247011 0.4309945 0.4584897 0.4331366 0.4416175 0.4275248
0.3277082 0.3248869 0.3295737 0.3494139 0.3635285 0.3709259 0.3296061 0.3188885 0.2911288 0.3179981 0.3134178 0.306702 0.3031891 0.2870039 0.3113842 0.3062264 0.2808194 0.2864884 0.3208178 0.3154681 0.3334823 0.3375176 0.2691295 0.2574015 0.2538286 0.2262261 0.2186173 0.2197875 0.2217995 0.2175734 0.2161056 0.210829 0.223827 0.2379972 0.2523728 0.2581873 0.2728417 0.3128344 0.3344601 0.3868513 0.3693693 0.3155835 0.3735173 0.3901201 0.4344571 0.4687208 0.454436 0.4747179 0.4340635 0.4410985 0.4455725 0.4380318 0.435057 0.426773 0.4391251 0.4431953 0.4315808 0.4467531 0.4392965 0.4276857 0.4132758
0.3675954 0.3744459 0.3563022 0.3381113 0.3529744 0.3385986 0.342466 0.3128814 0.3080658 0.3036363 0.3458944 0.2952335 0.2517629 0.261247 0.3027449 0.3104295 0.3274944 0.3256548 0.3364523 0.3448792 0.3017949 0.2878245 0.2552123 0.2252524 0.1959211 0.199404 0.2021343 0.2087894 0.2009128 0.2033437 0.1920291 0.2108808 0.2039787 0.2039805 0.244165 0.2410306 0.2195511 0.2777101 0.2847984 0.3607155 0.3860998 0.3169784 0.3615784 0.403666 0.4507845 0.443588 0.4106737 0.4414642 0.4392473 0.4558803 0.4374275 0.4407086 0.436192 0.4417685 0.4664812 0.4397805 0.4419252 0.4459768 0.4139837 0.4030505 0.3834546
0.3933915 0.4060315 0.3813845 0.3346117 0.3404238 0.3470164 0.3450587 0.3536821 0.3407563 0.316429 0.3084053 0.307905 0.2327666 0.2594256 0.2575577 0.343787 0.3520335 0.323478 0.3317891 0.344573 0.3072234 0.2649117 0.2400802 0.2170618 0.2005582 0.1935313 0.1941189 0.1920116 0.1946441 0.1890817 0.1968111 0.1932036 0.1854437 0.1941411 0.213492 0.2230303 0.2063552 0.2676304 0.2796167 0.3600806 0.3717108 0.3839085 0.3862325 0.4022711 0.4064837 0.4171853 0.4044715 0.4314146 0.4337631 0.4424348 0.4608581 0.4266128 0.4105777 0.4266584 0.4501749 0.4264606 0.4397236 0.428488 0.3972226 0.3836022 0.3735179
0.3784446 0.3825258 0.3871353 0.3546279 0.3467613 0.3360316 0.35638 0.3696668 0.331214 0.3322295 0.297845 0.3421517 0.3329617 0.2536747 0.272189 0.3231798 0.3294279 0.3057896 0.3287801 0.3370032 0.2878982 0.2514878 0.2269813 0.2243281 0.2050836 0.1863449 0.1648892 0.1561334 0.1909057 0.1867841 0.187565 0.1926387 0.1746613 0.1866781 0.2070721 0.2231262 0.2084855 0.2187933 0.2467704 0.3228339 0.3487237 0.3795474 0.4061033 0.4117089 0.4382874 0.4226316 0.4284227 0.4212229 0.4461944 0.4484912 0.445384 0.4451083 0.4412535 0.4645099 0.4578948 0.4423982 0.4409458 0.4378055 0.4322068 0.4356529 0.4160843
0.38457 0.379797 0.3477337 0.3540294 0.3604689 0.3312898 0.3373452 0.3311194 0.3101663 0.3367779 0.2761903 0.3217224 0.3327331 0.3106969 0.2691146 0.3164375 0.3446398 0.3483512 0.3503602 0.3257558 0.2969162 0.2462042 0.2285347 0.2231198 0.211738 0.1880952 0.1648558 0.1642515 0.1725387 0.1780665 0.1885948 0.1853976 0.1729319 0.1856897 0.187199 0.2088197 0.2254849 0.2438802 0.2649658 0.308509 0.3391447 0.3639719 0.3854249 0.4137183 0.4388998 0.4345974 0.4491125 0.4465237 0.3630688 0.3622676 0.4506519 0.4272372 0.4223323 0.4157841 0.4273829 0.4486456 0.3495677 0.429022 0.435766 0.4143015 0.398275
0.3789225 0.3576922 0.3425596 0.351584 0.3425059 0.3414278 0.3253634 0.3213349 0.2826922 0.2997409 0.2700906 0.3199336 0.3348064 0.3496956 0.3693614 0.3725849 0.3687635 0.3649037 0.3674013 0.335363 0.2926179 0.2369626 0.2280241 0.217449 0.2115858 0.2020307 0.2160825 0.1919889 0.1863048 0.181192 0.1731982 0.1760634 0.1703168 0.1856377 0.1920152 0.2123158 0.2193048 0.2288267 0.3123561 0.298148 0.3302109 0.3543529 0.3754178 0.4066601 0.400651 0.3936087 0.415067 0.4396517 0.3522352 0.3641438 0.4561077 0.4488263 0.4540592 0.4201698 0.3940347 0.4293006 0.4334895 0.431898 0.4070184 0.3912531 0.4003899
0.3740034 0.3572368 0.3452243 0.3481022 0.3309262 0.3352568 0.297584 0.3105933 0.3003897 0.2915716 0.3153174 0.3248676 0.3496716 0.3429161 0.3677924 0.3722783 0.3653981 0.3626669 0.3618564 0.3525723 0.317097 0.2595628 0.2239227 0.2130861 0.2058884 0.175871 0.2059647 0.2128818 0.1839999 0.1882283 0.1702995 0.1866002 0.1778716 0.1979387 0.2003694 0.2103637 0.218896 0.2382275 0.2729721 0.2859487 0.2921895 0.2947515 0.3665496 0.3972559 0.366306 0.3727245 0.3860815 0.4064533 0.430553 0.4434397 0.4537874 0.4607432 0.4804192 0.4771897 0.4617886 0.4338647 0.4222361 0.431021 0.3979625 0.3921257 0.3964311
0.361095 0.3307439 0.3446459 0.3511133 0.3396647 0.3407844 0.293525 0.2863022 0.2942025 0.3197457 0.3177708 0.3000214 0.3347367 0.3403295 0.3207395 0.3444544 0.3625259 0.3558454 0.3526091 0.3235985 0.3213786 0.2618889 0.2298139 0.2277799 0.2107445 0.1938361 0.2054307 0.213631 0.1862051 0.1774905 0.1690824 0.1917856 0.1899051 0.2090005 0.2287581 0.2260718 0.2187874 0.2064677 0.238956 0.2688476 0.2983645 0.3302619 0.3561893 0.3787332 0.3513879 0.3564862 0.3825602 0.39843 0.4021542 0.4587769 0.4384944 0.446989 0.4604469 0.4649444 0.4265185 0.4171826 0.4333927 0.4250143 0.4086803 0.3892308 0.4180041
0.346159 0.3606558 0.3573066 0.3671195 0.3369209 0.3207088 0.300514 0.3011763 0.3117188 0.3160554 0.3244835 0.2945403 0.3241252 0.329641 0.3112542 0.2987696 0.3017525 0.3091561 0.3029266 0.2693414 0.2619666 0.2256006 0.2191689 0.205574 0.2041315 0.1993284 0.2041314 0.2060133 0.179058 0.1832278 0.1767486 0.1785993 0.2040602 0.2044929 0.2421303 0.2297748 0.2107864 0.2038849 0.2365317 0.2457866 0.303502 0.3414328 0.3657882 0.3761706 0.3812834 0.3607544 0.3613518 0.3909745 0.4393814 0.4674631 0.4450006 0.4348989 0.4343049 0.4386719 0.4352437 0.4506028 0.413314 0.4309416 0.3957254 0.4298747 0.42274
0.3563367 0.3567728 0.3524935 0.3320401 0.3208781 0.2929508 0.3077756 0.314814 0.2994847 0.2671215 0.2738073 0.2919774 0.3202927 0.3484446 0.2792887 0.2791695 0.2599872 0.2660966 0.2469627 0.252752 0.2376426 0.2052905 0.2136929 0.1875147 0.1765302 0.1773997 0.1875965 0.1665134 0.1785567 0.1876579 0.1795657 0.192808 0.2174345 0.2176802 0.222665 0.2324836 0.2542869 0.258173 0.2750444 0.2713932 0.3062708 0.3318803 0.3433425 0.3465382 0.3691654 0.3116046 0.3356106 0.3940459 0.4051867 0.4198637 0.4122429 0.4132753 0.4223539 0.3974255 0.4174711 0.3948034 0.3875092 0.4016765 0.3759995 0.3627122 0.3566757
0.3158102 0.3347695 0.340306 0.3207095 0.3238796 0.3417968 0.3299437 0.2753934 0.2683059 0.2498091 0.2416764 0.2639894 0.3151829 0.3045804 0.2729645 0.2564188 0.2526551 0.2458983 0.2292356 0.2577833 0.2215921 0.2009966 0.1864031 0.1896564 0.1954428 0.1774351 0.1801015 0.1700092 0.1635868 0.1844371 0.1803942 0.2005288 0.1965682 0.1912896 0.2073364 0.2371446 0.2571199 0.2583898 0.2688739 0.312759 0.3254298 0.3526973 0.3286169 0.3331629 0.3563237 0.3841516 0.3629636 0.3632905 0.4064078 0.4042368 0.4168589 0.4128842 0.4023723 0.3956869 0.4016441 0.3446882 0.376564 0.36494 0.3537114 0.3467385 0.3542027
