GIS/bf_pfpr_raster.asc
ncols         173
nrows         126
xllcorner     224227.65281
yllcorner     1039207.04677
cellsize      5000
NODATA_value  -9999
[rows 54 to 80 of 126, columns 0 to 60 of 173]
-9999 -9999 -9999 -9999 -9999 -9999 -9999 -9999 -9999 -9999 -9999 -9999 -9999 -9999 -9999 -9999 -9999 -9999 -9999 -9999 -9999 -9999 -9999 0.4601357 0.4476231 0.4814241 0.4851689 0.4637006 0.5041453 0.510815 0.5200031 0.4907613 0.4934005 0.4994875 0.5126719 0.4609082 0.4747386 0.4725248 0.4786721 0.5019748 0.5421681 0.5331527 0.5162074 0.5311975 0.5351074 0.4956594 0.476404 0.5125215 0.4733905 0.4739889 0.4301253 0.4104414 0.4191972 0.3816166 0.4318871 0.3930771 0.379975 0.3712209 0.3616766 0.3750749 0.3534256
-9999 -9999 -9999 -9999 -9999 -9999 -9999 -9999 -9999 -9999 -9999 -9999 -9999 -9999 -9999 -9999 -9999 -9999 -9999 -9999 -9999 -9999 -9999 -9999 0.469952 0.4903823 0.4848664 0.4933715 0.4756024 0.4754957 0.4728418 0.4710572 0.4612159 0.4187944 0.4091804 0.4429877 0.4601126 0.4517025 0.4797932 0.4879077 0.4757596 0.4692906 0.4760496 0.4740989 0.474473 0.4424707 0.4768888 0.4738916 0.4268316 0.439704 0.4260424 0.425165 0.4215132 0.4154186 0.4134085 0.4039382 0.3765112 0.3768663 0.3695247 0.3835303 0.3780995
-9999 -9999 -9999 -9999 -9999 -9999 -9999 -9999 -9999 -9999 -9999 -9999 -9999 -9999 -9999 -9999 -9999 -9999 -9999 -9999 -9999 -9999 -9999 -9999 -9999 0.4791289 0.4927095 0.46905 0.4800517 0.4721844 0.4645522 0.411364 0.4519604 0.4500274 0.4646878 0.4604218 0.4566648 0.4352216 0.4282732 0.4576996 0.4455762 0.453989 0.443514 0.4449562 0.4343627 0.444968 0.461852 0.4515463 0.4300292 0.4224957 0.4475537 0.4461087 0.4267439 0.401874 0.3885761 0.3437235 0.3618121 0.3737533 0.3684393 0.3873946 0.3491416
-9999 -9999 -9999 -9999 -9999 -9999 -9999 -9999 -9999 -9999 -9999 -9999 -9999 -9999 -9999 -9999 -9999 -9999 -9999 -9999 -9999 -9999 -9999 -9999 0.4664346 0.5012419 0.4930981 0.4625795 0.4757482 0.4864274 0.4637134 0.4122988 0.4587624 0.4678372 0.4651278 0.4755054 0.4438955 0.4553552 0.438919 0.4280122 0.4290515 0.4359756 0.4112672 0.3973872 0.4174493 0.4497826 0.4483832 0.4685611 0.4563157 0.430574 0.4288322 0.4315058 0.4364194 0.4096475 0.3769878 0.3744087 0.3620801 0.3600265 0.3633752 0.3910661 0.3481517
-9999 -9999 -9999 -9999 -9999 -9999 -9999 -9999 -9999 -9999 -9999 -9999 -9999 -9999 -9999 -9999 -9999 -9999 -9999 -9999 -9999 -9999 -9999 -9999 0.4945091 0.4784499 0.4669344 0.4734041 0.4890293 0.4650046 0.4697377 0.4426052 0.4723597 0.468967 0.4682268 0.4522824 0.4593602 0.4342208 0.4277371 0.4155149 0.4172705 0.4251667 0.4006705 0.4008005 0.3973059 0.3712657 0.4498224 0.456442 0.433381 0.404379 0.4235306 0.4288906 0.4145838 0.3621696 0.351697 0.3526289 0.3903073 0.3881592 0.3642762 0.3637645 0.3554129
-9999 -9999 -9999 -9999 -9999 -9999 -9999 -9999 -9999 -9999 -9999 -9999 -9999 -9999 -9999 -9999 -9999 -9999 -9999 -9999 -9999 -9999 -9999 -9999 0.4847488 0.4659968 0.4796304 0.5016785 0.4900391 0.4821895 0.4293546 0.445744 0.4744607 0.4816188 0.4717015 0.446203 0.424409 0.4457767 0.4170427 0.3933275 0.3870301 0.3955584 0.3866531 0.3969218 0.3901396 0.3775813 0.4465353 0.4509106 0.4326309 0.4522528 0.4560447 0.4574036 0.4061014 0.3768945 0.3638656 0.3716708 0.3955704 0.3856952 0.3853106 0.3819131 0.3661992
-9999 -9999 -9999 -9999 -9999 -9999 -9999 -9999 -9999 -9999 -9999 -9999 -9999 -9999 -9999 -9999 -9999 -9999 -9999 -9999 -9999 -9999 -9999 -9999 0.4772182 0.4764386 0.489172 0.5088271 0.4582651 0.4209511 0.4360662 0.4464907 0.4520255 0.46045 0.4474467 0.4228643 0.4167706 0.4023361 0.3984929 0.3899559 0.3975099 0.3818198 0.4193112 0.3984283 0.3970741 0.399408 0.4039634 0.4146454 0.4245246 0.429398 0.452068 0.4390057 0.4155161 0.3927226 0.3950782 0.3955266 0.3989738 0.3634728 0.3625468 0.3724348 0.3839509
-9999 -9999 -9999 -9999 -9999 -9999 -9999 -9999 -9999 -9999 -9999 -9999 -9999 -9999 -9999 -9999 -9999 -9999 -9999 -9999 -9999 -9999 -9999 0.4762352 0.4875402 0.4962051 0.4942422 0.4548548 0.4214591 0.4396163 0.4493101 0.457494 0.4580185 0.4473195 0.4220493 0.4340287 0.4098317 0.4200288 0.4038011 0.3926494 0.3941928 0.4167626 0.4265311 0.3843165 0.4023927 0.4191566 0.4195499 0.4041311 0.4275093 0.4182037 0.419559 0.4195963 0.4212462 0.4382717 0.4086295 0.4089894 0.379482 0.3628937 0.3681327 0.36982 0.4001448
-9999 -9999 -9999 -9999 -9999 -9999 -9999 -9999 -9999 -9999 -9999 -9999 -9999 -9999 -9999 -9999 -9999 -9999 -9999 -9999 -9999 -9999 0.5136495 0.5419304 0.5031964 0.4855195 0.4806924 0.4776866 0.4748991 0.4700159 0.4590769 0.4521587 0.4500981 0.4257874 0.4164855 0.4413512 0.4203564 0.4337236 0.3803406 0.3981838 0.4007335 0.4404941 0.4110702 0.3896943 0.3986862 0.4204108 0.4150296 0.4288418 0.4206978 0.4413382 0.4348641 0.4313745 0.4058809 0.4259969 0.4091661 0.3839191 0.3701088 0.3708576 0.3951785 0.3908179 0.3910657
-9999 -9999 -9999 -9999 -9999 -9999 -9999 -9999 -9999 -9999 -9999 -9999 -9999 -9999 -9999 -9999 -9999 -9999 -9999 -9999 -9999 0.502751 0.5122277 0.5210701 0.5018155 0.4726912 0.4661644 0.472486 0.476808 0.4793182 0.4408135 0.4490038 0.4532253 0.4669911 0.437494 0.4334997 0.4070039 0.3838294 0.3731027 0.3890674 0.4169081 0.4097992 0.3973785 0.4007543 0.443082 0.4435821 0.4178588 0.4294236 0.4339565 0.4432445 0.4239725 0.419164 0.4069651 0.3609773 0.3735821 0.3920845 0.384204 0.3658732 0.4095242 0.4408374 0.4423279
-9999 -9999 -9999 -9999 -9999 -9999 -9999 -9999 -9999 -9999 -9999 -9999 -9999 -9999 -9999 -9999 -9999 -9999 -9999 -9999 -9999 0.4819309 0.5392345 0.5177608 0.5119013 0.4997457 0.4834362 0.4846568 0.4744298 0.5015283 0.4872729 0.4390835 0.4628439 0.4715256 0.4406283 0.4125627 0.3970091 0.3847808 0.3746983 0.39381 0.4269196 0.4144534 0.3922994 0.4212896 0.4383728 0.4672506 0.4337813 0.4308307 0.4352388 0.4418736 0.4009336 0.3822277 0.4165739 0.3929209 0.3887742 0.4070429 0.3934599 0.3715301 0.385677 0.4411538 0.428635
-9999 -9999 -9999 -9999 -9999 -9999 -9999 -9999 -9999 -9999 -9999 -9999 -9999 -9999 -9999 -9999 -9999 -9999 -9999 -9999 -9999 0.48628 0.5340122 0.5196702 0.5104157 0.5031202 0.4828084 0.5151616 0.5114962 0.4878451 0.4565875 0.429947 0.4176815 0.4340048 0.448677 0.434932 0.4073788 0.3856159 0.3952837 0.4098795 0.4219192 0.4081904 0.420067 0.437165 0.4491987 0.4447396 0.4193113 0.4362609 0.4299638 0.4292632 0.4018161 0.3906747 0.4234717 0.4254749 0.4072647 0.4137141 0.3772847 0.3715741 0.40037 0.4001552 0.3838264
-9999 -9999 -9999 -9999 -9999 -9999 -9999 -9999 -9999 -9999 -9999 -9999 -9999 -9999 -9999 -9999 -9999 -9999 -9999 0.5119429 0.5202277 0.514473 0.5312006 0.5424959 0.5199167 0.4841924 0.4946024 0.4913673 0.4691144 0.469231 0.4366561 0.4372718 0.4372189 0.4168262 0.4226911 0.4187676 0.3955638 0.401739 0.4191829 0.4111186 0.3992832 0.4157701 0.4254319 0.4255097 0.4149278 0.4192708 0.4283413 0.4163576 0.4235599 0.4199432 0.3647234 0.4134593 0.4386348 0.4383053 0.4176844 0.4111197 0.4143722 0.4375084 0.4267548 0.4011788 0.3892689
-9999 -9999 -9999 -9999 -9999 -9999 -9999 -9999 -9999 -9999 -9999 -9999 -9999 -9999 -9999 -9999 -9999 -9999 0.5197965 0.5239452 0.5281409 0.5109582 0.51178 0.5476198 0.5725697 0.4723561 0.4765491 0.472342 0.4727704 0.4431368 0.3931624 0.4414956 0.4505269 0.4278815 0.413251 0.3947379 0.3937956 0.4350331 0.4109103 0.4111045 0.3889272 0.3961844 0.4059958 0.4149779 0.4033194 0.4207978 0.4051993 0.40801 0.4030731 0.3973749 0.3892401 0.3683419 0.4205549 0.389658 0.3904674 0.4169298 0.3870593 0.420045 0.4400569 0.4500439 0.4075794
-9999 -9999 -9999 -9999 -9999 -9999 -9999 -9999 -9999 -9999 -9999 -9999 0.4845731 0.4696644 0.4587952 0.4563729 0.4720109 0.475111 0.4728965 0.4774579 0.4974903 0.4846303 0.5021803 0.5706667 0.511017 0.4744788 0.4594155 0.4723304 0.4639341 0.4614111 0.425621 0.4540353 0.4449006 0.4464476 0.3828695 0.3909076 0.4188332 0.400013 0.3940877 0.3925079 0.3952512 0.3988265 0.4115657 0.4164516 0.4040054 0.4067912 0.4188831 0.412117 0.409697 0.408537 0.3814628 0.3829228 0.4107547 0.3990428 0.4099079 0.402757 0.4002987 0.4198377 0.4417352 0.4441157 0.4056101
-9999 -9999 -9999 -9999 -9999 -9999 -9999 -9999 0.4192873 0.4466499 0.4653573 0.4691803 0.4795739 0.4665328 0.4641996 0.4886332 0.4777165 0.4962779 0.4884901 0.4993069 0.4847439 0.4738426 0.4893748 0.5548206 0.5014349 0.4921436 0.4895955 0.4712152 0.4834793 0.4817228 0.4577729 0.4352796 0.432366 0.4496772 0.3722898 0.3808359 0.4122341 0.3720692 0.3813986 0.3669052 0.4068916 0.4021711 0.4205696 0.4061893 0.3955112 0.3672545 0.3734911 0.3911127 0.4048418 0.3925872 0.3992171 0.3863267 0.4137669 0.4065759 0.4006868 0.406983 0.4250848 0.4160753 0.4221022 0.4220535 0.3697847
-9999 -9999 -9999 -9999 -9999 -9999 -9999 0.4382846 0.4629508 0.4600087 0.4642457 0.4758357 0.4868195 0.471344 0.4803832 0.4745086 0.4831423 0.5006859 0.5212955 0.5338217 0.5013864 0.4971746 0.4985725 0.5692967 0.5188957 0.5029624 0.4782792 0.4605117 0.4634755 0.4527916 0.4361795 0.4574388 0.4482995 0.4112311 0.3724317 0.3690416 0.3748373 0.3881451 0.3814602 0.3510296 0.3926015 0.3900171 0.3940227 0.4020394 0.3987575 0.378969 0.365431 0.4124882 0.40493 0.37812 0.3662992 0.4157845 0.4179432 0.415439 0.402535 0.4157684 0.422535 0.4093458 0.4119418 0.3819377 0.3631302
-9999 -9999 -9999 -9999 -9999 -9999 0.420934 0.4476546 0.46843 0.4627972 0.4508914 0.4531671 0.4881448 0.4757298 0.4802063 0.5378224 0.5083739 0.5206925 0.504669 0.523214 0.5258798 0.4943262 0.5435248 0.5041228 0.5037892 0.480561 0.448877 0.4388237 0.4419074 0.4524236 0.4560944 0.440446 0.4311621 0.3813601 0.3674626 0.3961932 0.3636701 0.3715274 0.3848319 0.3747746 0.3617599 0.3678716 0.368803 0.4036157 0.3921694 0.3486339 0.3570162 0.3889243 0.3642332 0.3789184 0.3534902 0.4160151 0.4194818 0.4019921 0.4003397 0.3995876 0.4041655 0.4000667 0.3669614 0.3915274 0.4318672
-9999 -9999 -9999 0.3579357 0.3774576 0.3820273 0.389262 0.4468781 0.4666517 0.4444252 0.4752259 0.490326 0.488949 0.4697235 0.4583063 0.4704347 0.4663525 0.5029747 0.5221503 0.5306443 0.5311549 0.5153175 0.5196928 0.4954087 0.4859896 0.4793914 0.4888985 0.4546054 0.4671651 0.4521499 0.455059 0.4201452 0.3847219 0.377709 0.3717028 0.3818036 0.3622769 0.3600157 0.348764 0.3479272 0.3651455 0.353018 0.3422421 0.3669164 0.3779981 0.3409941 0.3781615 0.3540555 0.3599131 0.354273 0.3545465 0.3869677 0.4002034 0.4074963 0.4072191 0.3907461 0.4072317 0.4133401 0.3802532 0.3836198 0.4143125
-9999 -9999 -9999 -9999 -9999 0.4088026 0.4483505 0.4481193 0.4566712 0.4492474 0.4705765 0.4994392 0.5076628 0.5127894 0.4855693 0.4725339 0.5056863 0.486542 0.5147004 0.5258131 0.5289455 0.5194069 0.4891954 0.5034031 0.4900048 0.4987332 0.4838266 0.4656498 0.4602795 0.4621763 0.4377021 0.417988 0.3798738 0.3668213 0.3934454 0.3871734 0.36793 0.3588125 0.3468798 0.3431305 0.3452403 0.3467685 0.3716313 0.3294091 0.3409002 0.3364286 0.3691941 0.3765258 0.3558562 0.3605376 0.3665492 0.4032782 0.4244216 0.416205 0.4019504 0.3958524 0.4034854 0.3668732 0.3967551 0.3729955 0.3917038
-9999 -9999 -9999 -9999 -9999 -9999 0.4429058 0.4370992 0.4580595 0.4428644 0.4600577 0.471412 0.5166195 0.5252321 0.4786856 0.5017096 0.4705763 0.5090104 0.5214689 0.4954122 0.4919643 0.5156804 0.495036 0.4917901 0.4854239 0.4742816 0.4607275 0.4661358 0.4499635 0.4377626 0.3991635 0.3847602 0.3748734 0.3779587 0.3807794 0.3937777 0.3674513 0.3482391 0.3213885 0.3188816 0.3275419 0.3634216 0.3601953 0.3434803 0.3422461 0.3526065 0.3699279 0.3622024 0.3507751 0.3528249 0.3590471 0.3974629 0.3761699 0.3917215 0.385435 0.4016721 0.3582269 0.357558 0.3999168 0.3625478 0.3456568
-9999 -9999 -9999 -9999 -9999 -9999 0.447681 0.4517623 0.4614818 0.4668744 0.4733062 0.447985 0.4328386 0.4579487 0.4760759 0.4839679 0.486333 0.4865149 0.4971246 0.5009289 0.4992665 0.5026925 0.4802638 0.4497239 0.4306513 0.4689181 0.4341712 0.4429167 0.4345821 0.4047683 0.35989 0.3809079 0.3759658 0.3902798 0.3891349 0.3893164 0.3382911 0.3252544 0.3814349 0.3494412 0.333243 0.3394496 0.3279528 0.3298425 0.3451249 0.3270962 0.3357643 0.342263 0.3318675 0.3324789 0.3513436 0.3923134 0.3753294 0.3857571 0.3969947 0.3688992 0.3498195 0.3872713 0.3608244 0.4023852 0.3722391
-9999 -9999 -9999 -9999 -9999 0.402015 0.4113331 0.4481083 0.46149 0.4522937 0.4713553 0.4497664 0.4593619 0.4857359 0.4724956 0.5007113 0.5092491 0.4998896 0.4955752 0.4844696 0.4462134 0.4444486 0.4667311 0.4431599 0.4494374 0.4801199 0.4265454 0.4175588 0.4089116 0.4041593 0.3483543 0.3512382 0.3787549 0.3621575 0.3885539 0.3897995 0.3328911 0.324986 0.349521 0.3313478 0.347117 0.3424468 0.3428152 0.3242627 0.3126477 0.3254466 0.3277183 0.3392666 0.3335791 0.3388607 0.3566748 0.3723469 0.3658763 0.3663856 0.3461827 0.3513526 0.4010861 0.363982 0.3778613 0.4108698 0.3500889
-9999 -9999 -9999 -9999 -9999 -9999 -9999 0.40201 0.442725 0.451348 0.4560331 0.4555116 0.4668908 0.4705586 0.4812982 0.4839959 0.492267 0.4924022 0.4955601 0.42326 0.4184393 0.3803273 0.4677837 0.4601499 0.4102716 0.4051138 0.36341 0.3856657 0.38064 0.3538456 0.3783649 0.3358648 0.3813242 0.3522329 0.3427148 0.3215558 0.3580297 0.3440328 0.3246132 0.3138418 0.312164 0.3121403 0.3245429 0.340848 0.3308201 0.341448 0.3408068 0.3155923 0.3313116 0.3347115 0.3344695 0.3394838 0.3424739 0.3582529 0.356791 0.3815578 0.3748401 0.3961913 0.414619 0.4018947 0.3513859
-9999 -9999 -9999 -9999 -9999 -9999 -9999 0.3741808 0.3953395 0.4109997 0.4346916 0.4216718 0.4394387 0.4479307 0.448734 0.4753694 0.4806892 0.4849835 0.4727669 0.4331575 0.3934547 0.4001825 0.4117778 0.3674943 0.3508496 0.4188345 0.3385255 0.3711368 0.3620331 0.3247389 0.3557978 0.3265033 0.3725302 0.3562748 0.3228179 0.3115888 0.3300581 0.3302916 0.3131049 0.3233015 0.3189115 0.3102348 0.3065924 0.322427 0.3292004 0.3345492 0.2955084 0.2753713 0.2865327 0.2590015 0.2795001 0.3205866 0.3141117 0.305304 0.3507321 0.3860029 0.3913541 0.3959597 0.3902237 0.3221568 0.3207379
-9999 -9999 -9999 -9999 -9999 -9999 -9999 0.3903041 0.3984873 0.3943876 0.4318593 0.4141178 0.421997 0.4356306 0.4569201 0.5019493 0.4851537 0.4660481 0.4471368 0.4320931 0.3981023 0.3888412 0.3436958 0.348811 0.3444795 0.3383673 0.3215524 0.3154164 0.3299471 0.3330702 0.3273479 0.2985186 0.3472766 0.3271296 0.2900627 0.3395741 0.3647939 0.3223721 0.2912687 0.3212304 0.3162013 0.3098349 0.3044586 0.3035822 0.3093538 0.2971978 0.2889301 0.290383 0.2809664 0.3278415 0.3236349 0.341097 0.3335485 0.3310295 0.3466139 0.3888611 0.3844902 0.3754684 0.3615207 0.3087955 0.3254334
-9999 -9999 -9999 -9999 -9999 -9999 -9999 0.4088449 0.3888679 0.4018332 0.4115109 0.4287298 0.421792 0.4450506 0.4645768 0.4709105 0.4738888 0.4625492 0.4493406 0.4137154 0.4203347 0.3685349 0.3363197 0.3377552 0.3497221 0.3240462 0.3050871 0.290038 0.3412797 0.355014 0.3171538 0.3361279 0.3024165 0.3153075 0.301427 0.3471216 0.356404 0.3314379 0.2887706 0.2965042 0.3193941 0.3276298 0.3254572 0.3054302 0.2685261 0.3210327 0.2882458 0.2740734 0.3125752 0.2864729 0.2933249 0.3261957 0.3360335 0.3685515 0.3420255 0.3480676 0.3383606 0.3398865 0.3179425 0.3171503 0.3217707
