GIS/bf_travel_raster.asc
ncols         173
nrows         126
xllcorner     224227.65281
yllcorner     1039207.04677
cellsize      5000
NODATA_value  -9999
[rows 66 to 98 of 126, columns 76 to 151 of 173]
57.8 73.6 78.08 84.92 123.4 70.52 75.64 68.32 64.8 37.28 19.64 30.44 32.64 50.6 47.36 19.68 31.4 49.76 92.56 130.32 123.88 182.52 137.36 112.36 110.96 124.36 102.16 115.48 74.96 83.84 70.52 65 118.08 166.36 133.76 39.52 23.6 28.04 39.04 53.24 55.56 45.08 54 47.64 53.36 62.6 91.2 89 44.64 38.6 36.56 10.72 2.24 4.36 8.72 19.4 56.24 89.96 66.96 49.96 47.72 44.56 49.84 119.04 181.56 198.48 181.76 141.44 121.36 124.04 115.96 123.16 138.12 147.68 134.24 93.08
108.24 94.28 90.68 112.76 100.48 92.76 126.2 114.8 66.72 35 26.6 47.32 61.24 49.92 42.76 39.52 23.24 38.84 55.68 64.4 103.8 197.88 193.72 137.76 164.04 135.4 117 101.96 84.8 84.88 93.64 75.96 119.64 186.68 136.48 46.8 32.52 22.4 33.44 43.64 55.2 56.52 60.44 58.28 65.52 102.08 122.12 127.04 58 44.2 33.88 29.56 17.76 17.68 26.96 40.12 27.52 20.72 37.16 68.16 86.52 88.92 62.08 96.08 167.8 229.92 249.08 226.32 212.52 212.96 206.76 197.76 200.76 176.88 179.72 108.4
185.2 142.6 165.36 146 96.48 92.96 76.52 68.4 62.64 63.08 46.92 43.76 60.88 74.76 63.52 46.88 31.64 39.92 63.04 75.44 113.48 210.2 239.12 187.2 151.04 148.04 164.6 113.32 99 104.48 98.96 86.28 74.44 117.64 95.16 44.84 29.6 39.8 48.76 44.16 56.84 92.4 91.32 71.4 70.52 90.2 113.24 140.88 97 85.04 98.2 33.48 57.64 17.6 41.2 45.08 45.36 46.12 86.28 150.76 176.52 166.96 111.12 77.56 106.24 162.72 224.52 289.96 304.12 301.28 294.16 280.52 287.08 243.96 176.28 121.96
244.8 232.48 242.12 203.36 132.8 133.52 114.76 93.08 105.72 71.88 43.44 33.4 54.96 85.88 64.56 53.08 36.84 51.44 63 112.52 123.28 143.64 196.72 165.68 97.36 148.56 178.76 152.64 124.2 143.6 136.2 116.8 86.72 57.2 45.12 30.4 18.96 31.72 35.72 83 85.84 73 81.28 101.8 91.96 130.76 185.12 158.64 170.56 157.64 112.28 47.28 88.8 19.52 39.4 60.52 50.84 97.04 168.72 228.48 266.2 215.12 177.16 135.84 105.04 136.48 206.84 300.56 358.92 377.36 381.36 375.08 353.8 274.56 199.44 155.68
206.76 234.36 240.32 215.96 141.32 168.72 125.4 114.36 105.76 76.92 39.76 44.52 66.16 74.4 58.52 51.48 48.36 51.24 62.4 85.52 84.2 100.84 172 153.2 82.08 121.8 98.68 135.6 167.88 143.28 91.2 65.36 54.36 52.92 32.96 43.24 25.4 28.64 53.44 86.8 54.44 111.36 130.36 118.2 95.48 121.84 206.36 200.36 207.44 160.96 93.68 53.16 64.32 27.4 43.48 46.72 62.16 135.4 221.28 292.92 314.32 276.52 252.6 202.48 170.28 169.84 221.64 296.88 358 424.44 454.84 428.6 380.76 324.44 266.92 241.48
118.6 146.56 169.72 202.8 143.16 167 178.68 144.12 131.56 77.92 56.88 45 79.32 91.36 76.72 76.6 47.76 41.04 60.72 62.52 76.88 86.6 138 115.24 60 78 67 60.16 76.16 56.52 22.52 51.32 38.72 23.76 36.76 17.48 13.92 18.6 40.36 45.24 64.44 100.64 86.72 106.64 136.28 117.2 184.2 170.92 159.68 98.2 66.8 96.44 65.64 34.4 27.84 46.04 70.92 149.76 243.28 336.72 373.84 344.76 301.04 254.96 200.08 195.04 255.2 321.52 381.6 444.16 502.24 472.84 430.2 396.52 355.44 332.2
64.08 79.24 106.72 137.4 132.36 124.8 167.56 149.6 95.52 84.24 47.84 97.52 165.2 168 109.72 72 59.96 42.8 54.6 71 64.76 67.32 104.6 75.48 47.56 47.16 46.96 30.44 24.04 19.24 18.76 14.2 7.28 9.76 31.36 14.6 1.56 11.36 33.64 59.92 61.8 72.12 113 180.08 202.72 131.2 157.76 175.76 115.4 84.04 123.24 173.08 132.52 57.76 23.52 60.08 63.2 141.28 236.08 313.68 368.8 391.8 344.8 285.16 244.08 249.08 280.36 340.6 405.28 458.88 482.68 480.72 456.68 412.96 349.52 296.08
66.48 77.96 94.88 99 96.52 101.24 118.72 114.52 68.52 47.76 54.56 97.2 160.84 174.56 106.12 79.2 63.4 50.24 49.68 65.04 53.64 43.64 46.44 43 34.8 53.36 43.76 31.44 29.64 28.84 33.04 23.24 21.72 22.56 59.24 34.04 12.28 18.04 26.68 34.44 51.24 70.8 139.24 212.16 246.84 166.6 140.96 158.68 97.52 113.52 196.04 234.48 159 71.8 50.44 35.68 56.32 141.12 214.92 274.32 336.64 394.76 377.8 338.36 321.04 316.72 339.2 383.68 425.68 421.44 420.48 425.2 405.4 375.56 323.16 250.76
70.72 83.4 96 94.04 84.68 106.28 79.88 113.04 105.72 53.4 88.32 103.36 136.36 169.76 129.48 94.48 92.88 71.12 62.88 60.24 50.92 62 46.52 52.76 59.68 106.12 103.84 94.08 61 45.6 46.32 40.8 35.08 39.12 33.2 32.72 29.48 46.52 100.2 85.04 76.4 65.92 86.16 154.64 232.84 179 121.92 111.32 120.24 131.16 209 253.04 168.48 105.04 88.32 42.16 56.36 119.84 183.24 244.92 310.76 371.44 417.04 395.64 383.64 375.92 392.92 403.08 379.4 356.32 350.68 353.44 335.36 306.52 276.08 216.56
95.4 92.32 108.24 99.64 83.4 78.16 72.4 90.36 82.84 66.16 126.48 158.8 160.6 181.12 181.32 152.92 142.68 84.08 59.84 64.68 59.56 54.12 59.48 72.12 67.8 119 172.84 130.84 107.16 74.64 66.8 89.8 86.96 58.24 57.68 51.76 26.76 57.76 155.04 179.84 164.2 129.88 78.76 108.08 195.16 209.88 171.68 129 149.4 161.12 189.72 258.52 235.04 192.16 126.08 81.48 44 99.12 168.52 231.24 302.72 360.08 427.76 455.96 450.84 438.64 399.24 359.32 315.92 292.4 291.92 290.72 277.08 246.8 221.96 195.36
111.72 106.32 148.48 137.16 108.48 65.68 59.28 65.48 57.64 107.36 174.12 212.64 221.52 207.84 211.32 191.12 124.92 69.76 65.2 74.4 85.48 66.16 62.08 82.2 86.68 94.72 131 159.84 96.16 83.6 85.04 139.08 168.32 145.32 107.52 53.4 30.76 64.76 165.16 246.28 242.28 186.24 110.48 89.12 115.28 161.08 189.64 129.2 138.96 197.04 199.8 228.28 295.52 259.4 192.36 112.68 45.48 95 163.84 222.48 289.92 348 417.8 475.52 481.56 431.36 369.96 317.6 269 230.2 231.2 225.24 203.04 185.24 152 130.48
82.6 105.16 102.64 86.2 77.84 65.44 47.24 53.6 99.6 172.32 226.88 272.76 286.64 268.32 219.08 170.2 118.76 112.48 63.84 71.48 94.48 84.4 73.84 67.44 76.32 97.36 120.76 154.04 128.08 119.44 104.4 166.64 179.32 147.72 79.68 33.92 24.64 71.92 164.84 250.68 247.76 177.04 107.56 103.4 114.56 123.88 167.12 119.52 173.96 242.16 279.52 253.92 290.64 313 218.52 129.76 50.68 89.36 157.8 216.36 284.92 346.52 412.44 466.12 441 398.08 339.48 284.56 216.64 169.72 144.08 158.72 139.96 130.44 97.92 74
115.16 155.8 162.28 150.12 106 66.84 43.32 68.96 133.56 211.92 302.12 333.44 344.6 307.76 240.52 189.68 161.6 160.04 76.72 88.16 141.28 103.36 143.12 120.08 79.12 101.56 164.6 207.24 176.32 151.28 161.16 148.76 114.4 77.84 48.16 58.64 44.04 38.96 135.52 221.68 255.68 193.72 150.52 120.4 147.04 119.92 109 116.2 159.44 242.96 334.76 315.52 261.08 266.08 222.2 134.04 55.64 87.96 146.12 203.96 266.32 326.24 389.28 415.4 392.68 351.72 309.2 251.04 179.48 114.44 83.32 115.04 81.04 65.84 63.76 92.56
149.8 222.6 220.36 150.24 71.36 64.36 48.24 73.6 129.28 204.76 277.52 307.08 334.64 305.4 276 237.16 168.24 129.24 88.84 82.76 161.04 185.84 221.52 198.64 122.52 78.64 113.2 155.4 133.72 117.16 183.52 145.28 93.48 64.04 63.92 96.16 58.36 39.28 131.48 221.08 269.76 218.12 156.8 118.64 141.36 107.16 96.04 143.4 146.24 224.72 324.76 333.04 256.2 211.52 189.4 131.52 68.28 56.28 115.84 175.28 237.76 301.24 357.28 364.12 335 307.24 265.28 218.08 172.88 107.4 63.56 57.96 65.32 91.2 119.28 142.5
167.28 217.2 182.32 108.44 69 42.72 63.88 78.08 100.84 149 187.52 210.8 245.68 221.24 222.96 239.48 179.28 136.36 92.64 74.04 133.56 185.56 235.08 248.16 189.68 135.56 84.88 92.72 88 109.08 131.08 116.24 93.84 70.76 64.72 63.44 44.84 41.32 133.96 223.76 243.92 169.92 121.24 118.08 114.16 113.16 92.08 134.32 153.04 204.52 298.56 363 310.8 220.96 162 146.56 97.32 43.88 90.88 155.92 216.4 266.84 298.64 306.6 274.6 238.92 216.52 168.6 127.8 86.32 46.72 54.52 86.92 121.8 166.48 -9999
128.04 172.84 138.64 67.4 47.8 48.12 81.64 111.68 110.4 97.44 103.6 141.36 170.68 141.28 137.92 167.28 203.96 179.68 114.44 72.84 105.8 144 208.2 248.24 227.68 162.32 107.84 139.88 95.48 105.56 116.8 104.56 93.52 81.32 81.4 75.24 48.84 44.84 133.88 224.96 239.08 167.92 98.56 89.68 92.12 108.68 82.56 118.36 173.52 177 252.92 298.4 317.16 250.28 180.16 124.56 89.84 49.2 65.6 126.28 178.2 206.68 238.28 253.84 222.48 185.8 155.6 117.32 82.76 45.48 70.64 119.48 115.88 154.625 -9999 -9999
83.8 116.04 102.72 42.12 34.72 37.36 39.04 44.2 62.76 49.64 54.68 72.24 112.8 131.76 117.52 107 161.68 190.16 140.12 82.52 108.6 158.16 197 202.36 184.36 134.88 145.68 202.68 146.28 98.24 103.24 119.72 103.76 93.4 84.28 63.36 53.64 53.2 132.52 203.72 233.72 169.12 101.68 72.44 89.36 92.72 77.08 92.32 156.92 185.8 181.64 203.12 236.32 251.84 195.76 123.88 65.36 43.6 41.92 101.48 133.08 149.84 192.76 207.48 167.32 129.48 97.88 56.28 37.68 66.6 120.96 181.32 169.5714 197.9583 -9999 -9999
58.68 68.8 66.48 29.44 34.96 60.4 66.92 63.72 64.92 89.48 103.48 79.24 61.36 67.6 75.92 78.72 114.68 178.12 167.24 98.4 97.96 158.96 177.4 155.96 160.68 152.64 191.28 251.2 214.8 140.32 104.84 154.68 126.12 110.12 85.96 104.8 58.48 42.92 78.24 145.44 198.16 140.6 74.48 57.72 96.28 54.92 98.28 77.8 126.84 202.8 193.08 152.2 152.56 178 135.96 77.08 73.84 61.16 37.48 47.36 59.32 104.8 144.08 148.56 113.44 73.76 46.24 33.6 71.48 116.16 158.28 211.56 -9999 247.75 -9999 -9999
74.68 52.68 23.12 31.64 78.64 115.16 76.64 95.32 147.16 147.44 111.68 97.44 78.24 78.56 86.88 78 76.88 135.04 143.24 108.04 96.04 157.8 157.32 121.2 136.2 164.92 220 253.12 196.28 149.08 109.04 133.36 149.56 144.72 117.88 134.76 96 59.08 45.2 89.56 132.48 107 52.4 62 76.88 46.08 105 83.4 78.4 139.68 135.84 120.68 123.52 112.16 95.04 93.36 118.4 75.68 68.8 39.4 24.12 47.6 84.28 91.4 60.16 31.96 41.44 78.36 111.36 -9999 -9999 -9999 -9999 -9999 -9999 -9999
33 25.12 34.04 73.36 80.52 103.16 88.52 108.28 158.44 127.48 107.44 106.28 116.24 124.52 112.28 99.04 72.72 81.48 103.72 99.04 101.72 114.16 112.16 99.36 119.92 164.16 181.72 210.72 174.48 125.24 101.92 107.84 115.28 124.24 136.2 118.52 88.52 59.36 54.44 48.16 58.72 80.92 41.04 46.68 44.16 29.64 56.64 61.92 48.76 59.48 71.04 84.16 86.6 112.6 92.16 74.64 78.44 80.56 81.96 46.72 52.52 32.12 27.6 24.52 30.04 61 89.52 129.04 161.08 157.32 -9999 -9999 -9999 -9999 -9999 -9999
13.2 19.16 49.32 89.92 121.4 140.8 104.88 118.04 138.04 131.6 117.56 118.08 128.12 127.04 118.56 103.76 91.56 107.04 87.72 79.6 82.44 109.04 138 100.96 149.36 175.24 151.8 193.96 189.72 156.64 117.08 103.48 120.32 165.6 156.68 104.72 90.56 73.04 74.13636 85.88889 46.5625 42.3913 32.88 20.32 20.68 28.12 43.84 36.72 38.96 97.96 136.12 110.04 97.8 129.76 126.44 69.32 55.08 48.96 56.96 69.6 42.2 47.32 30.8 17.68 47.48 78.84 119.24 165.04 188.8333 -9999 -9999 -9999 -9999 -9999 -9999 -9999
29.92 47.96 38.36 48.64 83.04 125.4 103.32 107.24 124.28 137.92 132.88 135.44 139.6 137.92 131.32 121.48 106.08 114.52 104.88 89.48 93.28 104.92 133.8 108.8 118.88 132.56 145.72 177.64 161.76 125.76 115.04 123.64 114.32 131.72 133.56 111.5833 99.58823 101.0417 71.27778 -9999 -9999 -9999 -9999 26 8.933333 7.7 32.76191 54.48 53.84 97.92 102.76 113.36 107.88 169.2 163.28 98.52 69.96 35.12 49.28 54.36 16.72 22.4 18.12 22.48 23.28 33.2 95.91666 153.64 -9999 -9999 -9999 -9999 -9999 -9999 -9999 -9999
16.84 41.44 80.28 76.96 59.84 76.88 99.08 132.76 129.6 143 144.48 154.16 156.88 170.68 165.92 133.8 128.04 142.4 139.12 107.92 90.76 103.36 113.24 110.52 104.52 109.2 127.84 123.52 121.04 119.08 137.28 134.08 128.96 120.64 102.96 -9999 -9999 -9999 -9999 -9999 -9999 -9999 -9999 -9999 -9999 -9999 -9999 -9999 66.125 66.30769 81.5 101.6667 121.6 182.28 194.68 144 87.08 35.28 27 21.44 4.44 10.04 57.64 46 46.44 25.44 -9999 155.7 200.4444 -9999 -9999 -9999 -9999 -9999 -9999 -9999
23.76 45.92 86.56 144.6 96.72 71.88 94.2 102 117.88 133.8 152.92 167.92 181.44 202.44 184.92 151.96 175.04 204.4 159.56 115.32 93.16 106.08 111.24 112.76 112.72 131.48 109.32 113.24 124.04 152.24 159.76 172.04 148.6 128.68 121.2632 -9999 -9999 -9999 -9999 -9999 -9999 -9999 -9999 -9999 -9999 -9999 -9999 -9999 -9999 -9999 -9999 -9999 -9999 159.6667 157.9091 133.9375 43.4 19.96 29.12 23.4 26.68 17.16 69.32 80.64 38 -9999 -9999 -9999 -9999 -9999 -9999 -9999 -9999 -9999 -9999 -9999
88.09091 119.05 121.5238 179.1 132 122.3 123.2857 114.5833 157.7143 178.2857 -9999 -9999 -9999 -9999 207.6667 176.3333 174.4 204.6667 159.8 104.3333 -9999 -9999 71.8 87.3 92.2 113.7826 -9999 87.625 97.1 108.2 144.3889 187.36 148.35 119.5714 -9999 -9999 -9999 -9999 -9999 -9999 -9999 -9999 -9999 -9999 -9999 -9999 -9999 -9999 -9999 -9999 -9999 -9999 -9999 -9999 -9999 78 22.56522 54.66667 -9999 -9999 -9999 -9999 -9999 -9999 -9999 -9999 -9999 -9999 -9999 -9999 -9999 -9999 -9999 -9999 -9999 -9999
-9999 -9999 -9999 -9999 -9999 -9999 -9999 -9999 -9999 -9999 -9999 -9999 -9999 -9999 -9999 -9999 -9999 -9999 -9999 -9999 -9999 -9999 -9999 -9999 -9999 -9999 -9999 -9999 -9999 -9999 110.6 151.5909 -9999 -9999 -9999 -9999 -9999 -9999 -9999 -9999 -9999 -9999 -9999 -9999 -9999 -9999 -9999 -9999 -9999 -9999 -9999 -9999 -9999 -9999 -9999 -9999 -9999 -9999 -9999 -9999 -9999 -9999 -9999 -9999 -9999 -9999 -9999 -9999 -9999 -9999 -9999 -9999 -9999 -9999 -9999 -9999
-9999 -9999 -9999 -9999 -9999 -9999 -9999 -9999 -9999 -9999 -9999 -9999 -9999 -9999 -9999 -9999 -9999 -9999 -9999 -9999 -9999 -9999 -9999 -9999 -9999 -9999 -9999 -9999 -9999 -9999 -9999 92.8 -9999 -9999 -9999 -9999 -9999 -9999 -9999 -9999 -9999 -9999 -9999 -9999 -9999 -9999 -9999 -9999 -9999 -9999 -9999 -9999 -9999 -9999 -9999 -9999 -9999 -9999 -9999 -9999 -9999 -9999 -9999 -9999 -9999 -9999 -9999 -9999 -9999 -9999 -9999 -9999 -9999 -9999 -9999 -9999
-9999 -9999 -9999 -9999 -9999 -9999 -9999 -9999 -9999 -9999 -9999 -9999 -9999 -9999 -9999 -9999 -9999 -9999 -9999 -9999 -9999 -9999 -9999 -9999 -9999 -9999 -9999 -9999 -9999 -9999 -9999 -9999 -9999 -9999 -9999 -9999 -9999 -9999 -9999 -9999 -9999 -9999 -9999 -9999 -9999 -9999 -9999 -9999 -9999 -9999 -9999 -9999 -9999 -9999 -9999 -9999 -9999 -9999 -9999 -9999 -9999 -9999 -9999 -9999 -9999 -9999 -9999 -9999 -9999 -9999 -9999 -9999 -9999 -9999 -9999 -9999
-9999 -9999 -9999 -9999 -9999 -9999 -9999 -9999 -9999 -9999 -9999 -9999 -9999 -9999 -9999 -9999 -9999 -9999 -9999 -9999 -9999 -9999 -9999 -9999 -9999 -9999 -9999 -9999 -9999 -9999 -9999 -9999 -9999 -9999 -9999 -9999 -9999 -9999 -9999 -9999 -9999 -9999 -9999 -9999 -9999 -9999 -9999 -9999 -9999 -9999 -9999 -9999 -9999 -9999 -9999 -9999 -9999 -9999 -9999 -9999 -9999 -9999 -9999 -9999 -9999 -9999 -9999 -9999 -9999 -9999 -9999 -9999 -9999 -9999 -9999 -9999
-9999 -9999 -9999 -9999 -9999 -9999 -9999 -9999 -9999 -9999 -9999 -9999 -9999 -9999 -9999 -9999 -9999 -9999 -9999 -9999 -9999 -9999 -9999 -9999 -9999 -9999 -9999 -9999 -9999 -9999 -9999 -9999 -9999 -9999 -9999 -9999 -9999 -9999 -9999 -9999 -9999 -9999 -9999 -9999 -9999 -9999 -9999 -9999 -9999 -9999 -9999 -9999 -9999 -9999 -9999 -9999 -9999 -9999 -9999 -9999 -9999 -9999 -9999 -9999 -9999 -9999 -9999 -9999 -9999 -9999 -9999 -9999 -9999 -9999 -9999 -9999
-9999 -9999 -9999 -9999 -9999 -9999 -9999 -9999 -9999 -9999 -9999 -9999 -9999 -9999 -9999 -9999 -9999 -9999 -9999 -9999 -9999 -9999 -9999 -9999 -9999 -9999 -9999 -9999 -9999 -9999 -9999 -9999 -9999 -9999 -9999 -9999 -9999 -9999 -9999 -9999 -9999 -9999 -9999 -9999 -9999 -9999 -9999 -9999 -9999 -9999 -9999 -9999 -9999 -9999 -9999 -9999 -9999 -9999 -9999 -9999 -9999 -9999 -9999 -9999 -9999 -9999 -9999 -9999 -9999 -9999 -9999 -9999 -9999 -9999 -9999 -9999
-9999 -9999 -9999 -9999 -9999 -9999 -9999 -9999 -9999 -9999 -9999 -9999 -9999 -9999 -9999 -9999 -9999 -9999 -9999 -9999 -9999 -9999 -9999 -9999 -9999 -9999 -9999 -9999 -9999 -9999 -9999 -9999 -9999 -9999 -9999 -9999 -9999 -9999 -9999 -9999 -9999 -9999 -9999 -9999 -9999 -9999 -9999 -9999 -9999 -9999 -9999 -9999 -9999 -9999 -9999 -9999 -9999 -9999 -9999 -9999 -9999 -9999 -9999 -9999 -9999 -9999 -9999 -9999 -9999 -9999 -9999 -9999 -9999 -9999 -9999 -9999
-9999 -9999 -9999 -9999 -9999 -9999 -9999 -9999 -9999 -9999 -9999 -9999 -9999 -9999 -9999 -9999 -9999 -9999 -9999 -9999 -9999 -9999 -9999 -9999 -9999 -9999 -9999 -9999 -9999 -9999 -9999 -9999 -9999 -9999 -9999 -9999 -9999 -9999 -9999 -9999 -9999 -9999 -9999 -9999 -9999 -9999 -9999 -9999 -9999 -9999 -9999 -9999 -9999 -9999 -9999 -9999 -9999 -9999 -9999 -9999 -9999 -9999 -9999 -9999 -9999 -9999 -9999 -9999 -9999 -9999 -9999 -9999 -9999 -9999 -9999 -9999
