GIS/bf_travel_raster.asc
ncols         173
nrows         126
xllcorner     224227.65281
yllcorner     1039207.04677
cellsize      5000
NODATA_value  -9999
[rows 66 to 98 of 126, columns 0 to 75 of 173]
-9999 -9999 -9999 -9999 -9999 -9999 -9999 -9999 -9999 -9999 -9999 -9999 -9999 -9999 -9999 -9999 -9999 -9999 -9999 93.8 144.76 198.52 221.2 247.8 190.28 112.52 88.84 69.16 55 38.28 41.52 52.08 34.24 47.96 121.72 209.52 254.64 271.4 218 128.36 54.68 45.12 65.04 78.6 87.52 94.2 79.56 61.48 54.24 37.16 26.08 28.48 76.44 102.44 78.8 88.92 105.4 161.88 160.96 119.36 120.76 71.2 68.72 69 46.76 79.76 67.72 55.44 62.32 35.52 29.6 20.08 32.12 29.28 38.44 83.88
-9999 -9999 -9999 -9999 -9999 -9999 -9999 -9999 -9999 -9999 -9999 -9999 -9999 -9999 -9999 -9999 -9999 -9999 81.05264 84.86957 86.84 115.92 155.92 225.52 197.08 110.24 84.92 66.08 59.72 67.4 55.2 64.12 80.8 106.36 140.76 199.6 230.28 206.24 181.76 101 51.32 56.64 69.52 128.16 116.04 99.48 86.44 98.36 90.08 42.64 58.76 64.36 40.8 59.2 97.88 108.32 123 168.36 179.12 148.72 136.2 75.52 75.96 76.52 74.64 65.44 81.6 111.48 75.2 41.6 27.24 29.84 31.6 58.36 67.36 111.76
-9999 -9999 -9999 -9999 -9999 -9999 -9999 -9999 -9999 -9999 -9999 -9999 208.5385 192.9 139.9545 167.36 141.4 112.0952 109.32 132.2 82.6 70.64 126.12 201.96 198.48 98.12 93.92 69.8 77.8 140.56 105.64 66.8 124.24 190.68 178.96 164.48 138.4 121.96 135.32 86.2 65.92 72.2 77.88 96.68 133.68 106.52 82.36 72.88 65.2 58.88 70.32 124.72 90.8 59.4 78.08 92.04 98.84 131.28 170 145.76 93.08 71.28 104.24 120.68 72.24 64.52 124.16 134.64 74 31.04 44.4 87.24 48.36 68.44 141.84 183.12
-9999 -9999 -9999 -9999 -9999 -9999 -9999 -9999 264.6429 199.4 194.24 202.96 194.48 169.56 149 148.4 140.16 109.72 135.92 174.84 135.28 72.08 99.6 158.52 192.76 128.4 91.28 98.24 137.2 149.28 145.68 86.92 119.84 184.24 146.84 123.36 105 94.04 80.32 66.76 62.28 86.32 136.64 120.6 110.88 99.92 83.6 84.44 94.76 82.8 74.6 146.32 168.16 128.84 87.76 81.4 104.32 151.92 127.56 104.88 106.2 83.28 132.84 142.32 68.96 51.96 63.2 53 38.72 36.96 71.12 133.36 64.04 44 103.2 190.24
-9999 -9999 -9999 -9999 -9999 -9999 -9999 313.3077 270.92 210.28 205.16 176.84 170.76 160.52 173.96 184.48 192.2 131 118.24 160.24 174.4 100.16 69.24 105.96 115.44 120.04 94.2 119.08 126.36 121.12 120.28 102.36 105.52 150.72 131.72 116.16 113.52 87.6 78.32 51.72 59.92 73.96 141.72 182.76 132.96 105.04 100.2 94.84 118.6 100.12 83.88 148.8 187.04 188.48 153.8 101.44 99.24 122.76 110.32 131.28 150.04 97.88 108.76 124.32 74.88 49.8 53.8 77.68 81.56 51.6 82.72 116.04 91.28 40.36 70.6 140.84
-9999 -9999 -9999 -9999 -9999 -9999 320.7059 288.76 234.88 223.84 242.8 237.2 202.76 178.16 177.12 155.28 179.56 131.76 145.52 176.48 179.28 121.28 70.12 83.96 97.64 100.68 117.04 128.52 138.48 137.76 157.8 117.32 105 141.8 129 115.56 95 80.72 58.44 60.2 81.72 76.12 88.68 126.72 124.2 130.04 138.24 108.44 145.32 112.24 89 104.44 111.56 117.08 107.44 87.08 85.44 116.4 126.24 142.52 178.76 131.92 70.6 73.64 59.16 101.16 62.28 116.2 128.44 75.72 89 68.28 60.76 41 42.32 80.08
-9999 -9999 -9999 197.6667 221.375 270.375 281.52 242.6 249.16 254.24 227.36 263.44 248 211.6 193.68 147.08 160.24 127.48 127.96 172.96 116.48 77.16 60.24 86.04 88.2 101.16 120.56 181.88 190.36 140.88 183.28 140.12 112.24 123.92 119.72 131.08 121.28 94.64 65.6 88.04 94.76 99.4 96.2 96.12 110.2 117.52 121.52 107.08 122.96 102.72 98.68 92.12 112.88 118.92 90.2 103.64 74.68 74.76 80.56 95.16 104.84 88.44 59.44 57.8 108.84 133.04 72.28 125.96 141.96 86.44 118.52 114.56 78.72 72 48.32 65.64
-9999 -9999 -9999 -9999 -9999 217.5 233.1429 258.8 306.8 274.6 218.2 206.16 223.12 258.16 223.64 144.52 133.68 105.96 109.6 108.68 108.88 97.44 57.92 61.32 100.84 125.16 116.68 156.08 178.96 130.12 130.32 123.08 126.24 111.28 105.76 86.76 72.44 56.8 83.72 139.24 110.24 101.64 108.48 98.36 117.68 126.72 112.76 103.6 89.12 85.28 80.2 87.88 76.92 76.44 98.36 111.04 63.12 53.16 66.28 75.76 75.6 71.8 95.96 64.52 108.12 122.68 111.08 149.2 113.04 117.4 182.24 194.72 124.2 62.88 42.56 55.72
-9999 -9999 -9999 -9999 -9999 -9999 203.7826 270.48 331.28 316.64 269.24 220.28 178.2 196.08 191.36 136.56 130.16 109.4 96.44 93.04 77.12 56.44 53.6 80.96 124.4 171.84 131.64 127.88 171.4 126.88 138.6 131.8 143.28 98.68 84.76 70.76 64.24 52.24 89.4 105.8 96.88 87.24 83.2 83 109.68 113 119.52 117.16 88.4 76.32 66.04 80.52 70.2 49.8 56.4 49.64 61.56 83.96 93.84 122.36 103 85.36 137.64 95.28 87.56 119.92 121.64 113.44 127.44 171.72 230.68 207.76 115.4 51.24 49 57.96
-9999 -9999 -9999 -9999 -9999 -9999 220.12 283.12 310.28 283.36 250.2 231.36 178.2 157.8 167.84 127.44 122.68 105.2 135 141.64 105.64 53.44 67.64 140.2 184.88 214.28 161.48 102.84 105.08 131.24 146.12 121.28 134.28 80.92 78.36 61.08 48.28 71.04 71.24 83.96 73 67.76 67.32 69.32 92.72 76.16 120.52 89.2 69.56 95.08 96.64 62.24 41.2 45.2 69.12 90.44 140.08 168.68 161.68 155.08 106.4 103.96 169.88 126.68 67.12 83.08 89.96 85.76 159.16 217.16 261.48 207.44 113.8 53.52 73.44 89.72
-9999 -9999 -9999 -9999 -9999 135.5455 197 226.84 269.2 236.24 203.64 185.72 163.88 148.44 135.44 119.32 93.64 101.2 96.48 80.72 58.96 43.84 98.64 158.04 211.2 201.92 143.56 95.24 117.4 163.16 119.12 115.28 134.24 78.56 55.96 50.92 58.12 98.24 103.68 74 53.6 67.44 60.96 50.24 48.76 88.12 103.32 54.84 73.12 102 65.76 41.76 49 102.52 137.88 156.72 192.92 230.72 186.76 135.12 102.76 120.08 177.76 154.48 95.32 56.72 57.56 75.48 148.12 205.48 272.16 216.2 114.48 51.48 102.32 136.12
-9999 -9999 -9999 -9999 -9999 -9999 -9999 210.625 223.28 224.28 255.44 237.16 168.76 154.12 139.8 116.8 105.6 83.52 86.44 104.12 83.36 35.8 70.28 125.52 147.44 120.72 83.8 88.08 146.12 146.36 93.88 99.32 153.8 108.8 52.92 50.76 91.68 129 111.08 80.08 83.56 49.16 41.36 35.4 42.64 93 54.08 29.52 59.36 79 43.48 35.2 60.8 99.6 147.44 180.4 229.96 229.72 179.44 126.4 104.64 104.84 105.48 91.12 73.6 77.76 60.32 64.24 133.36 196.28 263.56 223.44 125.44 50.32 72.96 91.56
-9999 -9999 -9999 -9999 -9999 -9999 -9999 196 203.24 217.88 262.28 246.48 192.96 144.32 130.32 168.28 127.72 92.84 136.32 126.88 76 60.6 37.08 63.68 64.24 55.6 73.48 118 153.88 154.72 104.28 68.76 111.92 66.28 40.52 83.36 125.76 114.52 94.08 103.08 127.16 84.4 31.52 14.84 24.84 16.88 15.2 19.16 27.72 25.88 43.48 106.56 130.2 116.32 163.68 186.6 215.2 191.92 157.48 131.12 114.12 111 132.28 146.04 158.52 166.32 107.68 54.68 80.64 142.96 210.6 194.68 116.36 47.24 63.44 67.12
-9999 -9999 -9999 -9999 -9999 -9999 -9999 194.8824 211.64 184.2 191.72 191.68 155.64 141.56 151.32 185.12 115.56 108.68 108.04 114.12 88.52 116.08 65.04 28.68 50.28 77.92 115.6 132.24 112.32 152.84 149.56 85.92 62.76 36.44 67.52 98.04 93.56 102.28 91.52 83.76 67.48 54.4 33.24 9.52 6.44 37.28 38.76 47.36 62.2 69.44 42.08 99.24 98.88 141.16 193.96 209.64 214.36 211.76 187.44 168.04 136.8 132.96 183.84 189.6 205.76 206.8 122.32 53.4 69.96 104.36 127.12 118.16 72.44 43.72 80.24 64.36
-9999 -9999 -9999 -9999 -9999 -9999 -9999 164.7143 228 196.68 173.52 168.96 157 150.28 143.52 147.04 118.64 121.16 134.96 123.2 129.52 101.92 56.52 27.28 50 90.72 131.84 122.04 87.92 131.6 174.08 96 30 41.6 61.8 74.48 102.24 101.32 95.76 98.24 115.48 72.88 25 11.08 20.56 59 59.24 101.4 108.16 72.2 32.28 42.28 59 78.08 135.4 134.64 137.52 144.92 179.64 205.32 157.84 132.64 151.6 142.08 136.64 169.12 132.24 69.44 50.32 70.92 62.68 55.36 32.92 67.72 50.16 90
-9999 -9999 -9999 -9999 -9999 -9999 -9999 190.9 247.64 230.64 206 218.68 157.32 139.6 160.4 159.6 126.44 136.4 149.48 121.28 84.44 68.04 39.56 32.08 19.04 32.92 89.36 80.88 74.92 95.72 109.2 57.72 24.2 42.8 61.12 81.96 97.84 93.96 78.24 93.28 127.76 69.44 18.6 23.56 53 44.76 80.72 121.16 64.8 57.12 49.52 47.16 53.48 73.16 72.4 90.4 111.64 133.2 147.6 180.28 148.44 151.84 147.56 181.44 119.56 107.72 79.4 56.36 42.8 43.6 57.48 56.76 42.24 39.12 47.72 81.32
-9999 -9999 -9999 -9999 -9999 -9999 177.375 200.72 220.04 212.68 203.12 179.48 157.16 131.32 143.32 142.8 132.88 163.24 199.04 134.28 108.36 61.8 47.84 36.8 24.6 19.04 36.56 48.44 87.32 48.28 42.92 24.56 64.2 72.48 71.88 81.08 108.6 93.48 65.16 63.28 79.28 29.4 23.56 48 82.32 60.12 111 96.52 70.28 89.92 85 94.6 54.44 50.72 63.56 98.88 110.88 124.4 139.52 141.88 152.6 187.4 131.32 161.56 156.88 98.88 76.68 68.92 47.96 30.36 37.84 49.4 65.12 35.48 31.44 47.44
-9999 -9999 -9999 -9999 -9999 -9999 172.4 134.16 162.12 154.08 193.88 192.52 165.16 124.36 152.68 138.72 117.68 140.08 169.92 123.68 83.16 59.72 62 57.12 36.52 38.36 16.2 35.08 34.04 19.76 17.36 27.24 55.36 92.2 82.56 71.8 112 113.24 70.88 69.04 39.28 20.04 47.12 35.2 47.92 63.24 75.44 78.44 114.4 90.6 105.68 96.4 81.72 47.28 92.56 91.2 118.36 148.56 148.32 122.48 181.84 222.4 152.36 116.6 182 154.96 97.08 74.88 90.12 65.44 31.72 43.36 102.28 79.36 22.36 44.96
-9999 -9999 -9999 -9999 -9999 -9999 153.12 128.32 154.12 140.44 173.72 173.96 151.68 115.96 146.96 183.28 139 108.6 104.16 102.84 65.08 57.2 48.52 41.76 41.88 65.28 9.56 15.4 10.64 21.44 41.24 59.44 68.52 54.76 74.68 72.96 92.8 111.4 51.16 61.36 31.76 32.16 39.76 54.52 53.56 83.72 102.76 124.6 166.6 141.36 136.64 95.16 70.28 48.72 92.12 103.72 101.76 143.6 139.8 111.52 156.6 214.16 168.76 103.84 151.72 183.48 151.44 112.92 111.32 109.32 74.64 26.6 61 95 40.64 38.88
-9999 -9999 -9999 -9999 -9999 130.375 153.68 116.88 170.96 135.8 137.68 177.88 168.72 114.56 149.96 181.16 110.24 118.32 109.36 84.76 79.52 56.2 42.24 28.92 19.36 18.24 4.28 0.96 10.36 34.28 46.4 37.92 33.08 49.44 56.4 48.12 52.16 54.72 36.04 28.32 30.8 51.84 53.04 71.6 96.4 150.88 188.6 188.52 191.2 165.68 162.6 138.28 69.6 64.64 64.56 73.24 93.08 120.88 155.6 126.72 99.08 149.44 186.6 127.2 88.72 123.72 155.32 182 152.4 109.16 77.88 55.88 23.48 39.32 58.52 22.16
-9999 -9999 -9999 -9999 90.8 99.12 99.16 125.92 143.88 115.12 116.88 113.72 100.12 89.28 136.64 160.64 87.88 67.04 127 120.44 89.92 80.08 54.92 32.88 23.68 8.6 0 0 2.84 19.8 18.2 19.72 22.52 29.12 30.76 29.68 38.92 52.92 58.6 41.6 60.8 56.12 52.84 60.6 120.76 154.48 180.56 161.88 135.04 120 109.72 103.92 83.2 75.76 57.56 79.28 95.36 124.6 188.44 157.08 98.76 102.8 161.4 177.44 102.6 72 91.44 155.52 159.44 154.4 116.12 78.2 37.32 14.76 28.32 23.32
-9999 -9999 -9999 -9999 76 80.08 82.08 107.12 91.88 115.2 158.16 128.56 102.64 90.12 172.24 150.64 71.56 53.08 88.48 72.68 67.28 51.16 27.16 21 18.24 11.44 3.44 8.8 23.16 21.68 17.88 58.2 103.64 97.88 61.76 52.4 59.84 81.92 109.04 72.92 103.36 121.4 110.44 91.32 85.32 98.84 115.24 119.56 129.24 144.8 127.24 92.52 76.04 65.52 57.76 71.36 84.96 104.6 145.84 136.64 118.52 76.56 101.24 160.8 154.28 88.16 82.88 108.32 83.8 97.6 70.6 34.44 18.68 15.2 9.6 6.24
-9999 -9999 86.11111 98.75 69.84 65.88 68.04 95.44 69.52 84.44 114.16 122.92 74.44 93.08 159.44 109.72 45.68 37.64 38.72 35.36 39.76 37 49.56 76 82.36 33.16 9.64 35.36 39.24 77.36 37.2 22.4 91.04 80.32 66.64 69.2 78.24 98.44 109.4 130.96 148.08 178.72 156.4 117.72 90.56 117.56 115.6 117.64 118.56 116 97.36 99.52 92.56 65.76 67.68 80.56 102.76 90.56 115.84 90.64 98.96 68.24 66.2 93.68 146.56 101.48 59.48 86.72 48.2 40.72 24.48 38.04 61.76 37.36 16.68 1.92
-9999 102.619 85.16 87.76 98.8 82.36 72.08 67.12 60.44 59.32 55.44 65.68 70.84 71.6 123.44 73.2 41.16 56.08 69.8 86.84 106.32 89.48 77.64 113.28 66.76 21.96 19.92 49.88 82.92 131.8 106.16 43.88 34.44 45 90.36 131.24 117.8 106.28 104.48 133.56 185.44 188 142.52 139.04 101.36 113.28 110.44 95.16 99.36 84.48 80.6 87.92 81.68 65.2 83.2 96.76 128.88 87.68 85.96 60.08 54.68 55.64 57.16 54.4 66.28 56.92 39.4 37.28 43.36 43.08 64.64 106.44 132.48 67.8 23.68 11.84
-9999 124.9091 94.52 149.64 161.52 103.36 79.24 108.12 97.8 103.84 67.4 46.12 53.56 41.12 56.04 53.08 95.84 90.72 139.96 151.16 138.92 77.48 45.72 61.48 22.32 30.72 47.36 116.88 155.36 185.8 164.56 96.48 26.52 34.16 91.64 101.28 68.08 83.28 121.16 142.48 143.76 132.16 113.36 158.08 109.56 102.72 110.2 81.36 71.96 66.56 59.28 72.08 68.64 65 78 81.04 106.52 78.84 64.04 72.36364 76.11111 88.9 91.78571 68.6 75.85714 87.33334 104.6 111.55 138.45 125.7 145.75 166.9474 149.3 122.5238 88.84 58.24
-9999 147.4 111.24 106.48 109.24 99.76 83.6 99.8 93.36 63.64 57.88 58.12 66.48 55.2 40.76 75.16 138.72 157.96 178.52 174.92 132.76 82.16 41.08 24.12 52.08 70.4 73.92 133.16 136.56 143.64 147.44 105.56 38.28 45.76 47.36 50.36 76.28 91.16 73.6 76.12 73.2 72.68 95.8 123.44 107.36 75.92 75.68 72.24 57.08 47.76 51.84 51.76 57.96 62.28 64.6 66.76 69.76 65.32 74.52 -9999 -9999 -9999 -9999 -9999 -9999 -9999 -9999 -9999 -9999 -9999 -9999 -9999 -9999 -9999 -9999 -9999
-9999 128.6667 143.24 116.48 82.28 96.92 122.44 68.8 72.24 64.48 91.84 100.16 120.88 74 67.12 44.6 99.2 111.24 117.48 120.44 80.24 40.88 29.56 46.88 84.32 77.32 97.8 141.52 116.68 117.08 105.92 93.28 47.32 44.44 39.12 41.36 42.64 44.56 65.2 74.44 75.12 61.72 61.44 63.16 65.44 75.44 89.64 79.6 57.6 51.32 86 92.6 78.6 70.84 89.16 80.6 80.16 77.88 95.56 -9999 -9999 -9999 -9999 -9999 -9999 -9999 -9999 -9999 -9999 -9999 -9999 -9999 -9999 -9999 -9999 -9999
-9999 -9999 138.7692 99.32 72.76 83.64 100.36 69.36 64.2 114.56 94 131.12 127.96 102.68 95.32 36.72 32.24 29.52 45.48 52.2 33.48 49.72 82 93.72 120.96 82.28 104.28 147.96 127.84 99.96 85.52 68.44 61.28 66.08 48.24 54.44 73.68 86.96 119.32 130.2 115.16 98 81.4 81.24 80.52 118.6 99.76 91.8 86.64 56.36 82.72 130.36 109.96 112.08 99.52 95.68 97.68 92.4 -9999 -9999 -9999 -9999 -9999 -9999 -9999 -9999 -9999 -9999 -9999 -9999 -9999 -9999 -9999 -9999 -9999 -9999
-9999 -9999 105.2105 114.76 77.44 56.36 60.08 57.32 83.96 131 89.72 95.8 110.92 89.04 123.68 77.12 49.84 21.32 22.4 29.4 69.36 102.76 120.96 151.96 158.04 108.56 61.72 84.28 117.2 111.72 99.08 85.04 68.12 71.04 71.84 74.12 73.24 91.44 124.28 155.76 155.2 108 105.2 119.56 98.6 131.32 104.12 115.12 116.48 58.08 58.84 86.72 94.36 124.72 131.6 110.32 119.88 132.6 -9999 -9999 -9999 -9999 -9999 -9999 -9999 -9999 -9999 -9999 -9999 -9999 -9999 -9999 -9999 -9999 -9999 -9999
-9999 -9999 134.36 130.2 90.84 44.16 57.6 72.28 64.36 92.16 94.12 56.36 76 60.36 101.92 95.44 55.8 13.64 13.36 32.04 60.44 72.52 103.76 142.96 127.32 106.6 80.96 40.6 88.24 110.2 85 78.68 78.04 97.04 92.08 88.84 82.68 98.52 118.56 130.04 167.92 136.12 141.48 122.72 113.24 108.72 89.92 77.16 67.72 52.12 54.16 66.72 89.8 106.6 123.16 136.88 139.16 155.2727 -9999 -9999 -9999 -9999 -9999 -9999 -9999 -9999 -9999 -9999 -9999 -9999 -9999 -9999 -9999 -9999 -9999 -9999
-9999 176.7857 166.04 118.16 73.28 62.04 51.64 80.28 66.56 60.24 87.08 44.44 50.88 37.92 60.04 57.8 32.16 18.56 19.56 78.12 75.96 69.72 86.24 98.92 64.52 30.2 19.72 21.08 41.92 40.36 63.08 79.96 86 121.16 108.28 97.64 112.8 106.4 130.24 135.12 157.2 157.16 140.12 153.28 161.08 132.68 97.28 115.08 103.72 63.6 40.76 66.76 110.44 127.16 148.4 153 136.6667 -9999 -9999 -9999 -9999 -9999 -9999 -9999 -9999 -9999 -9999 -9999 -9999 -9999 -9999 -9999 -9999 -9999 -9999 -9999
-9999 141.6471 142.48 131.72 90.2 82.4 52.8 41.16 35.32 40.16 49.32 30.04 20.6 26.8 34 28.24 20.92 8.44 32.24 48.24 59.32 75.88 48.92 53.8 25.16 22.36 39.56 10.88 6.12 37.32 86.52 134.88 130.24 163 151.12 108.56 134.92 148.8 138.84 126.92 159.24 180.52 148.4 155.52 197 160.4 121.64 160.72 141.04 82.24 36.64 76.76 83.76 113.48 140.96 129.44 147.76 -9999 -9999 -9999 -9999 -9999 -9999 -9999 -9999 -9999 -9999 -9999 -9999 -9999 -9999 -9999 -9999 -9999 -9999 -9999
-9999 138.3889 123.24 143.52 89.56 71.16 54.92 43.24 37.44 27.92 25.32 26.32 37.08 31.8 37.48 22.96 9.36 3.88 39.64 30.24 19.88 22.8 27.8 27.92 41.32 80.96 116.8 76.76 19.72 15.68 38.88 97.32 142.04 190.4 155.36 130.68 168.64 185.16 151.2 116.16 163.8 197.4 127.56 116.28 153.08 162.68 162.52 168.68 122.08 68.96 30 77.8 121.6 100.56 105.6 127.04 -9999 -9999 -9999 -9999 -9999 -9999 -9999 -9999 -9999 -9999 -9999 -9999 -9999 -9999 -9999 -9999 -9999 -9999 -9999 -9999
