GIS/bf_travel_raster.asc
ncols         173
nrows         126
xllcorner     224227.65281
yllcorner     1039207.04677
cellsize      5000
NODATA_value  -9999
[rows 0 to 32 of 126, columns 76 to 151 of 173]
-9999 -9999 -9999 -9999 -9999 -9999 -9999 -9999 -9999 -9999 -9999 -9999 -9999 -9999 -9999 -9999 -9999 -9999 -9999 -9999 -9999 -9999 -9999 -9999 -9999 -9999 -9999 -9999 285.875 292.72 270.88 274.44 265.28 235.72 -9999 -9999 -9999 261 284.0833 -9999 -9999 -9999 -9999 -9999 -9999 -9999 -9999 -9999 -9999 -9999 -9999 -9999 -9999 -9999 -9999 -9999 -9999 -9999 -9999 -9999 -9999 -9999 -9999 -9999 -9999 -9999 -9999 -9999 -9999 -9999 -9999 -9999 -9999 -9999 -9999 -9999
-9999 -9999 -9999 -9999 -9999 -9999 -9999 -9999 -9999 -9999 -9999 -9999 -9999 -9999 -9999 -9999 -9999 -9999 -9999 -9999 -9999 -9999 -9999 -9999 -9999 -9999 397.6667 349.88 293.6 263.24 252.2 263.08 258.36 238.08 224.4 -9999 211.913 196.8 194.04 176.64 189.6 165.28 -9999 -9999 -9999 -9999 -9999 -9999 -9999 -9999 -9999 -9999 -9999 -9999 -9999 -9999 -9999 -9999 -9999 -9999 -9999 -9999 -9999 -9999 -9999 -9999 -9999 -9999 -9999 -9999 -9999 -9999 -9999 -9999 -9999 -9999
-9999 -9999 -9999 -9999 -9999 -9999 -9999 -9999 -9999 -9999 -9999 -9999 -9999 -9999 -9999 -9999 -9999 -9999 -9999 -9999 -9999 -9999 -9999 -9999 -9999 401.8824 371.92 338.72 306.24 271.52 239.32 254.8 262.24 225.2 255.72 238.72 212.88 213.84 197.6 180.72 152.6 141.52 130.24 115.28 113.48 89.72 140.76 217.64 286.6 -9999 -9999 -9999 -9999 -9999 -9999 -9999 -9999 -9999 -9999 -9999 -9999 -9999 -9999 -9999 -9999 -9999 -9999 -9999 -9999 -9999 -9999 -9999 -9999 -9999 -9999 -9999
-9999 -9999 -9999 -9999 -9999 -9999 -9999 -9999 -9999 -9999 -9999 -9999 -9999 -9999 -9999 -9999 -9999 -9999 -9999 -9999 -9999 -9999 -9999 -9999 450.2222 419.88 400.8 376.96 346.2 300.88 241.96 226.92 235.48 207.44 242.64 287.28 287.28 284.8 247.52 177.44 150 166.4 139.2 129.32 93.92 80.52 118.92 184.28 238 -9999 -9999 -9999 -9999 -9999 -9999 -9999 -9999 -9999 -9999 -9999 -9999 -9999 -9999 -9999 -9999 -9999 -9999 -9999 -9999 -9999 -9999 -9999 -9999 -9999 -9999 -9999
-9999 -9999 -9999 -9999 -9999 -9999 -9999 -9999 -9999 -9999 -9999 -9999 -9999 -9999 -9999 -9999 -9999 -9999 -9999 -9999 -9999 -9999 -9999 436 398.24 369.4 356.28 372.36 360.48 325.76 274.92 227.28 196.08 196.6 226.68 274.16 294.56 317.8 274.08 196 133.2 142.96 169.08 169.44 111.24 81.2 152.56 162.6 -9999 -9999 -9999 -9999 -9999 -9999 -9999 -9999 -9999 -9999 -9999 -9999 -9999 -9999 -9999 -9999 -9999 -9999 -9999 -9999 -9999 -9999 -9999 -9999 -9999 -9999 -9999 -9999
-9999 -9999 -9999 -9999 -9999 -9999 -9999 -9999 -9999 -9999 -9999 -9999 -9999 -9999 -9999 -9999 -9999 -9999 -9999 -9999 -9999 -9999 455.7391 406.4 349.72 303.44 290.64 309.12 303.8 288.52 284.88 260 195.76 175.56 191.2 211.88 260 273.64 247.12 208.88 142.68 145.12 197.56 162.48 93.4 81.6 156 205.72 -9999 -9999 -9999 -9999 -9999 -9999 -9999 -9999 -9999 -9999 -9999 -9999 -9999 -9999 -9999 -9999 -9999 -9999 -9999 -9999 -9999 -9999 -9999 -9999 -9999 -9999 -9999 -9999
-9999 -9999 -9999 -9999 -9999 -9999 -9999 -9999 -9999 -9999 -9999 -9999 -9999 -9999 -9999 -9999 -9999 -9999 -9999 -9999 504.7857 463.6667 422.8 369.56 319.08 261.76 232.76 251.88 248.32 225.12 223.84 235.24 192.8 156.44 151 166.84 225.8 217.36 183.48 181.52 133 127.12 179.48 153.96 88.6 78.28 137.2 201.2 244.12 -9999 -9999 -9999 -9999 -9999 -9999 -9999 -9999 -9999 -9999 -9999 -9999 -9999 -9999 -9999 -9999 -9999 -9999 -9999 -9999 -9999 -9999 -9999 -9999 -9999 -9999 -9999
-9999 -9999 -9999 -9999 -9999 -9999 -9999 -9999 -9999 -9999 -9999 -9999 -9999 -9999 -9999 -9999 -9999 350.3125 396.6087 455.76 471.76 433.84 374.12 328.12 274.16 224.96 183.44 195.24 199.84 173.24 180.52 184.48 187.16 142.08 136.68 152.04 216.2 193 139.4 130.32 111.32 108.72 165.32 145.16 80.8 95 149.96 172.44 189.96 -9999 -9999 -9999 -9999 -9999 -9999 -9999 -9999 -9999 -9999 -9999 -9999 -9999 -9999 -9999 -9999 -9999 -9999 -9999 -9999 -9999 -9999 -9999 -9999 -9999 -9999 -9999
-9999 -9999 -9999 -9999 -9999 -9999 -9999 -9999 -9999 -9999 -9999 -9999 -9999 -9999 -9999 249.3044 303.16 357.32 416.72 428.8 402.64 386.68 341.68 275.88 221.12 187.36 167.2 184.48 172.24 158.96 166.04 157.6 147.72 129.96 118.8 150.68 190.12 175.56 137.32 135.48 108.32 100.28 157.08 131.84 81.6 74.36 98.32 103.44 120.8571 -9999 -9999 -9999 -9999 -9999 -9999 -9999 -9999 -9999 -9999 -9999 -9999 -9999 -9999 -9999 -9999 -9999 -9999 -9999 -9999 -9999 -9999 -9999 -9999 -9999 -9999 -9999
-9999 -9999 -9999 -9999 -9999 -9999 -9999 -9999 -9999 -9999 -9999 -9999 -9999 156.8947 179.24 245.84 302.4 355.32 399.32 363.2 336.92 322.48 307.08 258.64 203.92 198.08 189.76 153.36 141 140.72 165.32 179.68 147.84 134.92 116.96 108.24 140 132.44 132.08 149.12 88.44 100.08 124.24 81.48 56.12 68.28 83.08 76.84 -9999 -9999 -9999 -9999 -9999 -9999 -9999 -9999 -9999 -9999 -9999 -9999 -9999 -9999 -9999 -9999 -9999 -9999 -9999 -9999 -9999 -9999 -9999 -9999 -9999 -9999 -9999 -9999
-9999 -9999 -9999 -9999 -9999 -9999 -9999 -9999 -9999 -9999 -9999 -9999 203.375 148.12 167.32 236.72 303.68 357.16 365.64 314.76 266.96 248.12 240.6 250.4 258.68 248.84 212.44 156.04 123.24 143.64 192.36 205.04 160 154.2 141.92 113.76 96.04 105.6 143.36 140.88 78.08 85.72 73.88 54.4 80.4 106.04 149.76 142.92 -9999 -9999 -9999 -9999 -9999 -9999 -9999 -9999 -9999 -9999 -9999 -9999 -9999 -9999 -9999 -9999 -9999 -9999 -9999 -9999 -9999 -9999 -9999 -9999 -9999 -9999 -9999 -9999
-9999 -9999 -9999 -9999 -9999 -9999 -9999 -9999 -9999 -9999 272.7143 235.52 177.28 135.8 162.64 230.8 295.92 318.64 297.56 272 217.72 182.56 177.56 201.2 248.4 235.16 184.36 142.92 113.24 132.4 191.2 232.88 208.36 160.32 162.44 135.44 85.84 99.08 99.2 111.08 74.68 58.64 47.8 60.52 102.92 160 211.8 236.5455 -9999 -9999 -9999 -9999 -9999 -9999 -9999 -9999 -9999 -9999 -9999 -9999 -9999 -9999 -9999 -9999 -9999 -9999 -9999 -9999 -9999 -9999 -9999 -9999 -9999 -9999 -9999 -9999
-9999 -9999 -9999 -9999 -9999 -9999 -9999 -9999 199.25 239.9583 215.48 195.28 157.8 128.64 175.44 243.72 278.16 250 223.52 214.56 191.44 130.16 104.92 143.32 173.76 166.16 144.12 102.36 93.24 108.6 161.56 215.84 238.52 201.88 197.8 164.92 115.24 76.72 57.6 57.16 47.24 47.72 57.2 65.88 111.56 172.96 209.84 191.0417 -9999 -9999 -9999 -9999 -9999 -9999 -9999 -9999 -9999 -9999 -9999 -9999 -9999 -9999 -9999 -9999 -9999 -9999 -9999 -9999 -9999 -9999 -9999 -9999 -9999 -9999 -9999 -9999
-9999 -9999 63.2 49.375 98.86667 -9999 150.7647 165.087 167.32 204.8 167.64 143.84 122.88 123.48 180.32 234.8 210.56 186.04 157.08 152.48 176.96 130 85.16 105.48 113.12 110.44 93.12 76.8 73.2 87.28 122.92 187.04 205.24 163.32 156.24 159.84 132.08 101.4 55.64 36.4 49.52 73.52 91.68 78.68 102.44 139.48 144.68 116.36 -9999 -9999 -9999 -9999 -9999 -9999 -9999 -9999 -9999 -9999 -9999 -9999 -9999 -9999 -9999 -9999 -9999 -9999 -9999 -9999 -9999 -9999 -9999 -9999 -9999 -9999 -9999 -9999
-9999 139.1667 95.64 42.92 80.68 138.72 138.6 137.52 173.76 158.68 129.44 119.64 100.52 107.32 159.24 190.72 150.4 129.68 123.08 119.32 134.12 111.4 73.52 90.76 96.08 126.28 120.76 68.88 67.92 93.44 124.28 164.52 159.84 114.16 95 100.16 79 53.76 45.4 43.56 46.4 77.92 97.24 73.76 89.72 84.16 79.36 79.36 45.48 -9999 -9999 -9999 -9999 -9999 -9999 -9999 -9999 -9999 -9999 -9999 -9999 -9999 -9999 -9999 -9999 -9999 -9999 -9999 -9999 -9999 -9999 -9999 -9999 -9999 -9999 -9999
-9999 173.4667 120.4 51.4 52.76 116.04 119.72 130.64 170.68 153.08 127.48 106.92 97.84 100.08 158.04 142.2 105 113.8 154.24 155.52 103.88 88.64 56.88 73.96 72.48 98.12 117.24 60.52 56.32 104.12 111.2 111.36 100.52 89.32 57.84 48.68 56.72 76.64 103 101.04 50.72 30.24 44.76 50.96 64 67.32 62.52 47.44 37.56 44.88 -9999 -9999 -9999 -9999 -9999 -9999 -9999 -9999 -9999 -9999 -9999 -9999 -9999 -9999 -9999 -9999 -9999 -9999 -9999 -9999 -9999 -9999 -9999 -9999 -9999 -9999
-9999 178.1333 129.08 59.92 41.84 104.12 117.16 94.64 127.4 170.32 148.32 95.96 79.72 91.36 129.48 96.72 88.24 108.84 146.84 157.56 98.56 68.48 53.88 47.04 47.88 62.44 79.12 47.88 24.84 43.08 37.92 37.24 34.12 37.24 37.64 55.36 107.48 143.52 170.28 149.04 89.68 31.88 55.84 58.04 97.32 84.96 55.68 37.08 61.64 85.64 87.36 -9999 -9999 -9999 -9999 -9999 -9999 -9999 -9999 -9999 -9999 -9999 -9999 -9999 -9999 -9999 -9999 -9999 -9999 -9999 -9999 -9999 -9999 -9999 -9999 -9999
-9999 140.6667 128.76 68.6 33.2 87.28 103 73.04 91.36 127.24 127.6 108.96 64.28 78.84 85.36 84.12 99 127.52 184.08 166.36 106.48 59.24 80.08 34 31.04 30.92 18.16 16.96 30.8 39.32 46.44 58 66.08 69.96 83.92 102.84 138.76 195.76 221.28 173.96 116 48.4 26.16 48.36 86.52 54 45.16 32.36 79.64 134.4 159.16 157.52 -9999 -9999 -9999 -9999 -9999 -9999 -9999 -9999 -9999 -9999 -9999 -9999 -9999 -9999 -9999 -9999 -9999 -9999 -9999 -9999 -9999 -9999 -9999 -9999
-9999 79.6 82.36 58.96 29.16 81.16 115.24 77.08 54.32 84.48 72.8 55.48 59.96 94.56 64.12 110.04 135.64 152.6 183.32 164.12 106.32 49.52 83.96 58.76 25.04 9.44 18.28 51.24 76.24 96.48 109.88 125.96 135.84 139.8 152 167.4 191.52 228.88 246.08 192.16 134 68.16 23.64 54.24 70.56 26.04 32.72 66.08 112.52 169.56 224.04 238.04 -9999 -9999 -9999 -9999 -9999 -9999 -9999 -9999 -9999 -9999 -9999 -9999 -9999 -9999 -9999 -9999 -9999 -9999 -9999 -9999 -9999 -9999 -9999 -9999
-9999 51.76471 42 32.52 25.32 74.04 112.72 91.2 41.56 55.32 37.16 58.4 83.4 95.08 54.48 97.36 88.36 107.24 130.76 111.64 78.76 32.92 41.12 23.88 15.64 15.6 15.6 15.72 27.68 50.88 82.12 115.96 153.28 172.92 203.28 219.48 218.44 207.08 197.12 168.96 141.2 88.6 32.44 40.76 40.56 26.72 69.2 116.64 153.16 196.16 239.28 226.52 -9999 -9999 -9999 -9999 -9999 -9999 -9999 -9999 -9999 -9999 -9999 -9999 -9999 -9999 -9999 -9999 -9999 -9999 -9999 -9999 -9999 -9999 -9999 -9999
74.17391 80.48 60.44 64.6 29.56 31.88 65.08 70.64 34.68 21.16 41.72 89.84 109.68 75 44.76 86.12 54.76 70.72 65.8 39.4 27.4 22.8 25.8 37.64 52.4 33.8 58.44 46.28 25 22.88 34.4 63.2 91.88 123.32 180.88 188.36 152.8 136.84 137.04 106.68 89.04 86.6 34.24 33.04 25.48 43.68 99.28 131.4 163.32 188.76 190.52 160.32 -9999 -9999 -9999 -9999 -9999 -9999 -9999 -9999 -9999 -9999 -9999 -9999 -9999 -9999 -9999 -9999 -9999 -9999 -9999 -9999 -9999 -9999 -9999 -9999
90.8 124.88 106.36 84.12 78.08 30.08 17.12 14.92 11.28 4.32 23.04 53.32 63.12 53.16 32.44 49.92 39.16 42.64 30.52 40.96 61.6 73.56 83.64 99.76 98.92 53.24 71.12 62.44 55.04 74.64 40.96 26.48 38.68 87.32 142.8 146.12 99.48 77.64 82.32 52.4 29.24 40.52 31.6 17.12 19.76 67.2 66.24 73.84 104.92 126.16 133.08 113.32 -9999 -9999 -9999 -9999 -9999 -9999 -9999 -9999 -9999 -9999 -9999 -9999 -9999 -9999 -9999 -9999 -9999 -9999 -9999 -9999 -9999 -9999 -9999 -9999
138.8 146.08 107.32 92.56 109.8 76.8 46.12 27.32 9.08 13.36 19.08 19.16 18.72 25.84 39.96 46.16 38.8 60.88 76.6 104.8 127 141.6 151.56 152.6 122.68 65.24 88.48 77.16 70.56 116.52 86.52 46.6 33.8 57.2 73.48 89.6 67.2 38.08 29.92 23.6 24.4 21.92 10.8 8.32 23.04 35.88 21.08 25.2 44.32 56 62.72 58.04 -9999 -9999 -9999 -9999 -9999 -9999 -9999 -9999 -9999 -9999 -9999 -9999 -9999 -9999 -9999 -9999 -9999 -9999 -9999 -9999 -9999 -9999 -9999 -9999
154.2 172.44 141.24 123.52 93.92 59.24 32.32 13.84 16.68 50.24 39.36 63.32 48.96 34.2 74.08 92.88 56.08 97 137.6 160.92 185.4 201.12 185.16 133.44 115.04 80.28 101.84 98.88 90.4 136.44 87.16 67.4 68.16 44.52 47.64 34.32 32.04 32.04 53.28 60.4 70.52 76.56 42.88 5.56 6.76 11.64 27.12 38.2 49.04 42.4 29.2 49.56 44.04 -9999 -9999 -9999 -9999 -9999 -9999 -9999 -9999 -9999 -9999 -9999 -9999 -9999 -9999 -9999 -9999 -9999 -9999 -9999 -9999 -9999 -9999 -9999
142.6 152.84 124.36 101.36 56.36 36.64 40.92 16.68 23.96 75.12 67.96 70.24 96.6 61.76 50.44 79.52 79.92 89.56 157.84 211.72 248.96 254 196.52 132.56 102.2 112.12 144.76 97.76 92.68 100.72 83.76 103.28 93.44 61.6 95.28 86.16 82.76 87.4 114.36 128.44 143.52 116.96 55.88 15.16 26.56 19.12 44.4 90.8 77.08 60.84 43.96 58.36 87.04 123.68 -9999 -9999 -9999 -9999 -9999 -9999 -9999 -9999 -9999 -9999 -9999 -9999 -9999 -9999 -9999 -9999 -9999 -9999 -9999 -9999 -9999 -9999
118.24 99.8 67.56 59.08 54.84 38.8 25.64 38.48 21.84 79.08 114.6 108.72 137.44 119.52 89.4 66.28 74.72 103.76 161.64 200.84 229.24 254.72 210.6 147.8 124.56 141.68 173.72 120.32 106.6 116.56 124.72 157.4 116.04 76.36 129.48 154.64 151.32 151.48 175.72 186.76 171.28 110 41.84 32.12 72.28 48.04 22.08 81.28 119.6 111.2 108.72 121.08 160.12 205.08 -9999 -9999 -9999 -9999 -9999 -9999 -9999 -9999 -9999 -9999 -9999 -9999 -9999 -9999 -9999 -9999 -9999 -9999 -9999 -9999 -9999 -9999
75.96 48.12 32.76 34.36 34.48 31.6 23.8 60.92 32.6 44.36 98.68 144.2 182.12 173.28 143.52 113 80.88 89.76 116.48 143.52 184.36 241.32 228.4 170.24 142.92 173.32 181.36 151.32 116.52 160.64 184.72 184.28 124.84 90.56 127.24 184.52 208.08 211.08 231.84 216.6 149.76 88.88 25.72 49.44 109.44 73.16 23.96 51.28 96.2 152.28 158.64 172.4 210.24 231.32 251.68 -9999 -9999 -9999 -9999 -9999 -9999 -9999 -9999 -9999 -9999 -9999 -9999 -9999 -9999 -9999 -9999 -9999 -9999 -9999 -9999 -9999
41.2 50.48 70.48 80.32 87.48 61.4 42.08 75.28 58.84 28.44 55.08 109.96 170.24 200.52 152.36 129.08 104.96 103.48 118.48 112.44 175.32 233.92 220.2 160.44 140.32 187.56 162.72 140.64 131 187.8 235.84 208.72 166.56 128.04 117.72 171.96 229.64 255.16 215.64 184.56 131.84 75.84 22.64 64.08 121.8 100.28 53.88 28.88 62.36 113.68 111.96 142.88 158.44 161.88 183.32 210.16 -9999 -9999 -9999 -9999 -9999 -9999 -9999 -9999 -9999 -9999 -9999 -9999 -9999 -9999 -9999 -9999 -9999 -9999 -9999 -9999
59.28 93.2 126.56 149.68 139.32 80.04 66.68 68 93 50.52 36.64 82.16 138.64 186.12 154.8 123 133.24 152.84 146.56 123.08 186.24 214.88 195.72 145.56 142.2 186.04 155.52 114.52 120.88 175.88 232.8 251.8 221.52 166.4 134.4 145.64 190.48 221.76 176.92 131.4 94.68 49.2 31.48 82.28 128.44 153.2 98.8 43 30.48 54.4 53.96 67.68 78.04 88.84 109.6 145.88 177.72 -9999 -9999 -9999 -9999 -9999 -9999 -9999 -9999 -9999 -9999 -9999 -9999 -9999 -9999 -9999 -9999 -9999 -9999 -9999
45.72 63.56 99.88 159.12 165.56 123.72 109.32 90.92 119.36 68.84 33.12 86.88 115.52 143.68 126.56 144.88 191.16 189.28 146.36 131.88 156.4 148.44 136.72 128.64 126.36 135.88 125.4 91.64 103.16 150.88 196.68 221.2 232.72 201.72 174.32 142.4 160.32 181.48 132.88 84.6 40.48 34.12 66.8 112.04 158.16 181.8 119.44 59.12 44.68 36 57.04 87.04 102.96 103.92 111.12 100.8 112.96 -9999 -9999 -9999 -9999 -9999 -9999 -9999 -9999 -9999 -9999 -9999 -9999 -9999 -9999 -9999 -9999 -9999 -9999 -9999
69.44 68.56 100.92 150.4 199.72 188.44 144 127.48 149.24 99.88 47.48 57.04 90.56 95.28 101.04 147.76 193.96 158.84 123.6 121.36 135.68 132.44 123.72 102.64 103.24 94.88 90.64 77.36 120.24 154.4 153 158.32 174.08 146.36 136.32 134 173.4 156.36 97.6 47.16 38.68 71.76 117.32 153.8 205.64 215.72 135.56 76.68 104.2 75.36 44.68 50.72 66.72 68.28 87.8 102.64 94.16 81.65218 96 152.125 205.4 -9999 -9999 -9999 -9999 -9999 -9999 -9999 -9999 -9999 -9999 -9999 -9999 -9999 -9999 -9999
99.64 102.64 98.68 136 183.12 200.6 157.88 117.12 134.36 115.28 54.44 46.12 64.84 89.2 129.16 165.24 161.92 151.16 121.76 119.4 177.64 185.04 134.2 105.2 86.4 80 63.16 65.64 94.6 129.36 120.32 115.48 126.88 115.04 110.56 150.84 138.6 115.84 69.6 40.92 81.36 128.28 169.4 208.68 239.72 214.04 136.08 87.84 136.36 129.96 105.32 76.52 53.28 66 108.8 125.8 104.08 88.16 109.68 113 152.8 -9999 -9999 -9999 -9999 -9999 -9999 -9999 -9999 -9999 -9999 -9999 -9999 -9999 -9999 -9999
76.88 88.04 128.08 139.8 132.28 169.24 126.84 89.6 114.36 107.64 50.64 74.28 92.16 139.72 167.96 138.96 158.6 161.28 106.04 117.48 190.16 198.16 128.88 100.32 94.32 75.24 65.48 71.32 80.32 90.44 95.04 123.64 108.92 92.92 110.64 117.52 78.88 51.4 40.24 48.2 87.88 149.12 177.8 180 204.8 197.6 129.04 108.48 180.52 205.08 189.8 166.8 111.4 63.56 68.24 116.72 93.72 95.52 158.8 125.84 122.08 180.36 236.84 310.6 -9999 -9999 -9999 -9999 -9999 -9999 -9999 -9999 -9999 -9999 -9999 -9999
