GIS/bf_travel_raster.asc
ncols         173
nrows         126
xllcorner     224227.65281
yllcorner     1039207.04677
cellsize      5000
NODATA_value  -9999
[rows 33 to 65 of 126, columns 76 to 151 of 173]
105.8 121.52 129.4 106.08 120.44 165.6 125 100.44 76.48 77.92 49.04 84.84 123.36 183.2 186.28 123.96 142.36 141.36 91.44 121.48 178 165.32 107.36 88.92 125.4 92.08 55.52 81.96 132.84 130.72 106.88 112.4 105.72 94.6 80.48 75.84 56.16 43.08 31.64 58.04 76.12 134.72 119 113.04 158.08 201.8 153.8 118.88 174.12 239.52 253 213.96 155.64 98.72 55.88 87.32 77.6 112 124.28 111.2 124.8 154.84 218.48 252.92 281 316.16 -9999 -9999 -9999 -9999 -9999 -9999 -9999 -9999 -9999 -9999
121.32 116.24 94.84 80.6 130.64 173.8 177.8 142.96 101.96 69.16 49.28 75.04 109.64 176.52 184.2 116 100.48 99.4 83.04 88.28 131.76 134.52 76.36 87.24 112.2 71.84 47.28 87.44 154.2 175.52 118.68 88.16 112.28 130.76 102.92 77.48 53.92 27.48 45.8 66.44 105.88 130.08 86.88 93.64 152.04 184.12 145 141.04 183.36 241.88 290.72 250.4 187.6 135.36 74.64 65.48 72.76 96.72 96.56 129.88 154.6 160.08 176.88 186.2 216.44 260.52 -9999 -9999 -9999 -9999 -9999 -9999 -9999 -9999 -9999 -9999
61.24 61 53.44 62.2 90.92 120.64 180.16 194.72 158.48 112.28 60.32 60.52 102.52 149.04 178.44 120.16 95.8 80.12 76.8 59.4 84.24 101.44 61.44 75.2 65.32 45.44 57.8 78.76 131 156.16 105.6 83.96 76.96 116.92 98.28 53.68 29.08 24.56 37.12 50.04 73.8 90.64 66.4 104 151.8 137.16 151.08 202.68 235.24 272.08 276.84 248.8 208.76 152.6 90.76 59.28 68.64 83.16 107.6 113.96 114 124.72 138.88 148.16 168.08 208.08 242.48 267.25 -9999 -9999 -9999 -9999 -9999 -9999 -9999 -9999
35.84 37.48 39.44 59.44 74.56 110.72 178.08 204.4 180.28 141.2 75.08 52.48 67.2 115.68 160 114.64 87.88 72.8 74.08 71.52 45.8 38.44 35.12 39.24 42.92 66.56 68.84 83.56 98.16 111.64 97.08 108.76 66.16 81.6 63.44 35.04 53.32 25.84 55.48 50.16 49.76 48.2 57.56 110.2 118.52 126.2 172.8 219.32 254.48 277.04 234.48 190.24 171.72 136.44 78.68 71.56 76.44 77.76 92.88 121.92 145.96 170.6 188.8 169.84 160.48 184.56 195.56 212.8 228.04 -9999 -9999 -9999 -9999 -9999 -9999 -9999
60.8 49.52 49.12 46.32 68.48 93.96 144.96 149.24 115.8 116.36 70.8 51.48 57.76 97.28 112.88 117.08 83.96 81.92 70.4 48.04 48.92 32.12 63.68 60.84 63.56 85.52 83.04 84 76.44 84.28 116.16 121.64 67.88 53.32 38.32 62.84 80.24 27.56 47.88 43.04 42.92 45.04 63.8 83.08 102.2 143.12 141.76 165.92 215.12 237.2 189.56 143.08 121.12 114 82.24 103.96 125.36 118.92 101.08 110.56 135.4 165 186.56 185.32 177.96 212.32 217.6667 240.75 271 233.12 -9999 202.8667 -9999 -9999 -9999 -9999
71.12 59.8 59.48 51.16 66 56.28 89.76 83.56 60.64 72.6 50.2 40.28 40.28 44.8 55 73.52 84.84 67.2 100.68 45.44 32.16 40.48 81.84 58.36 71.6 89.36 96.56 82.88 62.88 95.28 92.64 77 66.72 39.84 64.76 105.76 89.56 35.48 18.88 21.92 28.12 41.36 89.88 93.28 108.64 109.08 85.8 131.96 190.68 212.12 160.2 118.84 113.8 107.04 107.24 109.28 153.4 152.96 130.28 140.64 128.4 127.88 145.08 177.24 193.12 221.72 -9999 -9999 -9999 247.5 -9999 -9999 -9999 -9999 -9999 -9999
86 73.48 78.32 62.76 102.96 92.76 62.48 56.48 53.56 61.36 54.84 41 61.92 61.24 40.28 38.56 51 45.2 85.4 78.44 44.08 35.24 53.64 47.2 66.36 76.36 63.16 73.16 48.48 55.56 43.68 44.6 54.44 51.6 57.56 92.32 57.8 26.36 12.4 8.12 12.6 49.4 108.52 102.52 66.16 67.24 75.72 130.16 188.52 211.16 154.6 146.04 177.4 166.88 146.64 131.92 131.08 161.56 167.44 191.28 171.08 161.2 160.88 153.84 166.88 177 -9999 -9999 -9999 -9999 -9999 -9999 -9999 -9999 -9999 -9999
117.12 86.44 83.76 85.08 91.2 92.44 71.36 68.12 74.04 97.36 68.76 51.48 78.48 108.52 78.04 47 34.64 21.64 38.32 70.84 32.8 23.28 22.56 62.4 64.76 51.44 52.8 42.28 29.08 38.28 69.88 92 114.24 92.36 49.12 53.16 32.36 40.64 35.24 8.8 8.92 42.92 72.28 56.52 49.84 81.88 102.8 130.52 177.56 210.8 166.8 148.64 181.6 190.76 184.6 182.84 148.24 177.8 212.96 213.08 211.72 215.6 212.16 182.04 182.32 189.48 -9999 -9999 -9999 -9999 -9999 -9999 -9999 -9999 -9999 -9999
103.52 95.24 94.32 87.64 97.96 97 114.24 117.56 91.2 73.6 72.96 49.24 90.92 110.28 124.64 110.44 84.96 36.72 19.16 31.92 50.64 33.8 19.36 45 44.2 39.2 33.76 23.72 37.24 51.92 109.08 144.24 128.28 91.72 55.04 67.76 51.92 63.12 25.64 34.92 21.2 14.24 26.88 43.44 64.16 103.6 148.4 166.84 175.12 173.88 150.08 139.16 156.8 210.32 247 207.44 168.48 166.52 194.04 236.52 261.52 243.12 206.68 209.6 240.08 258.72 -9999 -9999 -9999 -9999 -9999 -9999 -9999 -9999 -9999 -9999
94.2 79.24 100.64 131.4 121.44 103.44 144.52 142.68 96.24 78.96 78.96 52.64 63.16 77.44 91.56 87.48 87.56 47.36 30.72 12.76 18.92 18.68 17.88 37.24 25.16 28.12 20.16 35.32 56.64 75.4 131.36 120.84 87.32 68.52 56.4 72.8 65.68 51.52 43.6 78.08 43.76 15.6 53.6 87.96 104.28 132.2 177.16 188.12 164.16 146.76 126.2 145.32 175.36 217.56 269.84 246.96 225.76 208.56 198.64 206.4 236.8 247.44 234.8 272.84 298.8 323.12 -9999 -9999 -9999 -9999 -9999 -9999 -9999 -9999 -9999 -9999
69.96 102.56 104.6 143.52 129.8 99.84 124.8 118.76 78.36 68.24 59.2 48.32 69.32 83.96 90.96 60.32 58.56 44.36 46.32 32.52 6.68 4.32 13.6 12.52 20.2 44.32 27.04 33.44 53.56 73.68 115.76 89.04 84.12 70.96 61.04 90.68 79.08 55.6 64.4 77.16 23.44 27.48 87.72 126.88 157.44 128.32 131 140.12 110.16 112.28 142.92 163.96 192.08 249.12 302.24 313 299 277.04 259.36 243.16 226.48 239.8 247.52 307 308.36 314 -9999 -9999 -9999 -9999 -9999 -9999 -9999 -9999 -9999 -9999
78.4 96.32 80.24 74.24 75.72 75.76 83.08 83.48 82.68 70 55.88 51.72 102.6 68.68 96.32 62.72 37.92 36.2 16.56 12.72 7.4 3.28 11.4 18.08 38.44 71.28 37.24 51.8 60.04 56.36 78.16 91.04 136.28 123.52 71.56 68.4 75.32 55.36 80.2 88 26 23 50.68 95.28 153.32 122.32 93.72 95.8 105.04 140.16 182.16 186.8 185.28 231.96 283.24 314.76 305.4 281.4 275.08 249.96 203.48 233.2 246.8 254.36 258.44 264.76 -9999 -9999 -9999 -9999 -9999 -9999 -9999 -9999 -9999 -9999
53.04 49 48.08 52.44 54.72 57.32 60.08 71.04 63.76 62.68 45.6 48.52 80.2 49.44 48.92 42.24 21.44 23.12 44.12 25.84 21.72 11.08 18.44 13.6 37.32 81.16 47.56 69 110 87.64 95.56 125.52 162.12 126.68 71.6 64.72 77.6 53.28 72.12 60.24 29.64 9.6 36.16 72.6 105.96 88.32 73.24 72.68 106.48 167.04 224.28 234.28 199.04 196.84 234.44 253.92 239.96 215.52 209.2 205.48 174.72 195.6 231.92 256.32 235.88 227.56 -9999 -9999 -9999 -9999 -9999 -9999 -9999 -9999 -9999 -9999
40.6 56.48 69.6 83.12 80.04 58.72 58.24 53.32 58.48 47.08 44.76 37.4 36.92 35.68 27.8 25.32 40.76 67.84 115.56 67.84 20.44 17.48 26.92 29.28 16.76 48.16 45.76 54.2 116.04 135.52 144.16 143.28 127.76 97.2 64.88 62.52 61.68 50.6 34.48 23 13.68 2.96 21.76 37.64 57.76 52.88 75 110.48 136.44 182.12 205.68 196.92 186.96 165.32 174.12 194.56 185.24 167.52 193.68 199.8 160.56 180.32 230.52 219.36 209.32 232.64 255.8 275.52 324.56 400.2083 -9999 -9999 -9999 -9999 -9999 -9999
80.4 73.8 71 100.44 132.36 101.48 75.72 65 100.6 75.52 59 43.8 67.64 69.24 59.44 55 47.6 83.92 90.92 62.88 22.44 21 34.56 33.16 42.8 28.2 28.6 51 85.8 82.6 68.48 71.48 72.16 72.52 55.76 71.32 75 84.64 51.4 26.84 26.32 10.2 22.12 34.76 40.16 73.96 112.4 156.84 203.8 208.68 151.32 147.6 177.16 172.4 141.4 160.68 149.6 125.72 145.08 144.48 141.16 160.12 184.56 182.96 214.72 260.56 304.72 334.36 370.48 383.8 349.2 -9999 -9999 -9999 -9999 -9999
66.36 57.44 74.6 132.04 171.44 137.84 94.76 86.84 92.52 106.6 56.32 36.24 80.92 110.04 108.64 79.56 52.88 88.24 57.24 52.88 56 20.36 43.6 61.36 50.88 66.2 34.36 29.92 34.8 38.88 56.12 76.88 89.36 62.08 61.4 83.04 83.4 97.6 65.28 65.04 71.16 19.04 38.24 77.68 56.36 95.88 162.52 205.72 232.56 219.44 162.4 122.4 125.52 135.48 130.2 139.36 106.36 117.44 121.28 133.24 175.28 159.4 164.88 176.84 188.24 232.28 299 332.24 348.48 303.44 270.6 247.96 -9999 -9999 -9999 -9999
38.76 47.28 54.4 81.64 111.12 88.04 107.28 85.44 69.44 73.64 56.72 39.28 53.52 76.88 86.76 79.8 81.2 85.4 69.56 85.68 50.44 22.2 42.92 61.48 48.32 61.8 55.2 45.64 44.8 48.64 41.28 57.4 66.84 53.4 74.44 110.64 76.4 81.64 70.44 79.08 70.84 20.64 48.72 82.64 62.68 111.8 180.88 207.36 174.68 173.04 190.52 149.2 105.2 102.28 144.2 131.84 106.92 102.68 128.4 169.16 185.4 172.28 218.48 238.6 213.72 209.04 246.92 263.08 307.76 259 228.28 237.72 229.56 -9999 -9999 -9999
43.92 36.96 39.16 42.56 53.32 66.28 75.2 66.24 66.08 43.76 42.56 35.28 68.56 93.56 114.4 81 73.48 83.68 70.76 50.76 33.8 26.84 31.2 39.08 39.44 33.88 39.48 53 60.04 67.32 70.04 45.88 60.52 47.08 87.88 131 92.4 59.48 61.76 63 74.92 24.04 33.2 47.8 84.2 142.6 162.52 145.44 121.8 137.6 177.48 142.96 112.68 93.44 119.96 107.08 90.04 98.64 170.24 191.8 202.88 223.08 260.44 297.84 268.04 230.88 225.64 211.24 254.68 230.44 218.68 226.8 228.72 289.72 355.3478 -9999
56.08 43.72 33.48 34.28 50 91.8 94.16 68.96 59.36 73.4 65.84 26.4 47.96 70.72 92.4 69.6 59.4 79.16 59.72 28.88 39.52 39.72 53.12 61.24 88.44 55.72 65.68 43.56 52.16 52.88 84.8 51 56.08 55.88 102.2 78.52 61.28 42.76 39.24 41.4 55 23.56 31.32 55.48 71.64 98.88 114.68 100.52 122 160.24 161.84 106.72 88.56 90.96 84.16 81.48 79.56 127.04 190.56 224.76 232.8 251.28 243.12 228.84 232.88 233.32 215.36 192.56 205.84 200.88 209.16 200.92 221.56 275.68 343.28 326.7083
59.88 50.24 36.96 28.52 43.04 107.48 101.56 71.32 59.6 82.32 66.44 27.92 81.44 93.36 73.68 50.96 59.48 48.84 30.6 43.72 69.28 52.32 69.4 85.64 84.4 84.96 66.96 81 92.24 65.92 49.88 49.08 35 51.96 54.2 44.6 50.56 40.12 36.44 38.52 33.96 28.28 30 71.64 98.96 73.88 89.48 125.56 139.16 125.92 121.2 101.6 103.64 74.48 65.36 63.32 83.96 96.12 134.32 148.4 137.28 156.4 166.52 152.08 164.08 171.48 186.36 217.68 204.8 172.6 192.72 181.84 175.4 218.52 268.88 237.52
57.2 45.04 34.6 24.68 33.04 81.24 72.16 75.56 59.28 41.68 29.24 20.76 43.84 57.16 47.68 38.6 58.8 47.16 27.68 42.56 63.56 68.32 61.24 94.84 117.52 78.88 72.28 103.16 114.44 66.72 43.32 36.8 30.72 43.28 71.08 92.32 81.24 54.2 73.64 68.08 98.44 68.6 30.2 63.36 74.16 74.08 104.56 111.72 90.56 110.12 137.92 142.48 127.88 70.24 68.6 50.84 65.28 97.76 89.36 99.8 120.04 128.72 144.4 172 200.24 227.2 261.08 237.2 178.16 161.32 229.4 201.56 162.36 183.32 207.44 174.92
65.28 52.6 42.56 28 22 44.08 54.2 41.12 45.56 34.84 21.16 30.32 45.84 39.04 43 40.6 26.32 24.08 43.24 46.4 64.2 78.32 75.24 87.24 120.56 98.68 77.68 91.56 55.72 63.64 54.56 50.8 38.92 41.24 99.8 115.6 65.8 82.12 79.52 94.52 114.56 66.52 43.08 37 53.8 88.72 85.96 75.68 84.36 126.88 198.08 206.36 136.68 50.88 57.4 92 74.6 98.92 128.2 164.2 203.04 218.36 226.32 248.4 281.84 287.92 254.28 215.4 162.28 172 251.92 215.48 154.96 206.12 197 184.92
64.6 53.16 43.08 30.28 21.8 36.04 42.72 60.04 28.64 34.04 14.24 37.4 34.2 43.36 28.84 22.84 15.8 27.76 53.48 57.04 68.2 87.28 73.2 118.32 109.24 115 75.28 106.12 56.16 78.2 96.48 77.16 59.2 34.32 65.28 79.88 59.92 89.8 84.48 115.04 114.24 116.28 94.72 45.52 39.04 81.84 69.68 67.48 105.04 156.68 226.84 237.92 150.96 55.96 81.16 166.12 148 102.32 94.84 144.2 194.16 196.44 182.28 201 244.16 222.4 204.44 223.04 150.72 155.28 223.64 220.96 145.4 178.2 240.8 206.12
71.84 57.48 44.32 37 32.12 18.76 14.12 20.4 17.48 18.56 7.32 26.8 17.48 26.24 21.04 12.32 25.52 34.68 55.6 45.48 71.04 68.2 82.28 139.16 117.52 95.68 69.88 74.96 62.68 54.08 81.8 71.84 58.92 32.28 39.64 48.28 53.12 72.24 83.72 137.88 151.2 127.72 65.4 39.96 46.76 47.68 47.52 81 136.96 168.24 222.36 231.76 145.48 53.6 77.28 176.28 222.6 175.56 134.92 110.72 126.48 139.92 136.52 129.76 147.36 149.12 189.36 201.16 135.4 125.72 191.32 226.8 148.88 132.12 178 163.76
72.84 57.76 54.76 83.28 67.48 30.76 21.2 15.44 20.56 31.4 8.6 8.08 8.84 6.08 11.72 14.56 16.04 20 24.04 29.28 45.68 52.12 67.96 81.32 97.92 91.04 115.2 64.24 45.12 60.6 65.32 60.08 51.4 41.08 21.52 38.84 75.56 58.04 86.88 140.48 105.8 69.04 35.84 65.96 109.12 101.24 80.48 46.64 79.6 102.6 182.24 209.2 125.88 47.64 82.32 175.96 226.72 216.64 203.64 173.64 131.32 176.12 151.12 121.6 101.36 109.44 142.24 156.8 94.2 143.4 191.88 210.12 163.6 96.08 99 95.96
72.52 63.84 54.56 73.44 85.8 23.84 25.6 12.92 6 3.72 1.8 0.16 0.36 0.96 7.84 7.72 16.12 49.52 68 31.04 64.92 64.28 55.12 70.2 99.56 98.08 113.16 102.76 46.68 39.88 54.88 50.68 64.88 52.6 22.68 31.64 63.48 42.72 92.28 117.4 55.52 26.92 33.88 82 152.04 172.52 125.56 55.68 42.76 95.24 171.84 158.08 84.84 43.88 99.64 121.24 137.56 137.04 137.52 153.72 157.88 199.92 214.48 186.28 129.72 107.12 84.48 96.16 75.08 92.2 110.52 127.48 118.2 85.04 113.36 141.16
100.76 75.84 55.96 52.44 41.92 32.44 22.52 19.84 9.28 0.76 0 0 0 0 9.04 21.6 25.96 40.96 80.32 42.68 34.88 32.04 39.2 68.32 91.08 90.16 80.72 117.96 86.4 38.72 34.96 43.84 54.32 65.48 27.72 15.52 33.08 32.12 49.92 53.24 26.48 43.32 54.56 95.68 180.92 212.76 165.64 105.76 38.12 99.92 153.28 83.28 51.64 37.44 55.52 73.84 87.52 111.36 138.16 137.6 160.68 225.64 276.56 194.56 112.04 95.44 76.76 63.2 81.2 94.12 100.8 98.56 105.68 116.64 100.88 160.84
124.04 71.96 69.36 78.6 86.12 71.32 26.08 20.8 14.16 1.52 0 0 0 1.36 11.32 35.28 39.48 60.24 74.04 54.16 63.68 58.04 34.28 47.32 67.4 61.96 60.56 73.32 69.8 52.24 29.96 48 47.52 37.64 22.88 9.36 23.48 20.92 17.56 25.52 59.36 81.52 88.36 90.2 178.6 154.16 108.08 86.92 37.16 64.44 105 57.56 29.44 75.24 114.96 133 133 122.32 171.72 158.88 136.6 184.8 248.44 190.08 119.68 97.48 65.72 95.64 113.04 132.6 186.68 184.32 192.08 192.48 133.08 157.76
105.44 79.08 70 60.32 47.44 42 22.48 10.4 7.12 4.6 0.16 0 0 3.24 14.08 32 44.48 73.96 115.2 85.48 74.96 74.08 57.84 62.48 48.32 45.48 39.36 56.84 54.4 75.4 35 40.88 54.48 32.88 24.16 6.04 12.88 10.12 21.2 68.44 73.8 78.52 74.16 104.64 157.56 120.32 75.32 82 66.72 30.68 41.04 31.96 26.16 46.44 67.92 83.2 99.68 133.44 161.84 211.36 141.48 130.32 170.6 167.6 91.04 66.24 75.32 141.8 190.68 201 230.96 251.6 271.6 269.28 220.68 233.12
59.92 55.2 67.52 67.6 47.68 60.52 29.44 9.36 16.68 12.04 4.28 0.88 3 5.32 15.8 33.16 61.04 121.92 153.76 131.36 103.28 69.36 78.44 80.68 74.4 56 42.76 48.32 37.92 31.8 23.56 19.48 31.44 36 20.44 0.68 16.44 17.48 32.44 53.52 80.84 69.8 54.84 90.2 105 92.6 81.12 81.56 101.4 42.64 29.64 31.04 27 88.4 107.48 152.16 151.4 111.44 167.28 234.88 160.44 104.8 110.36 170 131.96 66.6 89.48 140.72 192.36 172.48 156.16 185.04 238.72 276.8 294.24 313.96
35.56 38.84 35.8 39.08 24.64 23.64 16.2 22.32 16.72 19.68 15.24 7.12 34.84 13.8 13.52 24.76 40.84 73.48 88.2 100.72 119.72 99.2 94.08 89.16 66 60.76 52.32 66.24 50.92 40.4 42.4 27.68 32.76 21.92 14.44 8.48 8.44 8.04 30.12 45.08 36.52 33 46.36 72.48 73.36 74.24 54.08 67.36 51.24 68.76 76.64 20.72 25.56 96.24 169.68 174.28 118.04 78.76 152.12 238.08 212.08 142.92 77.28 114.4 86.44 52.04 58.52 76.48 112.64 92.36 77.8 112.52 160.52 195.76 235.84 267.8
32.28 33.72 50.72 34.96 49.24 29.6 30.12 30.4 20.92 21.52 15.36 15.56 35.8 21.56 15.08 49.24 65.72 101.76 120.88 139.2 178.8 140.44 110.24 109.64 89.8 66.48 75.76 73.8 76.44 56.72 83.6 49.36 37.84 33.6 28.96 15.96 13.16 4.28 11.32 11.6 26.4 21.32 26.76 26.24 37.24 38.96 38.16 44.52 30.36 51.36 72.16 19.64 37.32 68.32 120 93.6 64.4 96.24 175.56 221.88 209.24 149.2 80.28 58.32 51.96 54.72 81.04 80.52 67.16 77.84 90.48 82.32 82.48 103.92 140.12 180.2
51.56 57.92 67.4 62.32 106.8 67 45.52 46.56 39.64 36.88 18.6 29.24 22.72 32.36 32.88 22.56 42.64 100.64 134 197.52 203.04 191 131.56 102.96 89.76 89.56 90.88 98.76 64.2 73 103.56 54.28 55.28 81.8 101.64 49.88 11.64 25.12 29.64 37.72 33.76 41.76 30.04 36.56 60.08 37.44 28.08 27.92 21.32 21.24 22.72 24.08 10.36 30.88 35.16 36.52 78.28 139.44 149 138.04 136.84 114.2 51.08 57.28 91.12 102.6 95.52 93.4 120.76 133.84 109.4 124.84 124.6 93.8 86.72 119.4
