GIS/bfa_beta.asc
ncols         173
nrows         126
xllcorner     224227.65281
yllcorner     1039207.04677
cellsize      5000
NODATA_value  -9999
[rows 38 to 75 of 126, columns 0 to 83 of 173]
-9999 -9999 -9999 -9999 -9999 -9999 -9999 -9999 -9999 -9999 -9999 -9999 -9999 -9999 -9999 -9999 -9999 -9999 -9999 -9999 -9999 -9999 -9999 -9999 -9999 -9999 -9999 -9999 -9999 -9999 -9999 0.26 0.3 0.23 0.25 0.27 0.3 0.31 -9999 -9999 -9999 -9999 -9999 -9999 -9999 -9999 -9999 -9999 -9999 -9999 0.18 0.14 0.16 0.13 0.13 0.13 0.13 0.12 0.12 0.13 0.13 0.13 0.12 0.13 0.1 0.11 0.11 0.11 0.11 0.1 0.11 0.1 0.11 0.12 0.11 0.1 0.11 0.11 0.11 0.11 0.12 0.12 0.11 0.12
-9999 -9999 -9999 -9999 -9999 -9999 -9999 -9999 -9999 -9999 -9999 -9999 -9999 -9999 -9999 -9999 -9999 -9999 -9999 -9999 -9999 -9999 -9999 -9999 -9999 -9999 -9999 -9999 -9999 -9999 -9999 0.3 0.29 0.22 0.29 0.3 0.44 0.41 0.33 -9999 -9999 -9999 -9999 -9999 -9999 -9999 -9999 -9999 -9999 -9999 0.18 0.18 0.18 0.18 0.16 0.13 0.13 0.12 0.11 0.12 0.13 0.12 0.11 0.12 0.11 0.11 0.11 0.11 0.1 0.11 0.11 0.11 0.11 0.12 0.12 0.1 0.1 0.1 0.1 0.11 0.11 0.11 0.09 0.11
-9999 -9999 -9999 -9999 -9999 -9999 -9999 -9999 -9999 -9999 -9999 -9999 -9999 -9999 -9999 -9999 -9999 -9999 -9999 -9999 -9999 -9999 -9999 -9999 -9999 -9999 -9999 -9999 -9999 0.28 0.3 0.27 0.3 0.17 0.24 0.44 0.41 0.44 0.33 0.32 -9999 -9999 -9999 -9999 -9999 -9999 0.16 0.19 0.2 0.2 0.2 0.15 0.2 0.2 0.16 0.13 0.13 0.12 0.12 0.12 0.12 0.13 0.12 0.1 0.12 0.1 0.11 0.11 0.12 0.12 0.12 0.11 0.11 0.11 0.11 0.1 0.1 0.1 0.1 0.11 0.11 0.12 0.09 0.1
-9999 -9999 -9999 -9999 -9999 -9999 -9999 -9999 -9999 -9999 -9999 -9999 -9999 -9999 -9999 -9999 -9999 -9999 -9999 -9999 -9999 -9999 -9999 -9999 -9999 -9999 -9999 -9999 0.22 0.31 0.27 0.25 0.22 0.17 0.33 0.32 0.23 0.41 0.3 0.23 0.25 0.22 -9999 -9999 -9999 -9999 0.16 0.19 0.2 0.2 0.15 0.15 0.2 0.21 0.15 0.13 0.13 0.13 0.12 0.12 0.11 0.11 0.1 0.1 0.1 0.1 0.11 0.12 0.1 0.1 0.11 0.1 0.1 0.1 0.1 0.1 0.08 0.1 0.1 0.09 0.09 0.1 0.09 0.09
-9999 -9999 -9999 -9999 -9999 -9999 -9999 -9999 -9999 -9999 -9999 -9999 -9999 -9999 -9999 -9999 -9999 -9999 -9999 -9999 -9999 -9999 -9999 -9999 -9999 -9999 -9999 0.18 0.22 0.24 0.29 0.33 0.19 0.22 0.26 0.31 0.23 0.33 0.33 0.33 0.26 0.22 0.29 -9999 -9999 -9999 0.14 0.2 0.18 0.21 0.16 0.15 0.21 0.18 0.18 0.12 0.12 0.12 0.12 0.12 0.11 0.08 0.08 0.1 0.1 0.1 0.11 0.11 0.1 0.09 0.09 0.1 0.1 0.1 0.1 0.1 0.1 0.1 0.1 0.1 0.1 0.09 0.08 0.07
-9999 -9999 -9999 -9999 -9999 -9999 -9999 -9999 -9999 -9999 -9999 -9999 -9999 -9999 -9999 -9999 -9999 -9999 -9999 -9999 -9999 -9999 -9999 -9999 -9999 -9999 0.21 0.2 0.17 0.25 0.25 0.23 0.17 0.26 0.28 0.31 0.31 0.27 0.27 0.44 0.33 0.26 0.27 0.22 0.23 0.2 0.14 0.19 0.2 0.18 0.14 0.18 0.15 0.17 0.14 0.13 0.12 0.13 0.14 0.13 0.1 0.1 0.1 0.1 0.11 0.12 0.11 0.1 0.1 0.09 0.1 0.1 0.1 0.1 0.07 0.1 0.09 0.08 0.08 0.1 0.08 0.1 0.1 0.07
-9999 -9999 -9999 -9999 -9999 -9999 -9999 -9999 -9999 -9999 -9999 -9999 -9999 -9999 -9999 -9999 -9999 -9999 -9999 -9999 -9999 -9999 -9999 -9999 -9999 -9999 -9999 0.17 0.2 0.22 0.22 0.23 0.23 0.29 0.26 0.29 0.31 0.29 0.24 0.17 0.19 0.19 0.29 0.24 0.17 0.15 0.16 0.19 0.19 0.17 0.15 0.21 0.21 0.16 0.14 0.13 0.13 0.12 0.12 0.12 0.12 0.12 0.12 0.11 0.1 0.11 0.1 0.1 0.1 0.09 0.09 0.11 0.09 0.07 0.08 0.1 0.1 0.1 0.1 0.1 0.11 0.09 0.08 0.07
-9999 -9999 -9999 -9999 -9999 -9999 -9999 -9999 -9999 -9999 -9999 -9999 -9999 -9999 -9999 -9999 -9999 -9999 -9999 -9999 -9999 -9999 -9999 -9999 -9999 -9999 -9999 0.18 0.19 0.22 0.22 0.19 0.18 0.17 0.17 0.17 0.29 0.28 0.29 0.17 0.19 0.19 0.19 0.19 0.19 0.16 0.16 0.21 0.15 0.16 0.21 0.21 0.15 0.14 0.12 0.13 0.12 0.12 0.13 0.13 0.12 0.12 0.13 0.11 0.1 0.1 0.11 0.1 0.11 0.1 0.1 0.09 0.09 0.06 0.07 0.08 0.11 0.11 0.1 0.1 0.1 0.09 0.07 0.07
-9999 -9999 -9999 -9999 -9999 -9999 -9999 -9999 -9999 -9999 -9999 -9999 -9999 -9999 -9999 -9999 -9999 -9999 -9999 -9999 -9999 -9999 -9999 -9999 -9999 -9999 -9999 -9999 0.22 0.22 0.22 0.17 0.17 0.19 0.17 0.17 0.22 0.22 0.17 0.17 0.17 0.17 0.17 0.22 0.19 0.16 0.18 0.14 0.21 0.21 0.2 0.18 0.17 0.16 0.13 0.13 0.13 0.11 0.12 0.13 0.12 0.12 0.12 0.12 0.11 0.11 0.1 0.11 0.12 0.1 0.1 0.09 0.11 0.1 0.07 0.08 0.1 0.1 0.09 0.1 0.1 0.08 0.07 0.07
-9999 -9999 -9999 -9999 -9999 -9999 -9999 -9999 -9999 -9999 -9999 -9999 -9999 -9999 -9999 -9999 -9999 -9999 -9999 -9999 -9999 -9999 -9999 -9999 -9999 -9999 -9999 -9999 0.19 0.22 0.22 0.18 0.19 0.19 0.19 0.19 0.19 0.17 0.17 0.17 0.19 0.17 0.17 0.28 0.18 0.15 0.16 0.21 0.21 0.14 0.21 0.21 0.16 0.13 0.16 0.13 0.12 0.12 0.12 0.12 0.12 0.12 0.11 0.11 0.11 0.11 0.1 0.1 0.1 0.1 0.09 0.08 0.09 0.1 0.1 0.07 0.1 0.1 0.11 0.11 0.1 0.09 0.07 0.06
-9999 -9999 -9999 -9999 -9999 -9999 -9999 -9999 -9999 -9999 -9999 -9999 -9999 -9999 -9999 -9999 -9999 -9999 -9999 -9999 -9999 -9999 -9999 -9999 -9999 -9999 -9999 -9999 0.18 0.22 0.22 0.18 0.19 0.19 0.19 0.19 0.19 0.17 0.19 0.2 0.19 0.2 0.19 0.22 0.2 0.18 0.16 0.14 0.15 0.18 0.18 0.18 0.14 0.16 0.14 0.12 0.12 0.13 0.12 0.12 0.12 0.12 0.11 0.1 0.11 0.1 0.11 0.09 0.1 0.08 0.09 0.07 0.1 0.1 0.11 0.12 0.11 0.11 0.11 0.11 0.11 0.08 0.07 0.06
-9999 -9999 -9999 -9999 -9999 -9999 -9999 -9999 -9999 -9999 -9999 -9999 -9999 -9999 -9999 -9999 -9999 -9999 -9999 -9999 -9999 -9999 -9999 -9999 -9999 -9999 -9999 -9999 0.18 0.19 0.19 0.21 0.19 0.17 0.17 0.2 0.18 0.19 0.18 0.18 0.19 0.2 0.18 0.17 0.21 0.2 0.16 0.2 0.18 0.2 0.2 0.21 0.16 0.13 0.16 0.12 0.13 0.12 0.11 0.12 0.12 0.11 0.11 0.11 0.11 0.1 0.1 0.09 0.1 0.09 0.09 0.1 0.1 0.11 0.1 0.12 0.12 0.11 0.12 0.11 0.11 0.1 0.07 0.06
-9999 -9999 -9999 -9999 -9999 -9999 -9999 -9999 -9999 -9999 -9999 -9999 -9999 -9999 -9999 -9999 -9999 -9999 -9999 -9999 -9999 -9999 -9999 -9999 -9999 -9999 -9999 -9999 0.18 0.2 0.2 0.18 0.19 0.17 0.19 0.2 0.18 0.19 0.19 0.17 0.18 0.19 0.18 0.2 0.2 0.18 0.18 0.17 0.18 0.15 0.16 0.15 0.14 0.13 0.13 0.13 0.12 0.12 0.11 0.11 0.11 0.12 0.1 0.1 0.11 0.1 0.1 0.09 0.09 0.09 0.1 0.1 0.09 0.1 0.11 0.1 0.11 0.12 0.11 0.11 0.1 0.1 0.07 0.06
-9999 -9999 -9999 -9999 -9999 -9999 -9999 -9999 -9999 -9999 -9999 -9999 -9999 -9999 -9999 -9999 -9999 -9999 -9999 -9999 -9999 -9999 -9999 -9999 -9999 -9999 -9999 -9999 0.18 0.19 0.15 0.2 0.19 0.18 0.18 0.18 0.15 0.16 0.2 0.15 0.18 0.18 0.18 0.19 0.19 0.19 0.2 0.17 0.18 0.14 0.13 0.13 0.15 0.14 0.13 0.12 0.12 0.13 0.11 0.12 0.11 0.11 0.11 0.11 0.11 0.1 0.1 0.09 0.09 0.1 0.1 0.1 0.09 0.1 0.1 0.1 0.09 0.09 0.1 0.09 0.07 0.07 0.06 0.06
-9999 -9999 -9999 -9999 -9999 -9999 -9999 -9999 -9999 -9999 -9999 -9999 -9999 -9999 -9999 -9999 -9999 -9999 -9999 -9999 -9999 -9999 -9999 -9999 0.13 0.21 -9999 -9999 0.18 0.16 0.15 0.18 0.18 0.18 0.19 0.2 0.15 0.16 0.2 0.14 0.19 0.19 0.17 0.17 0.19 0.18 0.16 0.21 0.15 0.14 0.13 0.16 0.13 0.12 0.11 0.11 0.11 0.11 0.11 0.11 0.12 0.11 0.11 0.11 0.1 0.1 0.09 0.09 0.1 0.09 0.07 0.07 0.08 0.1 0.11 0.08 0.08 0.07 0.07 0.07 0.07 0.07 0.06 0.06
-9999 -9999 -9999 -9999 -9999 -9999 -9999 -9999 -9999 -9999 -9999 -9999 -9999 -9999 -9999 -9999 -9999 -9999 -9999 -9999 -9999 -9999 -9999 0.13 0.14 0.21 0.15 0.14 0.18 0.15 0.2 0.21 0.2 0.18 0.17 0.15 0.14 0.16 0.21 0.14 0.17 0.17 0.17 0.19 0.2 0.2 0.15 0.19 0.15 0.16 0.16 0.13 0.13 0.13 0.12 0.12 0.11 0.11 0.12 0.12 0.11 0.1 0.1 0.11 0.1 0.1 0.1 0.1 0.07 0.07 0.07 0.06 0.08 0.1 0.09 0.07 0.08 0.07 0.07 0.07 0.07 0.06 0.06 0.06
-9999 -9999 -9999 -9999 -9999 -9999 -9999 -9999 -9999 -9999 -9999 -9999 -9999 -9999 -9999 -9999 -9999 -9999 -9999 -9999 -9999 -9999 -9999 0.16 0.16 0.15 0.21 0.14 0.18 0.18 0.2 0.17 0.17 0.17 0.2 0.15 0.14 0.14 0.15 0.18 0.19 0.19 0.2 0.19 0.18 0.17 0.15 0.18 0.14 0.14 0.14 0.14 0.13 0.12 0.13 0.12 0.12 0.12 0.12 0.11 0.11 0.1 0.1 0.1 0.09 0.09 0.1 0.1 0.07 0.09 0.07 0.07 0.08 0.09 0.08 0.07 0.07 0.07 0.07 0.07 0.06 0.06 0.06 0.06
-9999 -9999 -9999 -9999 -9999 -9999 -9999 -9999 -9999 -9999 -9999 -9999 -9999 -9999 -9999 -9999 -9999 -9999 -9999 -9999 -9999 -9999 -9999 -9999 0.14 0.21 0.15 0.21 0.15 0.15 0.14 0.14 0.16 0.13 0.13 0.13 0.16 0.16 0.15 0.21 0.15 0.14 0.15 0.14 0.16 0.14 0.15 0.14 0.13 0.14 0.13 0.13 0.13 0.13 0.13 0.12 0.12 0.12 0.11 0.12 0.12 0.11 0.1 0.09 0.09 0.1 0.08 0.08 0.09 0.07 0.07 0.06 0.07 0.07 0.07 0.06 0.06 0.06 0.06 0.06 0.05 0.05 0.05 0.04
-9999 -9999 -9999 -9999 -9999 -9999 -9999 -9999 -9999 -9999 -9999 -9999 -9999 -9999 -9999 -9999 -9999 -9999 -9999 -9999 -9999 -9999 -9999 -9999 -9999 0.15 0.21 0.14 0.15 0.14 0.14 0.13 0.16 0.16 0.14 0.16 0.16 0.13 0.13 0.16 0.16 0.16 0.13 0.16 0.14 0.14 0.15 0.16 0.13 0.13 0.16 0.16 0.13 0.12 0.12 0.11 0.12 0.11 0.11 0.12 0.11 0.11 0.11 0.11 0.1 0.1 0.09 0.09 0.09 0.09 0.09 0.07 0.07 0.06 0.06 0.06 0.06 0.06 0.06 0.05 0.06 0.05 0.05 0.05
-9999 -9999 -9999 -9999 -9999 -9999 -9999 -9999 -9999 -9999 -9999 -9999 -9999 -9999 -9999 -9999 -9999 -9999 -9999 -9999 -9999 -9999 -9999 -9999 0.14 0.18 0.21 0.16 0.15 0.21 0.14 0.13 0.16 0.14 0.14 0.15 0.13 0.16 0.13 0.13 0.13 0.13 0.13 0.13 0.14 0.15 0.14 0.14 0.16 0.13 0.13 0.13 0.14 0.13 0.12 0.12 0.12 0.11 0.12 0.12 0.11 0.11 0.11 0.1 0.1 0.1 0.08 0.09 0.08 0.09 0.08 0.09 0.07 0.06 0.07 0.06 0.07 0.06 0.06 0.06 0.05 0.05 0.05 0.05
-9999 -9999 -9999 -9999 -9999 -9999 -9999 -9999 -9999 -9999 -9999 -9999 -9999 -9999 -9999 -9999 -9999 -9999 -9999 -9999 -9999 -9999 -9999 -9999 0.18 0.15 0.14 0.14 0.21 0.14 0.14 0.14 0.14 0.14 0.14 0.16 0.16 0.14 0.13 0.13 0.13 0.13 0.12 0.12 0.13 0.12 0.14 0.15 0.13 0.13 0.13 0.13 0.13 0.12 0.11 0.11 0.12 0.12 0.12 0.12 0.11 0.1 0.11 0.12 0.11 0.11 0.1 0.09 0.09 0.07 0.08 0.09 0.07 0.07 0.08 0.07 0.06 0.07 0.06 0.06 0.06 0.05 0.05 0.05
-9999 -9999 -9999 -9999 -9999 -9999 -9999 -9999 -9999 -9999 -9999 -9999 -9999 -9999 -9999 -9999 -9999 -9999 -9999 -9999 -9999 -9999 -9999 -9999 0.16 0.15 0.15 0.18 0.21 0.15 0.14 0.15 0.16 0.16 0.14 0.16 0.13 0.14 0.13 0.12 0.12 0.12 0.12 0.12 0.12 0.11 0.15 0.15 0.13 0.16 0.16 0.16 0.13 0.12 0.12 0.11 0.12 0.12 0.12 0.11 0.11 0.11 0.1 0.1 0.09 0.1 0.1 0.07 0.07 0.09 0.08 0.09 0.09 0.09 0.08 0.08 0.06 0.06 0.06 0.06 0.06 0.06 0.05 0.05
-9999 -9999 -9999 -9999 -9999 -9999 -9999 -9999 -9999 -9999 -9999 -9999 -9999 -9999 -9999 -9999 -9999 -9999 -9999 -9999 -9999 -9999 -9999 -9999 0.15 0.15 0.21 0.18 0.16 0.13 0.14 0.15 0.15 0.16 0.15 0.13 0.13 0.12 0.12 0.12 0.12 0.12 0.13 0.12 0.12 0.12 0.12 0.13 0.13 0.14 0.16 0.13 0.13 0.12 0.12 0.12 0.12 0.12 0.12 0.11 0.12 0.12 0.11 0.1 0.09 0.09 0.08 0.09 0.07 0.09 0.08 0.09 0.09 0.08 0.08 0.07 0.07 0.06 0.06 0.06 0.06 0.06 0.05 0.05
-9999 -9999 -9999 -9999 -9999 -9999 -9999 -9999 -9999 -9999 -9999 -9999 -9999 -9999 -9999 -9999 -9999 -9999 -9999 -9999 -9999 -9999 -9999 0.15 0.21 0.18 0.18 0.16 0.13 0.13 0.16 0.16 0.16 0.15 0.13 0.13 0.13 0.13 0.12 0.12 0.12 0.13 0.13 0.12 0.12 0.13 0.13 0.13 0.14 0.13 0.13 0.13 0.13 0.13 0.13 0.13 0.12 0.12 0.12 0.12 0.12 0.12 0.11 0.1 0.08 0.09 0.09 0.09 0.1 0.09 0.09 0.1 0.1 0.08 0.08 0.07 0.07 0.07 0.07 0.07 0.07 0.06 0.05 0.05
-9999 -9999 -9999 -9999 -9999 -9999 -9999 -9999 -9999 -9999 -9999 -9999 -9999 -9999 -9999 -9999 -9999 -9999 -9999 -9999 -9999 -9999 0.2 0.19 0.18 0.21 0.15 0.15 0.14 0.14 0.15 0.16 0.15 0.13 0.13 0.14 0.13 0.13 0.12 0.12 0.12 0.13 0.13 0.12 0.12 0.13 0.13 0.13 0.13 0.13 0.14 0.14 0.12 0.14 0.13 0.12 0.12 0.12 0.12 0.12 0.12 0.12 0.12 0.12 0.1 0.08 0.08 0.09 0.09 0.1 0.1 0.07 0.08 0.08 0.07 0.09 0.08 0.08 0.09 0.07 0.07 0.06 0.07 0.05
-9999 -9999 -9999 -9999 -9999 -9999 -9999 -9999 -9999 -9999 -9999 -9999 -9999 -9999 -9999 -9999 -9999 -9999 -9999 -9999 -9999 0.18 0.18 0.2 0.18 0.14 0.14 0.16 0.15 0.15 0.14 0.14 0.15 0.15 0.14 0.14 0.12 0.12 0.12 0.12 0.13 0.13 0.12 0.12 0.14 0.13 0.13 0.13 0.14 0.13 0.13 0.13 0.13 0.11 0.12 0.12 0.12 0.12 0.13 0.14 0.13 0.13 0.12 0.11 0.1 0.1 0.08 0.09 0.08 0.07 0.09 0.1 0.09 0.07 0.08 0.08 0.08 0.09 0.07 0.07 0.07 0.06 0.06 0.05
-9999 -9999 -9999 -9999 -9999 -9999 -9999 -9999 -9999 -9999 -9999 -9999 -9999 -9999 -9999 -9999 -9999 -9999 -9999 -9999 -9999 0.15 0.19 0.64 0.18 0.18 0.15 0.15 0.14 0.2 0.16 0.14 0.16 0.16 0.14 0.13 0.12 0.12 0.12 0.12 0.13 0.13 0.12 0.13 0.13 0.14 0.13 0.13 0.14 0.14 0.12 0.11 0.13 0.12 0.12 0.13 0.12 0.12 0.12 0.13 0.13 0.16 0.11 0.11 0.11 0.09 0.09 0.1 0.08 0.06 0.09 0.1 0.1 0.08 0.09 0.08 0.08 0.08 0.09 0.08 0.08 0.06 0.06 0.06
-9999 -9999 -9999 -9999 -9999 -9999 -9999 -9999 -9999 -9999 -9999 -9999 -9999 -9999 -9999 -9999 -9999 -9999 -9999 -9999 -9999 0.21 0.58 0.2 0.44 0.18 0.16 0.2 0.18 0.16 0.16 0.14 0.13 0.14 0.15 0.13 0.13 0.12 0.12 0.13 0.13 0.13 0.13 0.13 0.16 0.16 0.13 0.13 0.13 0.14 0.13 0.12 0.13 0.13 0.13 0.13 0.12 0.12 0.12 0.12 0.12 0.12 0.12 0.12 0.11 0.1 0.1 0.1 0.11 0.1 0.1 0.1 0.1 0.09 0.09 0.08 0.09 0.07 0.08 0.07 0.07 0.07 0.06 0.06
-9999 -9999 -9999 -9999 -9999 -9999 -9999 -9999 -9999 -9999 -9999 -9999 -9999 -9999 -9999 -9999 -9999 -9999 -9999 0.18 0.2 0.2 0.46 0.6 0.48 0.16 0.17 0.17 0.16 0.16 0.14 0.14 0.14 0.13 0.13 0.13 0.12 0.12 0.13 0.13 0.13 0.13 0.13 0.13 0.13 0.13 0.13 0.13 0.13 0.13 0.11 0.13 0.14 0.13 0.13 0.13 0.13 0.13 0.13 0.12 0.12 0.13 0.12 0.12 0.1 0.11 0.11 0.12 0.11 0.1 0.1 0.09 0.11 0.1 0.1 0.1 0.09 0.09 0.08 0.07 0.08 0.07 0.07 0.07
-9999 -9999 -9999 -9999 -9999 -9999 -9999 -9999 -9999 -9999 -9999 -9999 -9999 -9999 -9999 -9999 -9999 -9999 0.5 0.56 0.46 0.53 0.49 0.54 0.68 0.16 0.16 0.16 0.16 0.14 0.12 0.14 0.15 0.14 0.13 0.12 0.12 0.13 0.13 0.13 0.12 0.12 0.13 0.13 0.12 0.13 0.12 0.12 0.12 0.12 0.12 0.12 0.13 0.12 0.12 0.13 0.12 0.13 0.13 0.16 0.13 0.12 0.12 0.12 0.11 0.12 0.11 0.11 0.11 0.1 0.09 0.09 0.1 0.1 0.1 0.09 0.07 0.07 0.08 0.09 0.09 0.08 0.08 0.07
-9999 -9999 -9999 -9999 -9999 -9999 -9999 -9999 -9999 -9999 -9999 -9999 0.35 0.39 0.34 0.36 0.4 0.49 0.4 0.43 0.47 0.44 0.55 0.66 0.44 0.16 0.16 0.16 0.15 0.15 0.13 0.15 0.14 0.15 0.12 0.12 0.13 0.12 0.12 0.12 0.12 0.12 0.13 0.13 0.12 0.12 0.14 0.13 0.13 0.12 0.11 0.12 0.13 0.12 0.13 0.12 0.12 0.13 0.13 0.13 0.13 0.12 0.12 0.12 0.11 0.11 0.11 0.11 0.1 0.1 0.1 0.11 0.11 0.11 0.11 0.09 0.08 0.08 0.08 0.1 0.09 0.08 0.08 0.09
-9999 -9999 -9999 -9999 -9999 -9999 -9999 -9999 0.33 0.31 0.46 0.39 0.35 0.41 0.46 0.48 0.49 0.43 0.43 0.5 0.47 0.4 0.43 0.62 0.55 0.34 0.41 0.16 0.16 0.16 0.15 0.14 0.13 0.16 0.12 0.11 0.13 0.11 0.12 0.11 0.12 0.12 0.13 0.12 0.12 0.12 0.11 0.12 0.12 0.12 0.12 0.12 0.13 0.13 0.12 0.13 0.13 0.13 0.13 0.13 0.12 0.12 0.12 0.12 0.11 0.12 0.12 0.11 0.11 0.1 0.11 0.11 0.11 0.1 0.11 0.11 0.11 0.11 0.11 0.1 0.1 0.09 0.08 0.08
-9999 -9999 -9999 -9999 -9999 -9999 -9999 0.31 0.46 0.34 0.46 0.49 0.35 0.4 0.35 0.4 0.35 0.5 0.48 0.58 0.55 0.47 0.45 0.61 0.52 0.43 0.4 0.15 0.15 0.15 0.13 0.16 0.16 0.13 0.11 0.12 0.12 0.12 0.11 0.11 0.12 0.12 0.12 0.12 0.12 0.11 0.11 0.13 0.13 0.11 0.11 0.13 0.13 0.13 0.12 0.13 0.13 0.13 0.13 0.12 0.12 0.11 0.12 0.13 0.12 0.11 0.12 0.11 0.11 0.12 0.12 0.11 0.1 0.09 0.11 0.11 0.11 0.11 0.11 0.11 0.1 0.1 0.08 0.09
-9999 -9999 -9999 -9999 -9999 -9999 0.33 0.28 0.41 0.36 0.32 0.28 0.43 0.49 0.43 0.66 0.49 0.52 0.52 0.48 0.51 0.43 0.53 0.41 0.41 0.43 0.33 0.14 0.14 0.16 0.16 0.14 0.14 0.12 0.12 0.12 0.11 0.11 0.12 0.11 0.11 0.11 0.12 0.12 0.12 0.11 0.11 0.12 0.12 0.11 0.11 0.13 0.13 0.12 0.12 0.13 0.12 0.12 0.12 0.12 0.13 0.12 0.12 0.13 0.12 0.11 0.11 0.11 0.11 0.12 0.12 0.13 0.11 0.11 0.1 0.11 0.11 0.12 0.11 0.1 0.1 0.09 0.1 0.08
-9999 -9999 -9999 0.23 0.22 0.24 0.24 0.33 0.41 0.31 0.49 0.43 0.43 0.4 0.37 0.4 0.41 0.55 0.48 0.51 0.46 0.64 0.52 0.45 0.42 0.43 0.48 0.15 0.15 0.385 0.16 0.13 0.12 0.12 0.12 0.12 0.12 0.11 0.11 0.11 0.11 0.11 0.11 0.11 0.11 0.1 0.12 0.11 0.11 0.11 0.11 0.12 0.12 0.13 0.12 0.12 0.13 0.13 0.12 0.12 0.13 0.12 0.14 0.12 0.12 0.12 0.12 0.12 0.12 0.11 0.11 0.12 0.12 0.11 0.11 0.11 0.1 0.11 0.11 0.08 0.1 0.1 0.1 0.09
-9999 -9999 -9999 -9999 -9999 0.27 0.33 0.33 0.36 0.28 0.4 0.45 0.42 0.44 0.35 0.38 0.49 0.42 0.52 0.7 0.57 0.56 0.43 0.43 0.48 0.45 0.44 0.39 0.16 0.15 0.14 0.13 0.12 0.12 0.12 0.12 0.12 0.11 0.11 0.11 0.11 0.11 0.12 0.1 0.1 0.11 0.11 0.11 0.11 0.12 0.12 0.12 0.13 0.13 0.12 0.12 0.13 0.11 0.12 0.12 0.12 0.12 0.12 0.11 0.13 0.13 0.12 0.12 0.12 0.12 0.12 0.12 0.12 0.12 0.11 0.12 0.11 0.11 0.11 0.1 0.11 0.11 0.11 0.09
-9999 -9999 -9999 -9999 -9999 -9999 0.31 0.3 0.34 0.31 0.34 0.4 0.52 0.7 0.35 0.55 0.4 0.49 0.52 0.45 0.34 0.52 0.48 0.34 0.35 0.49 0.36 0.41 0.28 0.32 0.12 0.12 0.12 0.12 0.12 0.12 0.12 0.11 0.08 0.08 0.1 0.12 0.11 0.11 0.11 0.11 0.12 0.12 0.11 0.11 0.11 0.12 0.11 0.12 0.12 0.12 0.11 0.11 0.12 0.12 0.11 0.11 0.12 0.12 0.13 0.12 0.12 0.12 0.12 0.12 0.13 0.12 0.12 0.11 0.11 0.12 0.11 0.1 0.12 0.11 0.11 0.11 0.11 0.08
-9999 -9999 -9999 -9999 -9999 -9999 0.28 0.28 0.46 0.41 0.4 0.28 0.29 0.34 0.49 0.47 0.35 0.35 0.38 0.55 0.5 0.55 0.35 0.28 0.32 0.39 0.29 0.33 0.3 0.13 0.11 0.12 0.12 0.12 0.12 0.12 0.11 0.1 0.12 0.11 0.1 0.11 0.1 0.1 0.1 0.1 0.1 0.1 0.1 0.1 0.11 0.12 0.11 0.12 0.12 0.12 0.11 0.12 0.11 0.12 0.12 0.12 0.13 0.13 0.12 0.12 0.12 0.13 0.13 0.13 0.12 0.12 0.11 0.11 0.12 0.11 0.11 0.1 0.11 0.12 0.12 0.11 0.11 0.1
