GIS/bfa_beta.asc
ncols         173
nrows         126
xllcorner     224227.65281
yllcorner     1039207.04677
cellsize      5000
NODATA_value  -9999
[rows 70 to 104 of 126, columns 78 to 155 of 173]
0.1 0.084 0.099 0.083 0.081 0.069 0.072 0.064 0.063 0.057 0.063 0.078 0.073 0.074 0.074 0.072 0.092 0.071 0.084 0.079 0.074 0.064 0.074 0.071 0.072 0.076 0.089 0.097 0.096 0.086 0.092 0.099 0.094 0.086 0.081 0.09 0.116 0.103 0.113 0.114 0.114 0.114 0.109 0.142 0.112 0.169 0.169 0.189 0.18 0.154 0.107 0.162 0.172 0.177 0.164 0.186 0.164 0.144 0.146 0.145 0.125 0.101 0.107 0.176 0.127 0.14 0.14 0.171 0.14 0.132 0.104 0.128 0.12 0.102 0.109 0.111 0.114 0.097
0.1 0.096 0.093 0.078 0.083 0.066 0.076 0.064 0.059 0.0655 0.076 0.076 0.082 0.082 0.074 0.074 0.073 0.081 0.078 0.07 0.088 0.093 0.093 0.072 0.071 0.097 0.093 0.09 0.09 0.097 0.096 0.1 0.086 0.094 0.089 0.12 0.114 0.116 0.113 0.118 0.143 0.143 0.124 0.127 0.132 0.169 0.169 0.164 0.173 0.164 0.148 0.1775 0.15 0.189 0.1775 0.1775 0.198 0.166 0.141 0.164 0.162 0.163 0.16 0.17 0.107 0.112 0.116 0.116 0.141 0.171 0.133 0.132 0.119 0.103 0.111 0.126 0.111 0.11
0.073 0.082 0.083 0.093 0.087 0.077 0.08 0.08 0.071 0.072 0.072 0.067 0.075 0.075 0.076 0.067 0.071 0.073 0.079 0.082 0.071 0.072 0.08 0.08 0.077 0.077 0.083 0.097 0.09 0.092 0.089 0.083 0.076 0.077 0.088 0.106 0.1 0.109 0.118 0.116 0.145 0.145 0.127 0.14 0.138 0.112 0.141 0.148 0.177 0.161 0.164 0.198 0.16 0.144 0.17 0.16 0.173 0.143 0.136 0.163 0.183 0.189 0.19 0.166 0.148 0.146 0.127 0.14 0.14 0.14 0.175 0.13 0.114 0.111 0.128 0.106 0.111 0.125
0.098 0.091 0.108 0.084 0.088 0.077 0.059 0.072 0.072 0.072 0.059 0.057 0.059 0.08 0.072 0.07 0.075 0.082 0.076 0.073 0.073 0.07 0.072 0.075 0.082 0.064 0.072 0.085 0.075 0.076 0.067 0.054 0.057 0.083 0.071 0.09 0.097 0.105 0.114 0.129 0.146 0.144 0.15 0.122 0.129 0.146 0.146 0.141 0.169 0.148 0.205 0.163 0.155 0.158 0.161 0.161 0.146 0.112 0.143 0.1775 0.183 0.18 0.173 0.17 0.1775 0.141 0.175 0.116 0.116 0.175 0.138 0.142 0.125 0.102 0.108 0.116 0.113 0.113
0.106 0.089 0.101 0.084 0.098 0.078 0.068 0.08 0.082 0.099 0.089 0.07 0.06 0.061 0.055 0.075 0.08 0.087 0.079 0.065 0.071 0.074 0.074 0.066 0.083 0.053 0.057 0.078 0.073 0.079 0.065 0.07 0.069 0.065 0.092 0.092 0.102 0.094 0.105 0.116 0.128 0.167 0.132 0.15 0.132 0.138 0.139 0.153 0.171 0.155 0.1555 0.148 0.169 0.17 0.154 0.135 0.107 0.107 0.189 0.179 0.186 0.186 0.143 0.161 0.161 0.161 0.149 0.175 0.127 0.132 0.132 0.127 0.123 0.138 0.12 0.106 0.105 0.108
0.091 0.106 0.108 0.103 0.1 0.086 0.084 0.086 0.091 0.089 0.098 0.089 0.066 0.055 0.057 0.082 0.078 0.077 0.095 0.075 0.075 0.072 0.074 0.079 0.046 0.056 0.055 0.064 0.08 0.074 0.077 0.065 0.075 0.07 0.084 0.086 0.1 0.106 0.095 0.0965 0.114 0.115 0.118 0.132 0.15 0.126 0.125 0.148 0.175 0.151 0.1555 0.151 0.176 0.155 0.145 0.133 0.179 0.194 0.186 0.179 0.173 0.186 0.179 0.164 0.162 0.146 0.138 0.116 0.14 0.127 0.139 0.131 0.112 0.13 0.145 0.134 0.095 0.098
0.114 0.106 0.108 0.116 0.1 0.099 0.072 0.076 0.098 0.09 0.098 0.106 0.098 0.089 0.059 0.073 0.078 0.094 0.083 0.071 0.082 0.071 0.076 0.078 0.055 0.059 0.059 0.064 0.059 0.071 0.074 0.064 0.074 0.076 0.093 0.096 0.093 0.088 0.113 0.098 0.098 0.1 0.109 0.13 0.123 0.118 0.118 0.121 0.141 0.141 0.156 0.176 0.169 0.176 0.126 0.166 0.189 0.1575 0.1775 0.168 0.205 0.18 0.1775 0.1775 0.107 0.176 0.175 0.14 0.175 0.116 0.136 0.141 0.14 0.124 0.128 0.106 0.114 0.086
0.117 0.123 0.104 0.11 0.095 0.097 0.084 0.106 0.108 0.098 0.098 0.089 0.073 0.098 0.066 0.072 0.077 0.066 0.078 0.073 0.079 0.084 0.076 0.072 0.067 0.045 0.048 0.063 0.068 0.068 0.062 0.06 0.064 0.072 0.076 0.093 0.092 0.087 0.109 0.105 0.117 0.116 0.111 0.121 0.132 0.15 0.142 0.148 0.132 0.138 0.141 0.136 0.107 0.107 0.126 0.161 0.17 0.107 0.164 0.163 0.15 0.197 0.168 0.162 0.177 0.148 0.141 0.127 0.132 0.14 0.132 0.116 0.127 0.13 0.138 0.11 0.074 0.091
0.135 0.112 0.114 0.112 0.091 0.084 0.106 0.098 0.091 0.099 0.099 0.098 0.085 0.082 0.066 0.059 0.076 0.08 0.077 0.071 0.078 0.074 0.065 0.074 0.059 0.045 0.049 0.045 0.039 0.055 0.051 0.06 0.063 0.073 0.078 0.079 0.092 0.094 0.105 0.098 0.108 0.089 0.117 0.115 0.124 0.123 0.136 0.14 0.112 0.137 0.138 0.175 0.107 0.144 0.104 0.176 0.148 0.17 0.144 0.176 0.163 0.189 0.1775 0.161 0.107 0.141 0.171 0.171 0.139 0.14 0.116 0.132 0.112 0.12 0.117 0.114 0.073 0.09
0.128 0.136 0.126 0.103 0.086 0.107 0.109 0.093 0.106 0.074 0.078 0.089 0.09 0.09 0.085 0.057 0.08 0.078 0.078 0.075 0.066 0.072 0.073 0.064 0.08 0.059 0.044 0.038 0.047 0.042 0.041 0.048 0.063 0.07 0.071 0.074 0.071 0.099 0.106 0.098 0.109 0.098 0.116 0.119 0.125 0.129 0.129 0.116 0.149 0.144 0.17 0.176 0.171 0.146 0.12 0.14 0.144 0.107 0.136 0.107 0.161 0.177 0.1775 0.169 0.136 0.148 0.148 0.175 0.142 0.175 0.137 0.137 0.137 0.11 0.117 0.117 0.109 0.114
0.138 0.129 0.127 0.109 0.111 0.108 0.108 0.108 0.108 0.096 0.119 0.121 0.119 0.119 0.08 0.069 0.064 0.072 0.071 0.067 0.067 0.059 0.057 0.07 0.071 0.068 0.049 0.043 0.037 0.043 0.044 0.042 0.055 0.064 0.073 0.078 0.072 0.076 0.099 0.106 0.106 0.093 0.114 0.116 0.128 0.124 0.124 0.139 0.136 0.169 0.116 0.127 0.13 0.141 0.127 0.131 0.141 0.107 0.144 0.162 0.136 0.107 0.162 0.176 0.16 0.172 0.161 0.116 0.136 0.12 0.12 0.13 0.104 -9999 -9999 -9999 -9999 0.072
0.167 0.121 0.109 0.116 0.116 0.093 0.094 0.098 0.098 0.175 0.16 0.19 0.173 0.16 0.14 0.075 0.069 0.065 0.065 0.062 0.077 0.081 0.06 0.057 0.07 0.056 0.057 0.053 0.053 0.056 0.052 0.051 0.054 0.06 0.069 0.078 0.0625 0.068 0.106 0.106 0.098 0.106 0.114 0.118 0.114 0.126 0.104 0.131 0.141 0.141 0.132 0.13 0.145 0.13 0.171 0.137 0.116 0.169 0.169 0.148 0.149 0.144 0.148 0.148 0.141 0.14 0.136 0.175 0.125 0.12 0.139 0.126 -9999 -9999 -9999 -9999 -9999 -9999
0.12 0.111 0.22 0.116 0.103 0.106 0.178 0.164 0.17 0.167 0.119 0.16 0.119 0.163 0.14 0.177 0.07 0.059 0.072 0.063 0.07 0.081 0.066 0.059 0.067 0.055 0.055 0.057 0.054 0.055 0.046 0.042 0.059 0.062 0.08 0.077 0.054 0.082 0.099 0.098 0.089 0.09 0.084 0.127 0.109 0.118 0.126 0.12 0.14 0.141 0.112 0.171 0.135 0.12 0.125 0.138 0.123 0.136 0.116 0.146 0.171 0.176 0.14 0.141 0.1375 0.123 0.112 0.145 0.101 0.135 0.145 0.131 -9999 -9999 -9999 -9999 -9999 -9999
0.11 0.113 0.109 0.103 0.167 0.178 0.175 0.168 0.177 0.173 0.171 0.173 0.125 0.125 0.128 0.121 0.121 0.105 0.128 0.084 0.071 0.059 0.072 0.054 0.056 0.061 0.045 0.055 0.046 0.046 0.055 0.053 0.056 0.072 0.074 0.077 0.075 0.066 0.098 0.099 0.08 0.088 0.1 0.11 0.11 0.27 0.32 0.129 0.29 0.31 0.29 0.29 0.139 0.145 0.114 0.116 0.114 0.126 0.119 0.101 0.127 0.116 0.175 0.116 0.139 0.101 0.104 0.12 0.118 0.126 -9999 0.137 -9999 -9999 -9999 -9999 -9999 -9999
0.26 0.108 0.2 0.167 0.167 0.169 0.175 0.175 0.173 0.119 0.121 0.129 0.121 0.127 0.129 0.108 0.114 0.109 0.14 0.14 0.072 0.055 0.059 0.057 0.058 0.061 0.056 0.059 0.055 0.055 0.053 0.058 0.064 0.064 0.073 0.065 0.076 0.085 0.089 0.098 0.086 0.086 0.105 0.119 0.24 0.25 0.22 0.37 0.29 0.29 0.32 0.32 0.36 0.28 0.23 0.165 0.23 0.28 0.3 0.29 0.129 0.33 0.33 0.175 0.12 0.129 0.123 -9999 -9999 -9999 -9999 -9999 -9999 -9999 -9999 -9999 -9999 -9999
0.175 0.178 0.175 0.167 0.21 0.17 0.175 0.172 0.16 0.124 0.122 0.129 0.116 0.107 0.097 0.097 0.102 0.096 0.122 0.124 0.084 0.082 0.061 0.054 0.058 0.05 0.064 0.045 0.051 0.05 0.055 0.052 0.058 0.063 0.067 0.057 0.065 0.066 0.077 0.075 0.075 0.099 0.107 0.24 0.22 0.25 0.26 0.25 0.26 0.28 0.3 0.24 0.25 0.24 0.178 0.174 0.161 0.167 0.28 0.36 0.25 0.24 0.25 0.3 0.131 0.32 0.31 0.14 -9999 -9999 -9999 -9999 -9999 -9999 -9999 -9999 -9999 -9999
0.17 0.23 0.167 0.27 0.23 0.24 0.16 0.16 0.121 0.143 0.16 0.17 0.175 0.119 0.091 0.088 0.097 0.1 0.101 0.086 0.092 0.08 0.07 0.046 0.053 0.052 0.049 0.047 0.045 0.041 0.046 0.049 0.055 0.053 0.053 0.066 0.057 0.066 0.068 0.069 0.074 0.147 0.17 0.21 0.19 0.25 0.25 0.21 0.25 0.24 0.24 0.25 0.25 0.25 0.23 0.139 0.16 0.171 0.175 0.2 0.21 0.22 0.27 0.25 0.31 0.127 0.39 -9999 -9999 -9999 -9999 -9999 -9999 -9999 -9999 -9999 -9999 -9999
0.161 0.167 0.167 0.25 0.23 0.26 0.16 0.17 0.143 0.177 0.119 0.21 0.175 0.16 0.173 0.104 0.086 0.06 0.095 0.086 0.087 0.07 0.065 0.065 0.072 0.053 0.047 0.05 0.048 0.049 0.046 0.05 0.055 0.06 0.058 0.06 0.04 -9999 -9999 -9999 -9999 0.162 0.18 0.18 0.21 0.24 0.24 0.22 0.24 0.21 0.23 0.178 0.24 0.24 0.24 0.17 0.141 0.163 0.148 0.19 0.28 0.22 0.32 0.23 0.33 0.31 -9999 -9999 -9999 -9999 -9999 -9999 -9999 -9999 -9999 -9999 -9999 -9999
0.161 0.173 0.15 0.171 0.173 0.2 0.27 0.178 0.21 0.16 0.14 0.14 0.14 0.16 0.14 0.099 0.093 0.075 0.081 0.075 0.068 0.05 0.05 0.06 0.068 0.059 0.05 0.063 0.072 0.063 0.051 0.071 0.075 -9999 -9999 -9999 -9999 -9999 -9999 -9999 -9999 -9999 -9999 -9999 -9999 -9999 0.23 0.21 0.22 0.22 0.21 0.18 0.23 0.23 0.23 0.21 0.138 0.145 0.15 0.133 0.167 0.32 0.33 0.23 -9999 0.29 0.32 -9999 -9999 -9999 -9999 -9999 -9999 -9999 -9999 -9999 -9999 -9999
0.175 0.175 0.19 0.119 0.168 0.16 0.167 0.21 0.21 0.173 0.163 0.118 0.121 0.173 0.12 0.072 0.084 0.084 0.066 0.068 0.04 0.05 0.05 0.051 0.055 0.051 0.051 0.063 0.067 0.063 0.065 0.072 0.068 -9999 -9999 -9999 -9999 -9999 -9999 -9999 -9999 -9999 -9999 -9999 -9999 -9999 -9999 -9999 -9999 -9999 -9999 0.167 0.25 0.24 0.29 0.21 0.26 0.22 0.146 0.143 0.3 0.32 0.31 -9999 -9999 -9999 -9999 -9999 -9999 -9999 -9999 -9999 -9999 -9999 -9999 -9999 -9999 -9999
0.149 0.169 0.16 0.161 0.173 0.121 0.19 0.171 -9999 -9999 -9999 -9999 0.124 0.091 0.071 0.083 0.081 0.079 -9999 -9999 0.055 0.05 0.05 0.058 -9999 0.053 0.053 0.059 0.053 0.063 0.061 0.051 -9999 -9999 -9999 -9999 -9999 -9999 -9999 -9999 -9999 -9999 -9999 -9999 -9999 -9999 -9999 -9999 -9999 -9999 -9999 -9999 -9999 0.178 0.24 0.26 -9999 -9999 -9999 -9999 -9999 -9999 -9999 -9999 -9999 -9999 -9999 -9999 -9999 -9999 -9999 -9999 -9999 -9999 -9999 -9999 -9999 -9999
-9999 -9999 -9999 -9999 -9999 -9999 -9999 -9999 -9999 -9999 -9999 -9999 -9999 -9999 -9999 -9999 -9999 -9999 -9999 -9999 -9999 -9999 -9999 -9999 -9999 -9999 -9999 -9999 0.063 0.063 -9999 -9999 -9999 -9999 -9999 -9999 -9999 -9999 -9999 -9999 -9999 -9999 -9999 -9999 -9999 -9999 -9999 -9999 -9999 -9999 -9999 -9999 -9999 -9999 -9999 -9999 -9999 -9999 -9999 -9999 -9999 -9999 -9999 -9999 -9999 -9999 -9999 -9999 -9999 -9999 -9999 -9999 -9999 -9999 -9999 -9999 -9999 -9999
-9999 -9999 -9999 -9999 -9999 -9999 -9999 -9999 -9999 -9999 -9999 -9999 -9999 -9999 -9999 -9999 -9999 -9999 -9999 -9999 -9999 -9999 -9999 -9999 -9999 -9999 -9999 -9999 -9999 0.065 -9999 -9999 -9999 -9999 -9999 -9999 -9999 -9999 -9999 -9999 -9999 -9999 -9999 -9999 -9999 -9999 -9999 -9999 -9999 -9999 -9999 -9999 -9999 -9999 -9999 -9999 -9999 -9999 -9999 -9999 -9999 -9999 -9999 -9999 -9999 -9999 -9999 -9999 -9999 -9999 -9999 -9999 -9999 -9999 -9999 -9999 -9999 -9999
-9999 -9999 -9999 -9999 -9999 -9999 -9999 -9999 -9999 -9999 -9999 -9999 -9999 -9999 -9999 -9999 -9999 -9999 -9999 -9999 -9999 -9999 -9999 -9999 -9999 -9999 -9999 -9999 -9999 -9999 -9999 -9999 -9999 -9999 -9999 -9999 -9999 -9999 -9999 -9999 -9999 -9999 -9999 -9999 -9999 -9999 -9999 -9999 -9999 -9999 -9999 -9999 -9999 -9999 -9999 -9999 -9999 -9999 -9999 -9999 -9999 -9999 -9999 -9999 -9999 -9999 -9999 -9999 -9999 -9999 -9999 -9999 -9999 -9999 -9999 -9999 -9999 -9999
-9999 -9999 -9999 -9999 -9999 -9999 -9999 -9999 -9999 -9999 -9999 -9999 -9999 -9999 -9999 -9999 -9999 -9999 -9999 -9999 -9999 -9999 -9999 -9999 -9999 -9999 -9999 -9999 -9999 -9999 -9999 -9999 -9999 -9999 -9999 -9999 -9999 -9999 -9999 -9999 -9999 -9999 -9999 -9999 -9999 -9999 -9999 -9999 -9999 -9999 -9999 -9999 -9999 -9999 -9999 -9999 -9999 -9999 -9999 -9999 -9999 -9999 -9999 -9999 -9999 -9999 -9999 -9999 -9999 -9999 -9999 -9999 -9999 -9999 -9999 -9999 -9999 -9999
-9999 -9999 -9999 -9999 -9999 -9999 -9999 -9999 -9999 -9999 -9999 -9999 -9999 -9999 -9999 -9999 -9999 -9999 -9999 -9999 -9999 -9999 -9999 -9999 -9999 -9999 -9999 -9999 -9999 -9999 -9999 -9999 -9999 -9999 -9999 -9999 -9999 -9999 -9999 -9999 -9999 -9999 -9999 -9999 -9999 -9999 -9999 -9999 -9999 -9999 -9999 -9999 -9999 -9999 -9999 -9999 -9999 -9999 -9999 -9999 -9999 -9999 -9999 -9999 -9999 -9999 -9999 -9999 -9999 -9999 -9999 -9999 -9999 -9999 -9999 -9999 -9999 -9999
-9999 -9999 -9999 -9999 -9999 -9999 -9999 -9999 -9999 -9999 -9999 -9999 -9999 -9999 -9999 -9999 -9999 -9999 -9999 -9999 -9999 -9999 -9999 -9999 -9999 -9999 -9999 -9999 -9999 -9999 -9999 -9999 -9999 -9999 -9999 -9999 -9999 -9999 -9999 -9999 -9999 -9999 -9999 -9999 -9999 -9999 -9999 -9999 -9999 -9999 -9999 -9999 -9999 -9999 -9999 -9999 -9999 -9999 -9999 -9999 -9999 -9999 -9999 -9999 -9999 -9999 -9999 -9999 -9999 -9999 -9999 -9999 -9999 -9999 -9999 -9999 -9999 -9999
-9999 -9999 -9999 -9999 -9999 -9999 -9999 -9999 -9999 -9999 -9999 -9999 -9999 -9999 -9999 -9999 -9999 -9999 -9999 -9999 -9999 -9999 -9999 -9999 -9999 -9999 -9999 -9999 -9999 -9999 -9999 -9999 -9999 -9999 -9999 -9999 -9999 -9999 -9999 -9999 -9999 -9999 -9999 -9999 -9999 -9999 -9999 -9999 -9999 -9999 -9999 -9999 -9999 -9999 -9999 -9999 -9999 -9999 -9999 -9999 -9999 -9999 -9999 -9999 -9999 -9999 -9999 -9999 -9999 -9999 -9999 -9999 -9999 -9999 -9999 -9999 -9999 -9999
-9999 -9999 -9999 -9999 -9999 -9999 -9999 -9999 -9999 -9999 -9999 -9999 -9999 -9999 -9999 -9999 -9999 -9999 -9999 -9999 -9999 -9999 -9999 -9999 -9999 -9999 -9999 -9999 -9999 -9999 -9999 -9999 -9999 -9999 -9999 -9999 -9999 -9999 -9999 -9999 -9999 -9999 -9999 -9999 -9999 -9999 -9999 -9999 -9999 -9999 -9999 -9999 -9999 -9999 -9999 -9999 -9999 -9999 -9999 -9999 -9999 -9999 -9999 -9999 -9999 -9999 -9999 -9999 -9999 -9999 -9999 -9999 -9999 -9999 -9999 -9999 -9999 -9999
-9999 -9999 -9999 -9999 -9999 -9999 -9999 -9999 -9999 -9999 -9999 -9999 -9999 -9999 -9999 -9999 -9999 -9999 -9999 -9999 -9999 -9999 -9999 -9999 -9999 -9999 -9999 -9999 -9999 -9999 -9999 -9999 -9999 -9999 -9999 -9999 -9999 -9999 -9999 -9999 -9999 -9999 -9999 -9999 -9999 -9999 -9999 -9999 -9999 -9999 -9999 -9999 -9999 -9999 -9999 -9999 -9999 -9999 -9999 -9999 -9999 -9999 -9999 -9999 -9999 -9999 -9999 -9999 -9999 -9999 -9999 -9999 -9999 -9999 -9999 -9999 -9999 -9999
-9999 -9999 -9999 -9999 -9999 -9999 -9999 -9999 -9999 -9999 -9999 -9999 -9999 -9999 -9999 -9999 -9999 -9999 -9999 -9999 -9999 -9999 -9999 -9999 -9999 -9999 -9999 -9999 -9999 -9999 -9999 -9999 -9999 -9999 -9999 -9999 -9999 -9999 -9999 -9999 -9999 -9999 -9999 -9999 -9999 -9999 -9999 -9999 -9999 -9999 -9999 -9999 -9999 -9999 -9999 -9999 -9999 -9999 -9999 -9999 -9999 -9999 -9999 -9999 -9999 -9999 -9999 -9999 -9999 -9999 -9999 -9999 -9999 -9999 -9999 -9999 -9999 -9999
-9999 -9999 -9999 -9999 -9999 -9999 -9999 -9999 -9999 -9999 -9999 -9999 -9999 -9999 -9999 -9999 -9999 -9999 -9999 -9999 -9999 -9999 -9999 -9999 -9999 -9999 -9999 -9999 -9999 -9999 -9999 -9999 -9999 -9999 -9999 -9999 -9999 -9999 -9999 -9999 -9999 -9999 -9999 -9999 -9999 -9999 -9999 -9999 -9999 -9999 -9999 -9999 -9999 -9999 -9999 -9999 -9999 -9999 -9999 -9999 -9999 -9999 -9999 -9999 -9999 -9999 -9999 -9999 -9999 -9999 -9999 -9999 -9999 -9999 -9999 -9999 -9999 -9999
-9999 -9999 -9999 -9999 -9999 -9999 -9999 -9999 -9999 -9999 -9999 -9999 -9999 -9999 -9999 -9999 -9999 -9999 -9999 -9999 -9999 -9999 -9999 -9999 -9999 -9999 -9999 -9999 -9999 -9999 -9999 -9999 -9999 -9999 -9999 -9999 -9999 -9999 -9999 -9999 -9999 -9999 -9999 -9999 -9999 -9999 -9999 -9999 -9999 -9999 -9999 -9999 -9999 -9999 -9999 -9999 -9999 -9999 -9999 -9999 -9999 -9999 -9999 -9999 -9999 -9999 -9999 -9999 -9999 -9999 -9999 -9999 -9999 -9999 -9999 -9999 -9999 -9999
-9999 -9999 -9999 -9999 -9999 -9999 -9999 -9999 -9999 -9999 -9999 -9999 -9999 -9999 -9999 -9999 -9999 -9999 -9999 -9999 -9999 -9999 -9999 -9999 -9999 -9999 -9999 -9999 -9999 -9999 -9999 -9999 -9999 -9999 -9999 -9999 -9999 -9999 -9999 -9999 -9999 -9999 -9999 -9999 -9999 -9999 -9999 -9999 -9999 -9999 -9999 -9999 -9999 -9999 -9999 -9999 -9999 -9999 -9999 -9999 -9999 -9999 -9999 -9999 -9999 -9999 -9999 -9999 -9999 -9999 -9999 -9999 -9999 -9999 -9999 -9999 -9999 -9999
-9999 -9999 -9999 -9999 -9999 -9999 -9999 -9999 -9999 -9999 -9999 -9999 -9999 -9999 -9999 -9999 -9999 -9999 -9999 -9999 -9999 -9999 -9999 -9999 -9999 -9999 -9999 -9999 -9999 -9999 -9999 -9999 -9999 -9999 -9999 -9999 -9999 -9999 -9999 -9999 -9999 -9999 -9999 -9999 -9999 -9999 -9999 -9999 -9999 -9999 -9999 -9999 -9999 -9999 -9999 -9999 -9999 -9999 -9999 -9999 -9999 -9999 -9999 -9999 -9999 -9999 -9999 -9999 -9999 -9999 -9999 -9999 -9999 -9999 -9999 -9999 -9999 -9999
