GIS/bfa_beta.asc
ncols         173
nrows         126
xllcorner     224227.65281
yllcorner     1039207.04677
cellsize      5000
NODATA_value  -9999
[rows 68 to 101 of 126, columns 77 to 153 of 173]
0.072 0.08 0.096 0.087 0.0959 0.0895 0.077 0.0645 0.0566 0.088 0.088 0.067 0.084 0.076 0.091 0.072 0.0671 0.098 0.1 0.0897 0.0959 0.08 0.08 0.087 0.096 0.0679 0.085 0.096 0.092 0.095 0.099 0.102 0.095 0.109 0.073 0.08 0.107 0.105 0.125 0.121 0.121 0.13 0.126 0.145 0.162 0.155 0.2021 0.2021 0.159 0.1895 0.189 0.19 0.182 0.172 0.2153 0.21 0.167 0.21 0.177 0.176 0.169 0.137 0.155 0.2156 0.2021 0.133 0.155 0.14 0.166 0.2015 0.136 0.133 0.123 0.158 0.123 0.099 0.121
0.0899 0.0906 0.1055 0.096 0.09 0.0963 0.0959 0.0652 0.058 0.073 0.076 0.0564 0.08 0.09 0.084 0.078 0.087 0.102 0.089 0.092 0.084 0.09 0.087 0.078 0.075 0.08 0.09 0.099 0.113 0.092 0.099 0.089 0.086 0.089 0.095 0.106 0.103 0.099 0.122 0.121 0.104 0.115 0.157 0.138 0.2021 0.2021 0.2026 0.2026 0.1895 0.177 0.192 0.131 0.216 0.223 0.20315 0.177 0.196 0.182 0.19 0.169 0.2015 0.166 0.15 0.136 0.159 0.21 0.168 0.2021 0.164 0.165 0.136 0.138 0.136 0.165 0.123 0.163 0.158
0.0951 0.099 0.089 0.086 0.096 0.1061 0.086 0.0652 0.075 0.068 0.0653 0.087 0.082 0.082 0.09 0.076 0.09 0.102 0.083 0.094 0.096 0.09 0.075 0.084 0.0666 0.09 0.08 0.095 0.116 0.093 0.109 0.084 0.101 0.089 0.095 0.094 0.134 0.131 0.125 0.124 0.137 0.134 0.137 0.124 0.2021 0.16 0.21 0.21 0.2179 0.172 0.182 0.2012 0.194 0.2024 0.2164 0.2025 0.2167 0.2161 0.175 0.174 0.152 0.114 0.128 0.2012 0.169 0.14 0.14 0.14 0.15 0.14 0.138 0.123 0.121 0.126 0.099 0.116 0.117
0.1062 0.099 0.093 0.1 0.083 0.096 0.095 0.08 0.088 0.077 0.077 0.08 0.08 0.087 0.087 0.076 0.084 0.074 0.094 0.082 0.0671 0.105 0.1 0.085 0.09 0.083 0.099 0.098 0.1 0.1 0.099 0.095 0.102 0.086 0.089 0.095 0.12 0.1195 0.121 0.126 0.14 0.143 0.146 0.122 0.14 0.138 0.137 0.137 0.2161 0.196 0.2161 0.1895 0.189 0.19 0.2179 0.189 0.175 0.191 0.2161 0.166 0.2161 0.194 0.224 0.2164 0.192 0.2012 0.16 0.178 0.159 0.176 0.15 0.2021 0.138 0.114 0.118 0.117 0.158
0.096 0.0954 0.0902 0.102 0.1 0.109 0.087 0.085 0.08 0.0869 0.0572 0.0572 0.0896 0.09 0.09 0.08 0.061 0.07 0.071 0.088 0.087 0.0671 0.09 0.085 0.085 0.092 0.086 0.086 0.108 0.088 0.098 0.085 0.087 0.076 0.085 0.089 0.107 0.118 0.125 0.14 0.119 0.143 0.151 0.137 0.147 0.16 0.162 0.176 0.1895 0.2164 0.2165 0.2161 0.193 0.2075 0.179 0.192 0.2161 0.195 0.182 0.21 0.185 0.20315 0.2179 0.209 0.2161 0.1895 0.174 0.2026 0.14 0.14 0.186 0.166 0.136 0.1053 0.117 0.121 0.126
0.1054 0.108 0.095 0.134 0.089 0.098 0.083 0.077 0.078 0.0572 0.0572 0.077 0.0653 0.078 0.08 0.09 0.088 0.09 0.087 0.08 0.082 0.071 0.0671 0.073 0.09 0.087 0.0617 0.075 0.106 0.0679 0.08 0.067 0.0602 0.076 0.08 0.079 0.088 0.116 0.113 0.137 0.132 0.129 0.1582 0.144 0.146 0.132 0.173 0.173 0.176 0.21 0.1895 0.2168 0.224 0.2 0.16 0.2165 0.2165 0.157 0.162 0.2024 0.183 0.20315 0.187 0.2 0.192 0.183 0.166 0.166 0.159 0.178 0.159 0.16 0.2021 0.123 0.099 0.0965 0.121
0.097 0.106 0.0961 0.134 0.089 0.108 0.0898 0.079 0.085 0.0901 0.1054 0.0961 0.068 0.09 0.0563 0.0632 0.073 0.08 0.093 0.093 0.084 0.07 0.084 0.084 0.09725 0.096 0.057 0.076 0.082 0.082 0.091 0.076 0.07 0.071 0.084 0.084 0.1 0.11 0.098 0.102 0.121 0.121 0.133 0.166 0.132 0.142 0.148 0.156 0.15 0.168 0.182 0.212 0.2166 0.137 0.159 0.182 0.2021 0.2012 0.2012 0.2179 0.20685 0.2167 0.2167 0.182 0.161 0.2165 0.2165 0.169 0.166 0.2028 0.138 0.138 0.2026 0.2021 0.16 0.164 0.1062
0.1045 0.127 0.106 0.105 0.125 0.118 0.1045 0.089 0.1045 0.127 0.0961 0.1054 0.108 0.095 0.0643 0.0653 0.087 0.082 0.086 0.09 0.079 0.0679 0.09 0.084 0.101 0.06 0.0577 0.055 0.075 0.085 0.09 0.075 0.0663 0.0673 0.078 0.086 0.1045 0.099 0.1057 0.134 0.12 0.135 0.13 0.13 0.149 0.144 0.1579 0.138 0.164 0.159 0.167 0.212 0.197 0.169 0.182 0.152 0.2021 0.223 0.187 0.2167 0.223 0.195 0.20685 0.223 0.2161 0.177 0.157 0.16 0.139 0.186 0.155 0.2021 0.165 0.16 0.133 0.165 0.185
0.099 0.1053 0.1065 0.132 0.115 0.118 0.094 0.09 0.08 0.0966 0.0967 0.096 0.1057 0.0951 0.0899 0.077 0.076 0.083 0.089 0.079 0.065 0.082 0.083 0.078 0.083 0.055 0.054 0.054 0.075 0.077 0.062 0.073 0.075 0.084 0.08 0.092 0.094 0.097 0.098 0.12 0.0951 0.0966 0.11 0.125 0.148 0.146 0.14 0.14 0.135 0.179 0.176 0.17 0.169 0.137 0.169 0.158 0.2161 0.214 0.2024 0.195 0.207 0.2168 0.187 0.175 0.183 0.2166 0.169 0.166 0.139 0.166 0.178 0.21 0.2015 0.186 0.114 0.121 0.126
0.141 0.157 0.124 0.123 0.143 0.098 0.116 0.089 0.1065 0.0965 0.0966 0.096 0.0961 0.0954 0.0966 0.0959 0.09 0.0676 0.064 0.082 0.082 0.093 0.094 0.08 0.0895 0.067 0.06 0.052 0.069 0.081 0.075 0.069 0.072 0.088 0.09 0.071 0.1 0.102 0.091 0.121 0.096 0.1064 0.131 0.125 0.125 0.166 0.132 0.175 0.164 0.149 0.132 0.164 0.157 0.2012 0.2166 0.158 0.2165 0.192 0.2012 0.2161 0.2019 0.187 0.2151 0.172 0.194 0.2164 0.1895 0.2015 0.2026 0.155 0.186 0.155 0.178 0.155 0.136 0.132 0.117
0.157 0.137 0.133 0.1195 0.129 0.096 0.089 0.0965 0.0966 0.127 0.1067 0.1067 0.0966 0.101 0.0901 0.074 0.077 0.076 0.085 0.092 0.083 0.092 0.09 0.071 0.073 0.078 0.06 0.0578 0.041 0.0413 0.057 0.052 0.064 0.0607 0.077 0.082 0.093 0.091 0.098 0.096 0.0966 0.132 0.134 0.114 0.127 0.122 0.145 0.156 0.139 0.162 0.126 0.16 0.159 0.2012 0.215 0.123 0.169 0.1895 0.2156 0.175 0.169 0.224 0.2179 0.189 0.161 0.2012 0.2015 0.15 0.168 0.136 0.186 0.139 0.138 0.162 0.128 0.1064 0.135
0.123 0.121 0.156 0.133 0.114 0.109 0.111 0.116 0.134 0.106 0.093 0.079 0.0899 0.0967 0.088 0.1055 0.0653 0.084 0.079 0.0898 0.1061 0.0959 0.0652 0.076 0.075 0.085 0.062 0.049 0.042 0.045 0.049 0.0416 0.0438 0.0606 0.067 0.07 0.09 0.083 0.094 0.0969 0.0951 0.129 0.0966 0.121 0.133 0.128 0.145 0.145 0.178 0.169 0.179 0.192 0.169 0.168 0.157 0.164 0.186 0.2027 0.2012 0.157 0.2166 0.2165 0.2164 0.189 0.21 0.21 0.1895 0.2166 0.159 0.2021 0.159 0.126 0.126 0.126 0.117 0.107 0.1064
0.126 0.16 0.132 0.138 0.121 0.126 0.132 0.0965 0.125 0.125 0.093 0.158 0.154 0.152 0.168 0.09595 0.086 0.088 0.0652 0.085 0.087 0.0896 0.077 0.0564 0.088 0.0666 0.0664 0.0549 0.047 0.053 0.0533 0.044 0.0462 0.055 0.075 0.076 0.092 0.09 0.119 0.1054 0.1065 0.1065 0.134 0.1195 0.131 0.145 0.156 0.156 0.136 0.21 0.137 0.178 0.155 0.133 0.176 0.2026 0.165 0.2015 0.2012 0.215 0.177 0.21 0.2012 0.182 0.169 0.2161 0.2024 0.2165 0.139 0.157 0.128 0.164 0.136 0.123 -9999 -9999 -9999
0.164 0.133 0.135 0.121 0.121 0.121 0.111 0.1066 0.0951 0.0951 0.16 0.18 0.164 0.139 0.169 0.127 0.1061 0.0903 0.0896 0.0896 0.0955 0.083 0.1061 0.09 0.0653 0.079 0.062 0.0611 0.064 0.0548 0.059 0.052 0.0539 0.055 0.063 0.084 0.092 0.075 0.102 0.1057 0.106 0.0966 0.1065 0.128 0.126 0.137 0.141 0.123 0.165 0.166 0.2015 0.138 0.136 0.152 0.133 0.174 0.126 0.178 0.137 0.137 0.1895 0.169 0.179 0.1895 0.1895 0.2015 0.186 0.157 0.159 0.123 0.128 0.136 0.158 -9999 -9999 -9999 -9999
0.164 0.164 0.117 0.253 0.131 0.125 0.1057 0.176 0.171 0.147 0.155 0.17 0.169 0.168 0.167 0.156 0.171 0.072 0.077 0.058 0.069 0.0959 0.1061 0.074 0.078 0.067 0.055 0.0603 0.0611 0.058 0.055 0.06 0.057 0.065 0.069 0.085 0.092 0.09 0.0952 0.1067 0.096 0.0961 0.088 0.089 0.131 0.125 0.143 0.158 0.164 0.186 0.2015 0.162 0.168 0.2021 0.164 0.114 0.132 0.2021 0.21 0.178 0.157 0.168 0.169 0.186 0.2015 0.2021 0.2021 0.162 0.152 0.128 0.2021 0.152 0.165 -9999 -9999 -9999 -9999
0.107 0.117 0.126 0.125 0.125 0.2607 0.176 0.165 0.175 0.171 0.178 0.164 0.137 0.1368 0.1319 0.124 0.154 0.133 0.124 0.124 0.071 0.0903 0.077 0.0652 0.09 0.0577 0.0649 0.06 0.0541 0.06 0.06 0.055 0.0609 0.076 0.0652 0.084 0.0676 0.09 0.09725 0.096 0.104 0.09595 0.098 0.118 0.115 0.143 0.28 0.274 0.123 0.281 0.374 0.281 0.285 0.136 0.152 0.1195 0.115 0.128 0.121 0.114 0.13 0.2028 0.178 0.159 0.178 0.136 0.128 0.123 0.164 0.121 0.158 -9999 0.126 -9999 -9999 -9999 -9999
0.26 0.2602 0.132 0.26 0.2607 0.2607 0.16 0.165 0.16 0.137 0.161 0.133 0.14 0.154 0.1318 0.134 0.136 0.124 0.136 0.156 0.156 0.077 0.0566 0.077 0.0648 0.057 0.0563 0.0577 0.054 0.0603 0.0541 0.0609 0.058 0.0617 0.088 0.077 0.084 0.076 0.096 0.11 0.096 0.1045 0.1045 0.112 0.104 0.241 0.23 0.244 0.307 0.281 0.285 0.3 0.352 0.278 0.342 0.2603 0.21 0.239 0.3198 0.3298 0.362 0.123 0.374 0.376 0.159 0.128 0.123 0.2021 -9999 -9999 -9999 -9999 -9999 -9999 -9999 -9999 -9999
0.21 0.165 0.176 0.173 0.2607 0.23 0.19 0.16 0.174 0.131 0.126 0.122 0.14 0.138 0.135 0.115 0.108 0.128 0.092 0.1319 0.121 0.077 0.076 0.06 0.0564 0.0631 0.0641 0.0655 0.06 0.0532 0.0534 0.0603 0.052 0.058 0.0606 0.061 0.065 0.0663 0.061 0.075 0.0679 0.09 0.11 0.117 0.218 0.277 0.26 0.29 0.23 0.279 0.282 0.369 0.306 0.305 0.2609 0.26 0.155 0.139 0.2607 0.3299 0.2985 0.2601 0.2608 0.2604 0.351 0.165 0.352 0.355 0.186 -9999 -9999 -9999 -9999 -9999 -9999 -9999 -9999
0.2 0.19 0.273 0.22 0.2606 0.2604 0.2608 0.172 0.153 0.154 0.147 0.18 0.19 0.173 0.2 0.12 0.087 0.108 0.089 0.098 0.103 0.099 0.101 0.0607 0.06 0.057 0.067 0.0578 0.05 0.0469 0.0448 0.048 0.066 0.055 0.0605 0.0609 0.061 0.0653 0.074 0.0664 0.0604 0.09 0.16 0.1806 0.219 0.21 0.23 0.23 0.208 0.2594 0.231 0.275 0.305 0.287 0.2595 0.2603 0.1357 0.153 0.164 0.25 0.26 0.259 0.254 0.2606 0.2604 0.375 0.2028 0.424 -9999 -9999 -9999 -9999 -9999 -9999 -9999 -9999 -9999
0.179 0.139 0.2607 0.2607 0.27 0.273 0.259 0.18 0.15 0.145 0.171 0.2 0.176 0.173 0.172 0.137 0.125 0.061 0.062 0.09 0.061 0.089 0.07 0.068 0.082 0.07 0.057 0.049 0.043 0.047 0.0532 0.048 0.043 0.055 0.063 0.0608 0.072 0.051 -9999 -9999 -9999 -9999 0.1794 0.19 0.186 0.208 0.218 0.218 0.253 0.242 0.276 0.239 0.176 0.277 0.306 0.312 0.1796 0.1354 0.163 0.1315 0.134 0.358 0.253 0.352 0.273 0.4 0.355 -9999 -9999 -9999 -9999 -9999 -9999 -9999 -9999 -9999 -9999
0.1365 0.139 0.137 0.146 0.164 0.137 0.26 0.276 0.176 0.165 0.169 0.127 0.127 0.127 0.153 0.154 0.061 0.061 0.076 0.094 0.084 0.06 0.051 0.051 0.056 0.06 0.063 0.055 0.053 0.066 0.065 0.056 0.07 0.08 -9999 -9999 -9999 -9999 -9999 -9999 -9999 -9999 -9999 -9999 -9999 -9999 -9999 0.23 0.26 0.244 0.283 0.23 0.26 0.273 0.273 0.273 0.245 0.1365 0.132 0.15 0.1415 0.166 0.352 0.356 0.273 -9999 0.353 0.352 -9999 -9999 -9999 -9999 -9999 -9999 -9999 -9999 -9999
0.174 0.16 0.173 0.174 0.158 0.175 0.153 0.2607 0.165 0.165 0.137 0.127 0.133 0.154 0.15 0.129 0.077 0.077 0.077 0.084 0.056 0.045 0.055 0.052 0.056 0.053 0.056 0.056 0.0606 0.07 0.05 0.063 0.07 0.06 -9999 -9999 -9999 -9999 -9999 -9999 -9999 -9999 -9999 -9999 -9999 -9999 -9999 -9999 -9999 -9999 -9999 -9999 0.166 0.2595 0.312 0.3197 0.25 0.249 0.281 0.1353 0.1367 0.304 0.352 0.301 -9999 -9999 -9999 -9999 -9999 -9999 -9999 -9999 -9999 -9999 -9999 -9999 -9999
0.131 0.135 0.16 0.18 0.139 0.178 0.154 0.174 0.175 -9999 -9999 -9999 -9999 0.121 0.125 0.08 0.074 0.077 0.067 -9999 -9999 0.053 0.044 0.044 0.052 -9999 0.051 0.057 0.0602 0.0617 0.066 0.064 0.048 -9999 -9999 -9999 -9999 -9999 -9999 -9999 -9999 -9999 -9999 -9999 -9999 -9999 -9999 -9999 -9999 -9999 -9999 -9999 -9999 -9999 0.176 0.232 0.2602 -9999 -9999 -9999 -9999 -9999 -9999 -9999 -9999 -9999 -9999 -9999 -9999 -9999 -9999 -9999 -9999 -9999 -9999 -9999 -9999
-9999 -9999 -9999 -9999 -9999 -9999 -9999 -9999 -9999 -9999 -9999 -9999 -9999 -9999 -9999 -9999 -9999 -9999 -9999 -9999 -9999 -9999 -9999 -9999 -9999 -9999 -9999 -9999 -9999 0.066 0.0617 -9999 -9999 -9999 -9999 -9999 -9999 -9999 -9999 -9999 -9999 -9999 -9999 -9999 -9999 -9999 -9999 -9999 -9999 -9999 -9999 -9999 -9999 -9999 -9999 -9999 -9999 -9999 -9999 -9999 -9999 -9999 -9999 -9999 -9999 -9999 -9999 -9999 -9999 -9999 -9999 -9999 -9999 -9999 -9999 -9999 -9999
-9999 -9999 -9999 -9999 -9999 -9999 -9999 -9999 -9999 -9999 -9999 -9999 -9999 -9999 -9999 -9999 -9999 -9999 -9999 -9999 -9999 -9999 -9999 -9999 -9999 -9999 -9999 -9999 -9999 -9999 0.0606 -9999 -9999 -9999 -9999 -9999 -9999 -9999 -9999 -9999 -9999 -9999 -9999 -9999 -9999 -9999 -9999 -9999 -9999 -9999 -9999 -9999 -9999 -9999 -9999 -9999 -9999 -9999 -9999 -9999 -9999 -9999 -9999 -9999 -9999 -9999 -9999 -9999 -9999 -9999 -9999 -9999 -9999 -9999 -9999 -9999 -9999
-9999 -9999 -9999 -9999 -9999 -9999 -9999 -9999 -9999 -9999 -9999 -9999 -9999 -9999 -9999 -9999 -9999 -9999 -9999 -9999 -9999 -9999 -9999 -9999 -9999 -9999 -9999 -9999 -9999 -9999 -9999 -9999 -9999 -9999 -9999 -9999 -9999 -9999 -9999 -9999 -9999 -9999 -9999 -9999 -9999 -9999 -9999 -9999 -9999 -9999 -9999 -9999 -9999 -9999 -9999 -9999 -9999 -9999 -9999 -9999 -9999 -9999 -9999 -9999 -9999 -9999 -9999 -9999 -9999 -9999 -9999 -9999 -9999 -9999 -9999 -9999 -9999
-9999 -9999 -9999 -9999 -9999 -9999 -9999 -9999 -9999 -9999 -9999 -9999 -9999 -9999 -9999 -9999 -9999 -9999 -9999 -9999 -9999 -9999 -9999 -9999 -9999 -9999 -9999 -9999 -9999 -9999 -9999 -9999 -9999 -9999 -9999 -9999 -9999 -9999 -9999 -9999 -9999 -9999 -9999 -9999 -9999 -9999 -9999 -9999 -9999 -9999 -9999 -9999 -9999 -9999 -9999 -9999 -9999 -9999 -9999 -9999 -9999 -9999 -9999 -9999 -9999 -9999 -9999 -9999 -9999 -9999 -9999 -9999 -9999 -9999 -9999 -9999 -9999
-9999 -9999 -9999 -9999 -9999 -9999 -9999 -9999 -9999 -9999 -9999 -9999 -9999 -9999 -9999 -9999 -9999 -9999 -9999 -9999 -9999 -9999 -9999 -9999 -9999 -9999 -9999 -9999 -9999 -9999 -9999 -9999 -9999 -9999 -9999 -9999 -9999 -9999 -9999 -9999 -9999 -9999 -9999 -9999 -9999 -9999 -9999 -9999 -9999 -9999 -9999 -9999 -9999 -9999 -9999 -9999 -9999 -9999 -9999 -9999 -9999 -9999 -9999 -9999 -9999 -9999 -9999 -9999 -9999 -9999 -9999 -9999 -9999 -9999 -9999 -9999 -9999
-9999 -9999 -9999 -9999 -9999 -9999 -9999 -9999 -9999 -9999 -9999 -9999 -9999 -9999 -9999 -9999 -9999 -9999 -9999 -9999 -9999 -9999 -9999 -9999 -9999 -9999 -9999 -9999 -9999 -9999 -9999 -9999 -9999 -9999 -9999 -9999 -9999 -9999 -9999 -9999 -9999 -9999 -9999 -9999 -9999 -9999 -9999 -9999 -9999 -9999 -9999 -9999 -9999 -9999 -9999 -9999 -9999 -9999 -9999 -9999 -9999 -9999 -9999 -9999 -9999 -9999 -9999 -9999 -9999 -9999 -9999 -9999 -9999 -9999 -9999 -9999 -9999
-9999 -9999 -9999 -9999 -9999 -9999 -9999 -9999 -9999 -9999 -9999 -9999 -9999 -9999 -9999 -9999 -9999 -9999 -9999 -9999 -9999 -9999 -9999 -9999 -9999 -9999 -9999 -9999 -9999 -9999 -9999 -9999 -9999 -9999 -9999 -9999 -9999 -9999 -9999 -9999 -9999 -9999 -9999 -9999 -9999 -9999 -9999 -9999 -9999 -9999 -9999 -9999 -9999 -9999 -9999 -9999 -9999 -9999 -9999 -9999 -9999 -9999 -9999 -9999 -9999 -9999 -9999 -9999 -9999 -9999 -9999 -9999 -9999 -9999 -9999 -9999 -9999
-9999 -9999 -9999 -9999 -9999 -9999 -9999 -9999 -9999 -9999 -9999 -9999 -9999 -9999 -9999 -9999 -9999 -9999 -9999 -9999 -9999 -9999 -9999 -9999 -9999 -9999 -9999 -9999 -9999 -9999 -9999 -9999 -9999 -9999 -9999 -9999 -9999 -9999 -9999 -9999 -9999 -9999 -9999 -9999 -9999 -9999 -9999 -9999 -9999 -9999 -9999 -9999 -9999 -9999 -9999 -9999 -9999 -9999 -9999 -9999 -9999 -9999 -9999 -9999 -9999 -9999 -9999 -9999 -9999 -9999 -9999 -9999 -9999 -9999 -9999 -9999 -9999
-9999 -9999 -9999 -9999 -9999 -9999 -9999 -9999 -9999 -9999 -9999 -9999 -9999 -9999 -9999 -9999 -9999 -9999 -9999 -9999 -9999 -9999 -9999 -9999 -9999 -9999 -9999 -9999 -9999 -9999 -9999 -9999 -9999 -9999 -9999 -9999 -9999 -9999 -9999 -9999 -9999 -9999 -9999 -9999 -9999 -9999 -9999 -9999 -9999 -9999 -9999 -9999 -9999 -9999 -9999 -9999 -9999 -9999 -9999 -9999 -9999 -9999 -9999 -9999 -9999 -9999 -9999 -9999 -9999 -9999 -9999 -9999 -9999 -9999 -9999 -9999 -9999
-9999 -9999 -9999 -9999 -9999 -9999 -9999 -9999 -9999 -9999 -9999 -9999 -9999 -9999 -9999 -9999 -9999 -9999 -9999 -9999 -9999 -9999 -9999 -9999 -9999 -9999 -9999 -9999 -9999 -9999 -9999 -9999 -9999 -9999 -9999 -9999 -9999 -9999 -9999 -9999 -9999 -9999 -9999 -9999 -9999 -9999 -9999 -9999 -9999 -9999 -9999 -9999 -9999 -9999 -9999 -9999 -9999 -9999 -9999 -9999 -9999 -9999 -9999 -9999 -9999 -9999 -9999 -9999 -9999 -9999 -9999 -9999 -9999 -9999 -9999 -9999 -9999
-9999 -9999 -9999 -9999 -9999 -9999 -9999 -9999 -9999 -9999 -9999 -9999 -9999 -9999 -9999 -9999 -9999 -9999 -9999 -9999 -9999 -9999 -9999 -9999 -9999 -9999 -9999 -9999 -9999 -9999 -9999 -9999 -9999 -9999 -9999 -9999 -9999 -9999 -9999 -9999 -9999 -9999 -9999 -9999 -9999 -9999 -9999 -9999 -9999 -9999 -9999 -9999 -9999 -9999 -9999 -9999 -9999 -9999 -9999 -9999 -9999 -9999 -9999 -9999 -9999 -9999 -9999 -9999 -9999 -9999 -9999 -9999 -9999 -9999 -9999 -9999 -9999
