GIS/bfa_pop.asc
ncols         173
nrows         126
xllcorner     224227.65281
yllcorner     1039207.04677
cellsize      5000
NODATA_value  -9999
[rows 39 to 77 of 126, columns 0 to 88 of 173]
-9999 -9999 -9999 -9999 -9999 -9999 -9999 -9999 -9999 -9999 -9999 -9999 -9999 -9999 -9999 -9999 -9999 -9999 -9999 -9999 -9999 -9999 -9999 -9999 -9999 -9999 -9999 -9999 -9999 -9999 -9999 822 1035 899 886 891 789 531 381 -9999 -9999 -9999 -9999 -9999 -9999 -9999 -9999 -9999 -9999 -9999 557 543 274 277 374 464 520 887 1415 885 513 453 514 672 863 1188 1128 1006 1214 1087 1210 2138 1785 2222 1876 974 1630 1475 1431 1840 1307 1541 2411 2635 2514 1587 3592 7302 1952
-9999 -9999 -9999 -9999 -9999 -9999 -9999 -9999 -9999 -9999 -9999 -9999 -9999 -9999 -9999 -9999 -9999 -9999 -9999 -9999 -9999 -9999 -9999 -9999 -9999 -9999 -9999 -9999 -9999 613 880 953 1259 749 598 526 672 402 353 310 -9999 -9999 -9999 -9999 -9999 -9999 984 487 301 300 522 545 476 382 299 336 426 704 1011 957 970 1498 644 803 1429 1273 788 1197 1559 1739 1791 2298 2189 1801 1537 1090 912 1099 893 2285 2648 1922 1806 1989 1779 1248 1673 1581 1240
-9999 -9999 -9999 -9999 -9999 -9999 -9999 -9999 -9999 -9999 -9999 -9999 -9999 -9999 -9999 -9999 -9999 -9999 -9999 -9999 -9999 -9999 -9999 -9999 -9999 -9999 -9999 -9999 619 725 844 843 956 664 514 636 523 365 320 316 341 318 -9999 -9999 -9999 -9999 1939 724 448 359 425 715 493 328 339 488 574 656 508 652 1018 1699 840 1781 1032 812 1022 1590 4168 7991 1631 1565 1807 1515 1715 1371 768 1467 1349 2928 3176 2138 1493 1749 2243 2014 1335 1742 873
-9999 -9999 -9999 -9999 -9999 -9999 -9999 -9999 -9999 -9999 -9999 -9999 -9999 -9999 -9999 -9999 -9999 -9999 -9999 -9999 -9999 -9999 -9999 -9999 -9999 -9999 -9999 225 541 882 1048 1158 799 623 542 710 649 377 325 319 343 381 398 -9999 -9999 -9999 2239 638 322 357 379 736 702 517 706 464 518 420 439 642 870 508 628 980 964 887 1121 1700 4706 5926 1790 1553 1401 1625 2289 1130 1258 2662 1935 1705 1537 1488 1128 950 1998 1741 1230 2022 1104
-9999 -9999 -9999 -9999 -9999 -9999 -9999 -9999 -9999 -9999 -9999 -9999 -9999 -9999 -9999 -9999 -9999 -9999 -9999 -9999 -9999 -9999 -9999 -9999 -9999 -9999 608 399 490 1230 1851 1114 657 515 551 547 571 434 333 344 406 405 409 520 1014 777 1625 531 329 493 409 402 521 982 869 559 539 480 818 1426 738 579 523 931 1221 728 986 1381 2080 2128 1934 2056 2316 3147 3695 1341 1405 1273 1045 867 794 2180 946 1110 1374 1966 1277 1458 916
-9999 -9999 -9999 -9999 -9999 -9999 -9999 -9999 -9999 -9999 -9999 -9999 -9999 -9999 -9999 -9999 -9999 -9999 -9999 -9999 -9999 -9999 -9999 -9999 -9999 -9999 -9999 493 632 1461 1228 1132 1022 566 724 549 575 459 373 353 527 445 484 632 635 1132 2329 899 942 999 466 710 586 2184 1677 638 871 958 721 545 407 577 716 1470 1014 735 903 1018 1110 1702 1495 1461 1745 1845 3288 2350 1216 966 1044 975 793 920 807 1083 1748 2160 1736 910 906
-9999 -9999 -9999 -9999 -9999 -9999 -9999 -9999 -9999 -9999 -9999 -9999 -9999 -9999 -9999 -9999 -9999 -9999 -9999 -9999 -9999 -9999 -9999 -9999 -9999 -9999 -9999 395 796 1058 826 755 983 707 593 512 468 440 479 352 367 369 437 545 945 1528 2085 769 494 518 361 322 603 1189 1040 483 493 645 529 371 410 496 679 870 1091 992 1275 838 740 983 1733 1349 1992 1738 1233 2351 1461 1469 2276 1537 1166 1321 1330 1168 964 986 2559 1391 858
-9999 -9999 -9999 -9999 -9999 -9999 -9999 -9999 -9999 -9999 -9999 -9999 -9999 -9999 -9999 -9999 -9999 -9999 -9999 -9999 -9999 -9999 -9999 -9999 -9999 -9999 -9999 -9999 1086 1093 830 636 726 620 732 463 332 387 582 402 338 337 354 399 527 1495 3038 597 340 366 411 365 856 565 660 538 484 1016 565 392 499 398 567 732 932 913 823 984 767 1227 1658 4057 1489 1463 2240 2362 2226 1560 1467 1441 1607 2834 2469 2547 1511 1178 2276 2004 1186
-9999 -9999 -9999 -9999 -9999 -9999 -9999 -9999 -9999 -9999 -9999 -9999 -9999 -9999 -9999 -9999 -9999 -9999 -9999 -9999 -9999 -9999 -9999 -9999 -9999 -9999 -9999 -9999 668 1218 953 1180 734 509 543 491 399 384 447 403 359 369 357 275 256 804 975 611 472 503 325 347 573 442 441 590 591 596 474 392 401 542 808 1020 958 854 920 1117 1045 1452 2889 9346 2426 1261 1415 1579 1088 1110 1200 944 1080 1042 943 1034 1074 832 908 1263 1017
-9999 -9999 -9999 -9999 -9999 -9999 -9999 -9999 -9999 -9999 -9999 -9999 -9999 -9999 -9999 -9999 -9999 -9999 -9999 -9999 -9999 -9999 -9999 -9999 -9999 -9999 -9999 -9999 489 1752 1841 942 619 529 435 621 624 409 506 662 435 692 512 172 241 646 1673 666 419 533 351 523 735 449 410 796 890 716 1211 627 572 781 846 1226 1449 1196 2122 3380 1249 1302 1342 1643 1524 1712 980 1459 1066 1116 942 968 736 732 846 1000 876 640 905 999 668
-9999 -9999 -9999 -9999 -9999 -9999 -9999 -9999 -9999 -9999 -9999 -9999 -9999 -9999 -9999 -9999 -9999 -9999 -9999 -9999 -9999 -9999 -9999 -9999 -9999 -9999 -9999 -9999 487 1202 1098 1008 696 618 463 498 660 579 813 796 897 1023 447 271 399 377 630 827 465 483 448 586 573 606 445 650 645 830 2022 679 623 926 634 747 971 1142 1396 2056 1414 1421 871 1108 1507 1625 1244 1610 1651 1246 1621 1232 790 818 842 774 1042 685 687 636 589
-9999 -9999 -9999 -9999 -9999 -9999 -9999 -9999 -9999 -9999 -9999 -9999 -9999 -9999 -9999 -9999 -9999 -9999 -9999 -9999 -9999 -9999 -9999 -9999 -9999 -9999 -9999 -9999 239 780 679 686 577 716 771 537 657 843 766 1050 654 1213 964 398 766 619 533 887 776 569 1349 1030 808 691 571 898 900 694 780 900 862 747 637 855 922 1389 1261 1505 1593 1046 1204 1533 1495 1206 783 1145 1520 1599 1703 1622 1452 1060 1543 1248 1202 973 879 850 654
-9999 -9999 -9999 -9999 -9999 -9999 -9999 -9999 -9999 -9999 -9999 -9999 -9999 -9999 -9999 -9999 -9999 -9999 -9999 -9999 -9999 -9999 -9999 -9999 -9999 -9999 -9999 -9999 319 788 762 862 814 846 800 904 1676 1417 775 605 372 521 568 376 401 512 1069 882 527 423 677 720 1327 1640 1414 807 1066 4932 962 624 695 674 609 907 1156 1449 1495 1399 1514 1320 1074 1545 1572 1290 939 1479 1028 1214 2404 1127 1265 1085 1425 1609 1916 1513 1096 1105 664
-9999 -9999 -9999 -9999 -9999 -9999 -9999 -9999 -9999 -9999 -9999 -9999 -9999 -9999 -9999 -9999 -9999 -9999 -9999 -9999 -9999 -9999 -9999 -9999 245 321 -9999 -9999 710 910 777 796 616 665 806 1102 5289 1905 702 453 337 250 199 281 774 1038 810 364 401 517 489 427 489 1045 1205 1024 988 1976 1053 958 744 873 1080 1507 1572 1214 1429 1587 1779 1606 1327 1208 2399 1547 949 1458 1433 1091 1255 1865 1607 1248 1409 1978 1335 832 1024 1474 825
-9999 -9999 -9999 -9999 -9999 -9999 -9999 -9999 -9999 -9999 -9999 -9999 -9999 -9999 -9999 -9999 -9999 -9999 -9999 -9999 -9999 -9999 -9999 449 602 690 549 491 575 689 603 597 639 620 824 930 1044 715 573 512 239 160 160 274 804 1092 858 419 361 518 537 459 630 561 716 664 1122 935 674 747 625 1008 1972 1742 1130 952 973 1585 2192 1985 1255 1562 2599 2008 1263 1180 2714 1931 2996 5510 1575 984 1136 892 1970 2071 1864 2935 1062
-9999 -9999 -9999 -9999 -9999 -9999 -9999 -9999 -9999 -9999 -9999 -9999 -9999 -9999 -9999 -9999 -9999 -9999 -9999 -9999 -9999 -9999 -9999 211 628 468 513 414 481 746 693 848 1006 1170 708 949 573 653 337 304 313 171 161 227 877 1137 780 492 481 439 960 1417 814 573 601 561 640 671 672 872 655 906 948 896 921 1486 1427 1738 1152 694 1067 1439 1564 1165 1411 1785 1126 1174 1755 3398 1590 1237 1112 941 1298 2026 1387 1532 1498
-9999 -9999 -9999 -9999 -9999 -9999 -9999 -9999 -9999 -9999 -9999 -9999 -9999 -9999 -9999 -9999 -9999 -9999 -9999 -9999 -9999 -9999 -9999 -9999 220 477 644 509 411 491 624 708 752 728 642 445 295 447 184 175 331 257 214 361 1000 1057 579 446 1136 973 1224 1295 726 616 590 753 563 772 1106 621 748 754 856 1291 1048 1155 415 427 722 1211 972 863 1004 1022 1559 1877 2166 1409 2224 2225 1849 1553 1158 621 751 758 1431 954 1244
-9999 -9999 -9999 -9999 -9999 -9999 -9999 -9999 -9999 -9999 -9999 -9999 -9999 -9999 -9999 -9999 -9999 -9999 -9999 -9999 -9999 -9999 -9999 -9999 -9999 741 706 570 509 460 603 814 553 601 503 389 325 371 233 189 220 285 360 740 944 1111 980 509 587 521 569 593 777 873 771 595 623 863 1060 568 785 1004 1144 1627 1035 980 488 477 644 517 555 962 1373 1807 1890 1900 1635 1281 2202 2665 867 1836 1508 571 688 965 1681 703 768
-9999 -9999 -9999 -9999 -9999 -9999 -9999 -9999 -9999 -9999 -9999 -9999 -9999 -9999 -9999 -9999 -9999 -9999 -9999 -9999 -9999 -9999 -9999 -9999 225 640 465 475 399 411 497 843 566 493 418 415 577 718 441 355 424 566 539 1874 2628 4982 1426 642 307 277 291 355 806 724 602 516 545 684 703 628 748 1023 1279 1096 854 964 642 492 673 1204 1061 1506 1970 1906 1282 1015 1074 1994 1269 818 765 1138 1441 948 720 1032 15476 7346 6385
-9999 -9999 -9999 -9999 -9999 -9999 -9999 -9999 -9999 -9999 -9999 -9999 -9999 -9999 -9999 -9999 -9999 -9999 -9999 -9999 -9999 -9999 -9999 -9999 595 758 435 421 348 443 655 979 675 609 518 441 770 1082 717 695 882 475 486 975 3798 9402 1816 866 335 273 260 399 415 652 814 539 507 487 504 751 1144 1034 1387 1840 1922 1388 1144 1641 1869 3676 3013 1720 1807 1530 2401 2263 2190 1217 1841 1147 932 1042 1194 1959 2093 23951 93018 78321 52931
-9999 -9999 -9999 -9999 -9999 -9999 -9999 -9999 -9999 -9999 -9999 -9999 -9999 -9999 -9999 -9999 -9999 -9999 -9999 -9999 -9999 -9999 -9999 -9999 834 819 654 357 367 546 976 1087 861 885 626 575 652 1831 1000 276 510 525 475 1016 1099 1134 1064 1348 758 383 277 291 304 455 780 805 719 607 513 852 1072 1425 1255 1435 2718 1782 1457 1714 1651 1925 2882 1891 1584 1659 2165 2903 1673 1247 2174 1489 1120 1370 1702 1301 21577 88071 131563 128252 118628
-9999 -9999 -9999 -9999 -9999 -9999 -9999 -9999 -9999 -9999 -9999 -9999 -9999 -9999 -9999 -9999 -9999 -9999 -9999 -9999 -9999 -9999 -9999 -9999 427 433 715 625 616 908 1199 882 1176 1501 1312 839 717 1043 688 359 592 546 631 973 774 632 657 820 1383 1146 625 371 355 317 587 635 900 619 483 904 1230 1788 1920 2194 1653 1870 2290 1529 1878 2064 3224 2205 2284 2941 3238 3284 996 2124 1200 874 767 965 2016 1496 35754 100239 137812 135583 132531
-9999 -9999 -9999 -9999 -9999 -9999 -9999 -9999 -9999 -9999 -9999 -9999 -9999 -9999 -9999 -9999 -9999 -9999 -9999 -9999 -9999 -9999 -9999 182 287 754 440 485 541 451 777 790 706 997 1122 743 644 551 489 415 561 584 754 1113 699 603 594 759 952 826 950 1033 664 397 353 353 369 556 772 596 427 447 836 1705 1535 2042 6172 3784 2852 3626 3999 3119 2492 2691 1982 1427 1014 1422 858 949 1379 1213 2548 3351 28073 83908 112829 128917 120040
-9999 -9999 -9999 -9999 -9999 -9999 -9999 -9999 -9999 -9999 -9999 -9999 -9999 -9999 -9999 -9999 -9999 -9999 -9999 -9999 -9999 -9999 125 309 307 479 377 473 606 595 1416 1497 835 755 1169 1109 677 457 406 442 485 631 1354 1170 1006 694 497 733 812 744 948 972 850 2382 672 696 431 506 492 356 299 303 734 1510 2873 1717 2531 2054 9990 14006 6619 3799 2802 2839 1779 2153 1581 964 782 1059 1461 1673 3654 5728 1757 12258 28898 47333 43848
-9999 -9999 -9999 -9999 -9999 -9999 -9999 -9999 -9999 -9999 -9999 -9999 -9999 -9999 -9999 -9999 -9999 -9999 -9999 -9999 -9999 103 275 322 341 313 482 978 617 779 950 1463 1080 971 2058 2740 798 506 376 538 503 567 1391 980 852 525 405 557 1074 773 934 1136 601 879 481 547 692 624 788 805 411 349 518 746 1156 1303 2597 3836 10381 10513 4379 3366 1974 2135 3072 2707 2324 1522 1475 2122 2432 1835 2560 1647 1476 4437 5167 7519 2873
-9999 -9999 -9999 -9999 -9999 -9999 -9999 -9999 -9999 -9999 -9999 -9999 -9999 -9999 -9999 -9999 -9999 -9999 -9999 -9999 -9999 212 256 323 253 310 647 640 693 864 963 5393 2447 1008 993 902 708 486 461 552 523 719 1006 543 630 491 423 570 798 988 1160 1048 725 591 475 515 481 474 505 778 688 697 938 1345 1533 1478 1355 2222 2194 2177 1753 2266 1769 2302 2140 2445 3243 2331 2090 3646 2600 1632 1213 1212 2030 2977 3746 1350 900
-9999 -9999 -9999 -9999 -9999 -9999 -9999 -9999 -9999 -9999 -9999 -9999 -9999 -9999 -9999 -9999 -9999 -9999 -9999 -9999 -9999 215 213 353 221 569 1277 595 644 956 1607 1319 1259 865 1138 738 589 502 475 507 760 772 594 485 447 454 536 623 630 1055 2238 1014 853 665 520 518 439 279 279 313 437 658 804 1176 1097 894 831 1158 1669 1401 1452 1572 1353 1397 1960 2308 1721 1174 976 1058 1019 1477 1182 2023 2396 2276 1766 1007 882
-9999 -9999 -9999 -9999 -9999 -9999 -9999 -9999 -9999 -9999 -9999 -9999 -9999 -9999 -9999 -9999 -9999 -9999 -9999 114 351 477 892 464 367 1384 1395 875 1090 2479 1763 1495 1129 822 1218 707 650 530 459 568 1865 906 612 558 473 587 735 819 810 964 1152 820 804 728 573 760 606 302 265 259 315 655 630 796 859 1108 1050 673 611 1004 994 1976 1709 1765 2140 1758 1262 986 808 1206 1182 860 955 2201 1825 1059 1785 848 908
-9999 -9999 -9999 -9999 -9999 -9999 -9999 -9999 -9999 -9999 -9999 -9999 -9999 -9999 -9999 -9999 -9999 -9999 1553 2676 1611 1686 1120 611 691 1334 1927 1815 1914 2035 2843 1206 885 914 926 589 730 568 471 607 954 838 591 511 537 776 1003 898 864 754 535 640 785 741 756 619 475 451 327 279 320 615 366 517 1036 1670 980 567 623 1473 1784 2637 3748 1909 2182 2382 1140 985 913 862 926 643 708 1006 786 1423 1239 788 808
-9999 -9999 -9999 -9999 -9999 -9999 -9999 -9999 -9999 -9999 -9999 -9999 161 296 375 444 335 591 580 972 1751 1859 872 714 672 1525 1838 2120 1394 860 1034 1084 804 899 442 721 1092 989 583 750 715 782 623 621 605 1291 2755 1208 948 956 861 689 1032 806 790 736 920 934 445 290 322 669 373 560 952 878 793 696 1626 2072 1477 1696 2432 2061 3189 2413 681 628 676 930 1221 780 601 752 581 700 1118 843 995
-9999 -9999 -9999 -9999 -9999 -9999 -9999 -9999 369 706 483 394 481 567 657 800 780 743 395 392 926 1351 535 768 1092 1082 1857 1661 1092 1433 912 896 764 628 534 1033 951 1304 792 1347 935 642 617 802 908 1614 2535 1076 953 1268 911 667 758 596 977 638 638 833 417 365 455 595 365 469 938 1880 1293 1151 1998 2055 1427 3134 4159 2484 1180 521 649 503 689 770 974 928 541 498 515 772 1310 1130 755
-9999 -9999 -9999 -9999 -9999 -9999 -9999 272 662 634 620 762 762 740 428 826 712 716 527 377 839 1439 1267 1084 996 1670 2523 1062 1054 1206 660 710 710 399 858 725 755 812 835 1024 946 744 622 652 852 1079 1382 957 789 1008 1173 669 924 560 690 1082 1036 1057 864 327 361 487 571 479 776 2597 1925 1051 955 781 702 947 1113 1363 1046 551 820 696 954 888 1024 920 467 470 706 1030 936 614 690
-9999 -9999 -9999 -9999 -9999 -9999 339 696 670 850 355 483 754 789 971 1158 856 933 503 562 857 782 1348 1021 1136 1240 1273 1014 1111 716 579 1012 956 444 571 712 882 822 1622 1224 827 1127 794 639 777 868 668 858 747 920 1189 936 908 810 707 1492 1270 732 702 329 271 474 664 642 669 895 1002 465 551 397 351 435 1006 1453 996 645 702 710 941 1029 1014 942 799 622 905 950 758 563 898
-9999 -9999 -9999 173 422 549 904 902 603 600 545 671 519 960 1166 1167 704 964 720 557 813 680 954 1037 1418 1388 1371 906 1076 1151 761 922 513 641 447 527 632 1028 1316 810 818 716 780 1145 1107 1043 668 830 889 1168 867 778 597 570 963 1355 1426 1081 645 498 588 688 1235 892 431 450 455 327 305 275 281 333 605 739 844 802 792 678 738 776 942 1038 1199 886 1072 1033 734 433 298
-9999 -9999 -9999 -9999 -9999 207 991 1118 459 562 738 836 506 652 574 1958 946 1048 933 571 479 483 796 1523 815 1226 1763 932 772 1347 1016 806 355 465 451 461 671 1264 732 629 635 581 636 773 1064 756 800 878 1602 1691 724 888 889 439 430 498 2012 1392 720 617 1118 1184 600 452 387 403 340 407 386 293 286 323 351 435 537 639 732 707 797 912 1147 1037 1026 744 759 1223 539 282 239
-9999 -9999 -9999 -9999 -9999 -9999 683 415 372 551 538 677 948 754 642 1157 991 921 820 862 932 804 1619 1145 383 363 945 733 672 1202 585 363 321 427 412 453 525 674 488 535 546 630 723 605 734 664 569 612 2308 1753 888 725 840 428 465 1016 1732 810 287 276 577 503 298 445 494 592 299 388 494 328 457 377 451 607 564 604 924 1056 778 783 879 903 996 768 714 870 567 305 216
-9999 -9999 -9999 -9999 -9999 -9999 635 463 451 593 488 609 652 555 479 845 648 776 569 803 789 1415 748 527 337 503 650 955 713 630 311 277 261 352 304 388 497 509 652 720 837 775 717 1124 1267 1455 1012 862 710 893 727 938 1050 818 369 572 648 315 237 261 1739 880 293 451 504 356 326 372 370 375 437 613 540 652 555 593 934 1381 592 614 765 844 1048 973 1057 940 595 456 375
-9999 -9999 -9999 -9999 -9999 706 773 788 660 513 731 901 658 498 710 678 1626 1120 674 1048 1353 2529 905 591 420 632 575 1016 736 357 371 245 241 403 580 635 517 384 646 970 1441 769 876 1223 1108 1009 1090 1421 966 821 603 623 658 321 228 245 245 239 233 419 1651 855 323 301 385 473 543 339 330 411 523 457 541 968 537 475 1227 1142 786 640 688 864 1122 1228 1281 784 593 443 437
-9999 -9999 -9999 -9999 -9999 -9999 -9999 764 609 772 738 680 896 541 613 716 1122 1046 810 968 1559 3159 798 640 688 1060 979 1156 720 373 237 233 301 353 678 507 349 415 581 710 968 1275 1117 1082 970 731 1294 1598 883 938 1069 856 443 206 216 252 235 219 258 993 3046 1060 604 471 416 534 923 644 566 694 565 417 704 1732 571 723 1443 858 943 858 740 1110 1608 1453 868 660 531 461 453
