GIS/bfa_beta.asc
ncols         173
nrows         126
xllcorner     224227.65281
yllcorner     1039207.04677
cellsize      5000
NODATA_value  -9999
[rows 0 to 32 of 126, columns 73 to 145 of 173]
-9999 -9999 -9999 -9999 -9999 -9999 -9999 -9999 -9999 -9999 -9999 -9999 -9999 -9999 -9999 -9999 -9999 -9999 -9999 -9999 -9999 -9999 -9999 -9999 -9999 -9999 -9999 -9999 -9999 -9999 -9999 0.219 0.219 0.2341 0.1838 0.146 0.1494 -9999 -9999 -9999 0.1229 0.1161 -9999 -9999 -9999 -9999 -9999 -9999 -9999 -9999 -9999 -9999 -9999 -9999 -9999 -9999 -9999 -9999 -9999 -9999 -9999 -9999 -9999 -9999 -9999 -9999 -9999 -9999 -9999 -9999 -9999 -9999 -9999
-9999 -9999 -9999 -9999 -9999 -9999 -9999 -9999 -9999 -9999 -9999 -9999 -9999 -9999 -9999 -9999 -9999 -9999 -9999 -9999 -9999 -9999 -9999 -9999 -9999 -9999 -9999 -9999 -9999 0.22 0.267 0.2464 0.1885 0.1835 0.163 0.1615 0.1733 0.1566 -9999 0.1427 0.1264 0.1198 0.0989 0.1121 0.0908 -9999 -9999 -9999 -9999 -9999 -9999 -9999 -9999 -9999 -9999 -9999 -9999 -9999 -9999 -9999 -9999 -9999 -9999 -9999 -9999 -9999 -9999 -9999 -9999 -9999 -9999 -9999 -9999
-9999 -9999 -9999 -9999 -9999 -9999 -9999 -9999 -9999 -9999 -9999 -9999 -9999 -9999 -9999 -9999 -9999 -9999 -9999 -9999 -9999 -9999 -9999 -9999 -9999 -9999 -9999 -9999 0.2342 0.22 0.1943 0.236 0.1876 0.234 0.1941 0.1876 0.1838 0.1459 0.1448 0.158 0.1271 0.1464 0.1107 0.121 0.0911 0.1173 0.1245 0.1036 0.0963 0.1026 0.1026 0.0883 -9999 -9999 -9999 -9999 -9999 -9999 -9999 -9999 -9999 -9999 -9999 -9999 -9999 -9999 -9999 -9999 -9999 -9999 -9999 -9999 -9999
-9999 -9999 -9999 -9999 -9999 -9999 -9999 -9999 -9999 -9999 -9999 -9999 -9999 -9999 -9999 -9999 -9999 -9999 -9999 -9999 -9999 -9999 -9999 -9999 -9999 -9999 -9999 0.257 0.2342 0.267 0.227 0.27376 0.266 0.26683333 0.2308 0.1862 0.19855 0.1864 0.126 0.1412 0.15355 0.1566 0.1753 0.1565 0.14555 0.1275 0.1119 0.10315 0.0787 0.09485 0.09485 0.0875 -9999 -9999 -9999 -9999 -9999 -9999 -9999 -9999 -9999 -9999 -9999 -9999 -9999 -9999 -9999 -9999 -9999 -9999 -9999 -9999 -9999
-9999 -9999 -9999 -9999 -9999 -9999 -9999 -9999 -9999 -9999 -9999 -9999 -9999 -9999 -9999 -9999 -9999 -9999 -9999 -9999 -9999 -9999 -9999 -9999 -9999 -9999 0.2362 0.1953 0.2349 0.2466 0.2621 0.222 0.2349 0.3068 0.2789 0.244 0.209 0.1563 0.1458 0.1544 0.1464 0.1576 0.1287 0.1579 0.139 0.1119 0.1464 0.1095 0.0954 0.0817 0.0971 -9999 -9999 -9999 -9999 -9999 -9999 -9999 -9999 -9999 -9999 -9999 -9999 -9999 -9999 -9999 -9999 -9999 -9999 -9999 -9999 -9999 -9999
-9999 -9999 -9999 -9999 -9999 -9999 -9999 -9999 -9999 -9999 -9999 -9999 -9999 -9999 -9999 -9999 -9999 -9999 -9999 -9999 -9999 -9999 -9999 -9999 -9999 0.371 0.3751 0.35 0.26 0.27376 0.276 0.278 0.229 0.2451 0.2352 0.195 0.2337 0.1829 0.183 0.1831 0.135 0.1762 0.1293 0.1351 0.15355 0.15 0.1377 0.0989 0.1168 0.1366 0.1366 -9999 -9999 -9999 -9999 -9999 -9999 -9999 -9999 -9999 -9999 -9999 -9999 -9999 -9999 -9999 -9999 -9999 -9999 -9999 -9999 -9999 -9999
-9999 -9999 -9999 -9999 -9999 -9999 -9999 -9999 -9999 -9999 -9999 -9999 -9999 -9999 -9999 -9999 -9999 -9999 -9999 -9999 -9999 -9999 -9999 0.2784 0.2789 0.2454 0.3133 0.2775 0.2798 0.3133 0.363 0.371 0.2462 0.286 0.2781 0.2345 0.2454 0.1887 0.2451 0.1835 0.207 0.1867 0.1836 0.1335 0.1483 0.15406667 0.1529 0.1464 0.1264 0.0907 0.0907 0.108 -9999 -9999 -9999 -9999 -9999 -9999 -9999 -9999 -9999 -9999 -9999 -9999 -9999 -9999 -9999 -9999 -9999 -9999 -9999 -9999 -9999
-9999 -9999 -9999 -9999 -9999 -9999 -9999 -9999 -9999 -9999 -9999 -9999 -9999 -9999 -9999 -9999 -9999 -9999 -9999 -9999 0.2794 0.2331 0.308 0.27635 0.339 0.2363 0.2362 0.222 0.278 0.35 0.27635 0.2462 0.2454 0.278 0.267 0.344 0.2774 0.1871 0.1861 0.1863 0.1561 0.1726 0.1462 0.14755 0.13605 0.1264 0.153 0.1271 0.1227 0.1095 0.1095 0.134 -9999 -9999 -9999 -9999 -9999 -9999 -9999 -9999 -9999 -9999 -9999 -9999 -9999 -9999 -9999 -9999 -9999 -9999 -9999 -9999 -9999
-9999 -9999 -9999 -9999 -9999 -9999 -9999 -9999 -9999 -9999 -9999 -9999 -9999 -9999 -9999 -9999 -9999 -9999 0.2362 0.3136 0.4155 0.461 0.419 0.381 0.2794 0.3132 0.3 0.2798 0.279 0.252 0.2795 0.2349 0.2349 0.181 0.1413 0.242 0.1666 0.185 0.1835 0.1951 0.1778 0.1774 0.1494 0.1175 0.1422 0.091 0.171 0.15 0.1166 0.1021 0.1021 0.1117 -9999 -9999 -9999 -9999 -9999 -9999 -9999 -9999 -9999 -9999 -9999 -9999 -9999 -9999 -9999 -9999 -9999 -9999 -9999 -9999 -9999
-9999 -9999 -9999 -9999 -9999 -9999 -9999 -9999 -9999 -9999 -9999 -9999 -9999 -9999 -9999 -9999 0.445 0.44495 0.365 0.493 0.3747 0.334 0.403 0.3878 0.28145 0.2795 0.2771 0.27376 0.27376 0.2848 0.362 0.314 0.3068 0.1868 0.1804 0.18575 0.1652 0.1654 0.1776 0.19 0.1575 0.1378 0.135 0.1298 0.1382 0.1107 0.1335 0.137 0.1249 0.12023333 0.12023333 -9999 -9999 -9999 -9999 -9999 -9999 -9999 -9999 -9999 -9999 -9999 -9999 -9999 -9999 -9999 -9999 -9999 -9999 -9999 -9999 -9999 -9999
-9999 -9999 -9999 -9999 -9999 -9999 -9999 -9999 -9999 -9999 -9999 -9999 -9999 -9999 -9999 0.476 0.3742 0.4163 0.32945 0.3137 0.355 0.445 0.324 0.346 0.3741 0.363 0.3133 0.3139 0.3021 0.29 0.3741 0.2365 0.1953 0.1876 0.241 0.178 0.1951 0.2368 0.2347 0.207 0.1721 0.1774 0.162 0.138 0.14125 0.1227 0.1449 0.1211 0.1383 0.1253 0.1161 -9999 -9999 -9999 -9999 -9999 -9999 -9999 -9999 -9999 -9999 -9999 -9999 -9999 -9999 -9999 -9999 -9999 -9999 -9999 -9999 -9999 -9999
-9999 -9999 -9999 -9999 -9999 -9999 -9999 -9999 -9999 -9999 -9999 -9999 -9999 0.4245 0.438 0.476 0.3742 0.4163 0.32945 0.3137 0.355 0.445 0.324 0.346 0.3741 0.363 0.3133 0.3139 0.3021 0.29 0.3741 0.2365 0.1953 0.1876 0.241 0.178 0.1951 0.2368 0.2347 0.2118 0.234 0.1774 0.162 0.138 0.142 0.1227 0.1449 0.1211 0.1383 0.1253 0.1161 -9999 -9999 -9999 -9999 -9999 -9999 -9999 -9999 -9999 -9999 -9999 -9999 -9999 -9999 -9999 -9999 -9999 -9999 -9999 -9999 -9999 -9999
-9999 -9999 -9999 -9999 -9999 -9999 -9999 -9999 -9999 -9999 -9999 0.493 0.4167 0.432 0.443 0.461 0.3142 0.359 0.419 0.4163 0.377 0.414 0.3747 0.284 0.371 0.3753 0.3133 0.314 0.32945 0.338 0.277 0.278 0.2352 0.1834 0.183 0.1738 0.1731 0.158 0.1777 0.219 0.165 0.202 0.1763 0.1522 0.1799 0.1489 0.1285 0.1259 0.1379 0.1351 0.1351 -9999 -9999 -9999 -9999 -9999 -9999 -9999 -9999 -9999 -9999 -9999 -9999 -9999 -9999 -9999 -9999 -9999 -9999 -9999 -9999 -9999 -9999
-9999 -9999 -9999 -9999 -9999 0.364 0.504 0.414 -9999 0.362 0.481 0.494 0.434 0.40995 0.392 0.455 0.341 0.31986667 0.429 0.49 0.54 0.4153 0.37 0.315 0.364 0.351 0.306 0.363 0.281 0.4156 0.291 0.2458 0.216 0.2341 0.1561 0.1831 0.282 0.2357 0.2468 0.181 0.1751 0.163 0.16285 0.1515 0.1387 0.1411 0.1412 0.139 0.1486 0.1578 0.1119 -9999 -9999 -9999 -9999 -9999 -9999 -9999 -9999 -9999 -9999 -9999 -9999 -9999 -9999 -9999 -9999 -9999 -9999 -9999 -9999 -9999 -9999
-9999 -9999 -9999 -9999 0.377 0.47 0.365 0.437 0.3585 0.4165 0.377 0.347 0.54 0.432 0.408 0.465 0.414 0.387 0.364 0.493 0.366 0.365 0.306 0.38 0.371 0.294 0.3745 0.31806667 0.3745 0.2793 0.3 0.394 0.4 0.282 0.1941 0.2332 0.181 0.233 0.241 0.181 0.2109 0.181 0.1703 0.125 0.168 0.171 0.143 0.1368 0.1383 0.091 0.1238 0.1355 -9999 -9999 -9999 -9999 -9999 -9999 -9999 -9999 -9999 -9999 -9999 -9999 -9999 -9999 -9999 -9999 -9999 -9999 -9999 -9999 -9999
-9999 -9999 -9999 -9999 0.592 0.499 0.461 0.523 0.434 0.4159 0.3747 0.392 0.438 0.523 0.435 0.542 0.542 0.426 0.3745 0.4153 0.414 0.333 0.2795 0.445 0.333 0.318 0.3747 0.354 0.3745 0.3852 0.326 0.326 0.2343 0.268 0.2789 0.2355 0.2831 0.197 0.195 0.2109 0.19325 0.1412 0.1867 0.157 0.1576 0.1507 0.1532 0.1249 0.1339 0.1283 0.1079 0.1256 0.09485 -9999 -9999 -9999 -9999 -9999 -9999 -9999 -9999 -9999 -9999 -9999 -9999 -9999 -9999 -9999 -9999 -9999 -9999 -9999 -9999
-9999 -9999 -9999 -9999 0.596 0.502 0.48814286 0.434 0.403 0.416 0.4167 0.44495 0.452 0.53 0.4162 0.4153 0.487 0.513 0.4905 0.53 0.4245 0.338 0.3138 0.4163 0.439 0.294 0.334 0.3745 0.417 0.373 0.392 0.3965 0.289 0.2835 0.26 0.2676 0.2107 0.225 0.239 0.1888 0.1495 0.1722 0.1451 0.1252 0.1585 0.116 0.123 0.1296 0.1292 0.11855 0.104 0.1121 0.0916 0.1148 -9999 -9999 -9999 -9999 -9999 -9999 -9999 -9999 -9999 -9999 -9999 -9999 -9999 -9999 -9999 -9999 -9999 -9999 -9999
-9999 -9999 -9999 -9999 0.461 0.4555 0.432 0.428 0.453 0.41 0.493 0.433 0.465 0.393 0.396 0.444 0.488 0.505 0.445 0.481 0.3742 0.3972 0.294 0.31986667 0.434 0.414 0.493 0.4155 0.399 0.339 0.333 0.311 0.228 0.246 0.2102 0.2784 0.2107 0.242 0.1738 0.1774 0.1412 0.167 0.1298 0.1451 0.1659 0.1503 0.163 0.1187 0.1165 0.1292 0.1334 0.103 0.102 0.12046667 0.1326 -9999 -9999 -9999 -9999 -9999 -9999 -9999 -9999 -9999 -9999 -9999 -9999 -9999 -9999 -9999 -9999 -9999 -9999
-9999 -9999 -9999 -9999 0.40995 0.526 0.595 0.424 0.532 0.486 0.434 0.445 0.518 0.66 0.5998 0.46 0.483 0.484 0.432 0.3742 0.415 0.539 0.418 0.4118 0.462 0.337 0.351 0.42 0.42 0.36 0.381 0.3144 0.507 0.2362 0.247 0.282 0.1873 0.178 0.211 0.236 0.2451 0.221 0.1823 0.1175 0.13255 0.127 0.1247 0.123 0.1264 0.1326 0.1021 0.0988 0.1228 0.12023333 0.1295 -9999 -9999 -9999 -9999 -9999 -9999 -9999 -9999 -9999 -9999 -9999 -9999 -9999 -9999 -9999 -9999 -9999 -9999
-9999 -9999 -9999 -9999 0.479 0.51466667 0.64 0.492 0.7 0.705 0.413 0.508 0.458 0.477 0.599 0.47 0.513 0.4157 0.5555 0.481 0.513 0.622 0.46 0.421 0.3742 0.387 0.493 0.5345 0.646 0.496 0.346 0.3035 0.2795 0.3131 0.323 0.2454 0.255 0.257 0.26683333 0.1885 0.2335 0.178 0.1752 0.1575 0.13 0.1362 0.1461 0.1119 0.1275 0.1245 0.1221 0.0962 0.1275 0.0988 0.1176 -9999 -9999 -9999 -9999 -9999 -9999 -9999 -9999 -9999 -9999 -9999 -9999 -9999 -9999 -9999 -9999 -9999 -9999
0.416 -9999 0.2779 0.403 0.409 0.366 0.5992 0.494 0.5 0.40705 0.494 0.501 0.424 0.457 0.41 0.3585 0.432 0.69 0.413 0.347 0.475 0.4815 0.494 0.402 0.461 0.411 0.443 0.4245 0.416 0.2795 0.373 0.269 0.379 0.3375 0.2462 0.26 0.265 0.2774 0.2341 0.2332 0.1943 0.1884 0.1738 0.1722 0.1286 0.1329 0.1262 0.1464 0.1449 0.1357 0.1125 0.1382 0.123 0.1252 0.1229 -9999 -9999 -9999 -9999 -9999 -9999 -9999 -9999 -9999 -9999 -9999 -9999 -9999 -9999 -9999 -9999 -9999 -9999
0.362 0.358 0.3385 0.294 0.396 0.506 0.433 0.316 0.419 0.49 0.3021 0.485 0.482 0.501 0.4815 0.422 0.523 0.499 0.537 0.432 0.515 0.432 0.4155 0.455 0.355 0.354 0.453 0.324 0.313 0.338 0.3144 0.2793 0.306 0.331 0.3029 0.3016 0.263 0.219 0.2831 0.1951 0.209 0.2355 0.1778 0.1836 0.1514 0.1658 0.1528 0.1509 0.1125 0.15355 0.1485 0.1464 0.1151 0.1455 0.1264 -9999 -9999 -9999 -9999 -9999 -9999 -9999 -9999 -9999 -9999 -9999 -9999 -9999 -9999 -9999 -9999 -9999 -9999
0.347 0.274 0.352 0.462 0.405 0.364 0.359 0.324 0.44495 0.377 0.444 0.34 0.33 0.501 0.66 0.413 0.5555 0.622 0.548 0.432 0.468 0.4168 0.496 0.406 0.4167 0.5 0.414 0.4163 0.26845 0.363 0.3021 0.2772 0.3147 0.314 0.2635 0.3019 0.2543 0.252 0.1951 0.1951 0.2107 0.25 0.1245 0.1753 0.186 0.163 0.197 0.1763 0.1756 0.1753 0.1379 0.1222 0.1338 0.1283 0.0921 -9999 -9999 -9999 -9999 -9999 -9999 -9999 -9999 -9999 -9999 -9999 -9999 -9999 -9999 -9999 -9999 -9999 -9999
0.3038 0.409 0.338 0.3988 0.44495 0.364 0.44 0.41 0.442 0.443 0.502 0.419 0.404 0.40995 0.464 0.532 0.497 0.499 0.534 0.443 0.428 0.448 0.422 0.515 0.428 0.475 0.452 0.4156 0.268 0.419 0.3745 0.268 0.2365 0.367 0.2353 0.2633 0.2688 0.1796 0.2116 0.2116 0.231 0.21755 0.1125 0.1484 0.1509 0.13 0.1511 0.2 0.1666 0.1505 0.15355 0.1175 0.1323 0.127 0.1061 0.099 -9999 -9999 -9999 -9999 -9999 -9999 -9999 -9999 -9999 -9999 -9999 -9999 -9999 -9999 -9999 -9999 -9999
0.361 0.3 0.412 0.416 0.445 0.4772 0.4648 0.39 0.457 0.487 0.53 0.458 0.395 0.494 0.46 0.45 0.413 0.502 0.524 0.465 0.4815 0.4815 0.452 0.4162 0.434 0.387 0.38 0.338 0.38 0.363 0.2793 0.26845 0.346 0.357 0.208 0.216 0.2352 0.216 0.226 0.236 0.1774 0.133 0.1486 0.1423 0.144 0.171 0.1287 0.1809 0.1652 0.146 0.1566 0.151 0.171 0.188 0.1502 0.1337 0.13605 -9999 -9999 -9999 -9999 -9999 -9999 -9999 -9999 -9999 -9999 -9999 -9999 -9999 -9999 -9999 -9999
0.3038 0.3993 0.3032 0.329 0.353 0.4763 0.434 0.335 0.442 0.295 0.481 0.446 0.564 0.468 0.45 0.479 0.487 0.422 0.622 0.397 0.692 0.422 0.438 0.4167 0.54 0.44 0.3895 0.32945 0.355 0.3852 0.27635 0.338 0.35 0.336 0.2775 0.1953 0.27376 0.289 0.2342 0.2332 0.1888 0.158 0.1778 0.209 0.176 0.199 0.183 0.1881 0.187 0.1774 0.1825 0.1495 0.17185 0.1289 0.092 0.14 0.1371 -9999 -9999 -9999 -9999 -9999 -9999 -9999 -9999 -9999 -9999 -9999 -9999 -9999 -9999 -9999 -9999
0.32 0.363 0.292 0.3992 0.3989 0.3532 0.39766667 0.407 0.506 0.432 0.452 0.443 0.486 0.516 0.4161 0.522 0.46 0.5135 0.489 0.493 0.603 0.495 0.454 0.445 0.501 0.465 0.4167 0.337 0.3142 0.371 0.315 0.3438 0.344 0.3449 0.338 0.285 0.323 0.2335 0.2356 0.2346 0.2332 0.2352 0.1876 0.186 0.1413 0.179 0.183 0.1875 0.1873 0.1888 0.183 0.183 0.133 0.1022 0.0952 0.1188 0.1353 0.1221 -9999 -9999 -9999 -9999 -9999 -9999 -9999 -9999 -9999 -9999 -9999 -9999 -9999 -9999 -9999
0.317 0.3026 0.306 0.3704 0.3036 0.286 0.395 0.316 0.3385 0.443 0.451 0.457 0.5941 0.652 0.48125 0.405 0.489 0.439 0.3385 0.388 0.457 0.514 0.481 0.518 0.3671 0.4163 0.337 0.319 0.328 0.441 0.309 0.295 0.34 0.327 0.342 0.3443 0.2715 0.26956667 0.266 0.222 0.2352 0.1751 0.1871 0.1952 0.192 0.1798 0.1413 0.1776 0.207 0.1655 0.1666 0.1867 0.1527 0.108 0.10725 0.1289 0.103 0.1029 0.1187 -9999 -9999 -9999 -9999 -9999 -9999 -9999 -9999 -9999 -9999 -9999 -9999 -9999 -9999
0.306 0.268 0.25 0.305 0.2154 0.3036 0.436 0.4456 0.408 0.232 0.522 0.519 0.5291 0.5303 0.522 0.457 0.465 0.451 0.574 0.588 0.451 0.376 0.374 0.4 0.284 0.284 0.3443 0.3447 0.369 0.3449 0.314 0.2855 0.327 0.338 0.3449 0.309 0.291 0.273 0.2782 0.223 0.283 0.265 0.226 0.1837 0.219 0.2111 0.1831 0.151 0.1615 0.1413 0.1661 0.1661 0.1547 0.1248 0.1061 0.138 0.1514 0.1296 0.1221 0.0941 -9999 -9999 -9999 -9999 -9999 -9999 -9999 -9999 -9999 -9999 -9999 -9999 -9999
0.285 0.1817 0.1904 0.292 0.305 0.352 0.332 0.387 0.444 0.379 0.292 0.531 0.327 0.2894 0.405 0.447 0.442 0.423 0.391 0.427 0.392 0.398 0.3083 0.351 0.4135 0.345 0.286 0.2545 0.28 0.335 0.2595 0.27 0.293 0.2855 0.314 0.2855 0.298 0.2846 0.2362 0.2348 0.1887 0.18245 0.1739 0.1655 0.165 0.228 0.195 0.1957 0.205 0.1952 0.1738 0.207 0.134 0.1415 0.1249 0.1353 0.0924 0.157 0.1181 0.095 -9999 -9999 -9999 -9999 -9999 -9999 -9999 -9999 -9999 -9999 -9999 -9999 -9999
0.222 0.1817 0.1774 0.269 0.271 0.306 0.3694 0.365 0.31715 0.41 0.418 0.459 0.442 0.37 0.398 0.425 0.447 0.316 0.525 0.427 0.458 0.376 0.364 0.331 0.423 0.3745 0.421 0.351 0.34 0.329 0.272 0.2445 0.255 0.257 0.253 0.3434 0.288 0.3076 0.221 0.2445 0.2 0.2715 0.2107 0.253 0.223 0.229 0.181 0.1755 0.163 0.1721 0.162 0.162 0.1119 0.1469 0.0935 0.1485 0.1211 0.1422 0.12185 0.1366 0.1117 0.108 0.108 0.1226 -9999 -9999 -9999 -9999 -9999 -9999 -9999 -9999 -9999
0.227 0.248 0.167 0.2364 0.197 0.268 0.302 0.277 0.396 0.336 0.36 0.382 0.38 0.43 0.36 0.361 0.395 0.447 0.519 0.429 0.1849 0.223 0.279 0.28 0.286 0.2887 0.27095 0.2544 0.272 0.2635 0.293 0.2552 0.22 0.2714 0.2662 0.2595 0.2132 0.257 0.25 0.295 0.245 0.2607 0.291 0.229 0.183 0.244 0.1837 0.209 0.1821 0.15495 0.1123 0.1564 0.135 0.10415 0.1162 0.1127 0.1295 0.0988 0.12023333 0.0989 0.10013333 0.1037 0.1093 0.0959 -9999 -9999 -9999 -9999 -9999 -9999 -9999 -9999 -9999
0.2145 0.2145 0.192 0.2202 0.1983 0.216 0.2177 0.2189 0.304 0.2435 0.362 0.304 0.2881 0.21 0.208 0.195 0.2888 0.334 0.401 0.284 0.296 0.2896 0.2882 0.35 0.398 0.301 0.267 0.288 0.1858 0.185 0.197 0.238 0.226 0.252 0.237 0.271 0.259 0.2762 0.2503 0.2065 0.2704 0.2186 0.27 0.19 0.254 0.217 0.1825 0.183 0.179 0.202 0.173 0.173 0.152 0.149 0.17 0.1235 0.118575 0.1146 0.1011 0.0993 0.084 0.1121 0.0687 0.0942 0.1122 0.0978 0.0978 -9999 -9999 -9999 -9999 -9999 -9999
