GIS/bfa_beta.asc
ncols         173
nrows         126
xllcorner     224227.65281
yllcorner     1039207.04677
cellsize      5000
NODATA_value  -9999
[rows 66 to 98 of 126, columns 0 to 72 of 173]
-9999 -9999 -9999 -9999 -9999 -9999 -9999 -9999 -9999 -9999 -9999 -9999 -9999 -9999 -9999 -9999 -9999 -9999 -9999 0.182 0.1646 0.2164 0.4901 0.5097 0.432 0.1586 0.1662 0.1909 0.1587 0.1586 0.142 0.142 0.155 0.138 0.141 0.1136 0.1172 0.1074 0.1136 0.1287 0.1155 0.1193 0.1603 0.1231 0.1278 0.1136 0.114 0.119 0.141 0.133 0.11 0.1247 0.1258 0.12315 0.121 0.1287 0.1235 0.12315 0.1204 0.1216 0.1179 0.1285 0.1168 0.1057 0.0935 0.0947 0.1206 0.1057 0.1054 0.0838 0.1187 0.0832 0.1004
-9999 -9999 -9999 -9999 -9999 -9999 -9999 -9999 -9999 -9999 -9999 -9999 -9999 -9999 -9999 -9999 -9999 -9999 0.5 0.56 0.46 0.53 0.5199 0.5992 0.68 0.147 0.1616 0.1548 0.1548 0.1572 0.116 0.1592 0.148 0.137 0.1247 0.1172 0.1069 0.164 0.1287 0.1287 0.1186 0.1191 0.1078 0.1278 0.1217 0.1206 0.1194 0.1241 0.1204 0.118 0.1179 0.1142 0.1206 0.107 0.1131 0.1602 0.1064 0.1206 0.1274 0.1212 0.154 0.116 0.1172 0.0969 0.1248 0.102 0.106 0.0979 0.10585 0.0989 0.082 0.0907 0.097
-9999 -9999 -9999 -9999 -9999 -9999 -9999 -9999 -9999 -9999 -9999 -9999 0.372 0.39 0.439 0.301 0.376 0.434 0.376 0.4006 0.47 0.3807 0.55 0.5798 0.6002 0.1569 0.1565 0.1548 0.1668 0.1208 0.146 0.169 0.173 0.1702 0.129 0.135 0.1582 0.1197 0.1133 0.1229 0.1172 0.1228 0.1285 0.1602 0.1176 0.157 0.131 0.143 0.1256 0.1241 0.1213 0.129 0.143 0.1265 0.163 0.1217 0.1197 0.133 0.1275 0.165 0.1078 0.1207 0.122 0.1179 0.134 0.0989 0.0951 0.096 0.086 0.0989 0.086 0.0899 0.095
-9999 -9999 -9999 -9999 -9999 -9999 -9999 -9999 0.364 0.281 0.356 0.379 0.377 0.374 0.46 0.48 0.343 0.43 0.366 0.421 0.4904 0.4007 0.429 0.5801 0.55 0.34 0.41 0.1618 0.1705 0.1566 0.164 0.135 0.1651 0.1212 0.105 0.1213 0.143 0.1206 0.1168 0.1251 0.157 0.1074 0.1206 0.1188 0.1191 0.1024 0.114 0.128 0.116 0.123 0.1265 0.116 0.1235 0.1211 0.1212 0.117 0.1603 0.1193 0.1138 0.1138 0.0905 0.111 0.1149 0.1133 0.1251 0.114 0.12 0.1245 0.0998 0.1158 0.09855 0.1144 0.111
-9999 -9999 -9999 -9999 -9999 -9999 -9999 0.31 0.309 0.286 0.46 0.426 0.366 0.4 0.425 0.4009 0.436 0.5406 0.5802 0.5404 0.55 0.47 0.45 0.61 0.5191 0.43 0.3993 0.176 0.1668 0.15 0.1598 0.1631 0.1284 0.1285 0.1206 0.1073 0.11915 0.1202 0.1213 0.0984 0.123 0.107 0.1133 0.1074 0.126 0.1206 0.1249 0.143 0.1592 0.1206 0.0933 0.1278 0.1582 0.1278 0.1074 0.1193 0.141 0.1256 0.143 0.134 0.1165 0.1281 0.0905 0.1287 0.1057 0.109 0.1128 0.1257 0.1266 0.1165 0.1073 0.089 0.0908
-9999 -9999 -9999 -9999 -9999 -9999 0.369 0.2739 0.423 0.3992 0.279 0.2616 0.366 0.426 0.43 0.4902 0.5209 0.5204 0.52 0.5091 0.51 0.438 0.53 0.4906 0.4906 0.489 0.3998 0.158 0.129 0.1213 0.1214 0.1592 0.145 0.1168 0.0889 0.1066 0.1248 0.114 0.1141 0.111 0.134 0.1245 0.1142 0.1217 0.1229 0.098 0.0885 0.1186 0.106 0.1206 0.0836 0.1193 0.133 0.12 0.1216 0.1202 0.1262 0.097 0.1239 0.1053 0.1258 0.125 0.096 0.163 0.1165 0.1206 0.0947 0.0951 0.0961 0.1205 0.1229 0.117 0.1264
-9999 -9999 -9999 0.2026 0.166 0.2302 0.253 0.33 0.374 0.285 0.371 0.429 0.366 0.399 0.37 0.399 0.374 0.4906 0.5093 0.5407 0.4901 0.5805 0.4897 0.519 0.3807 0.43 0.48 0.1599 0.1703 0.3196 0.1643 0.133 0.1149 0.1223 0.0965 0.134 0.1109 0.0989 0.098 0.1266 0.11 0.1167 0.11 0.1251 0.1264 0.1045 0.1069 0.0947 0.0989 0.0947 0.0947 0.1064 0.097 0.154 0.1269 0.128 0.119 0.1247 0.111 0.122 0.1235 0.1173 0.1268 0.136 0.1228 0.097 0.1064 0.116 0.105 0.1281 0.0885 0.134 0.105
-9999 -9999 -9999 -9999 -9999 0.2723 0.33 0.33 0.314 0.353 0.4 0.491 0.348 0.427 0.372 0.3792 0.49 0.3995 0.4892 0.5101 0.57 0.432 0.366 0.43 0.3993 0.45 0.44 0.4001 0.162 0.149 0.155 0.1582 0.111 0.1162 0.1069 0.1064 0.1142 0.106 0.091 0.109 0.0979 0.091 0.0965 0.101 0.1218 0.10585 0.099 0.125 0.1025 0.1039 0.1162 0.136 0.146 0.1278 0.1074 0.1066 0.1148 0.1251 0.1066 0.105 0.123 0.1197 0.12 0.1167 0.114 0.1592 0.1064 0.1179 0.1168 0.1221 0.1053 0.118 0.134
-9999 -9999 -9999 -9999 -9999 -9999 0.2721 0.3 0.2727 0.2721 0.286 0.4 0.4892 0.5101 0.378 0.55 0.3994 0.5209 0.52 0.519 0.34 0.4892 0.48 0.34 0.372 0.354 0.3999 0.374 0.316 0.32 0.097 0.1149 0.11915 0.1069 0.1168 0.1069 0.0889 0.1202 0.08 0.0952 0.1139 0.1165 0.1203 0.109 0.11 0.1169 0.0905 0.1109 0.1144 0.0985 0.106 0.118 0.1252 0.1053 0.1163 0.1201 0.1129 0.1263 0.097 0.1109 0.098 0.0973 0.1179 0.116 0.13 0.116 0.1228 0.1069 0.1069 0.1069 0.1211 0.1074 0.118125
-9999 -9999 -9999 -9999 -9999 -9999 0.2739 0.355 0.286 0.374 0.376 0.365 0.352 0.2727 0.49 0.4898 0.366 0.366 0.436 0.55 0.421 0.4906 0.377 0.353 0.358 0.379 0.345 0.3198 0.345 0.1592 0.1203 0.1168 0.1147 0.107 0.1179 0.1179 0.1166 0.1162 0.1168 0.1067 0.0926 0.1201 0.0978 0.0913 0.107 0.0892 0.1242 0.0946 0.093 0.0923 0.1054 0.123 0.122 0.121 0.1066 0.1142 0.1174 0.1064 0.1281 0.1074 0.1123 0.1214 0.1274 0.1275 0.11525 0.1172 0.129 0.1278 0.1235 0.1602 0.107 0.107 0.0966
-9999 -9999 -9999 -9999 -9999 0.2604 0.2722 0.365 0.286 0.355 0.4 0.3998 0.374 0.372 0.376 0.5406 0.49 0.491 0.5098 0.4904 0.3298 0.36 0.4001 0.2721 0.353 0.377 0.303 0.2755 0.2723 0.1176 0.1202 0.1054 0.2602 0.1109 0.1179 0.107 0.09595 0.1162 0.1067 0.1187 0.1105 0.11 0.0946 0.09445 0.0833 0.0918 0.0897 0.099 0.0926 0.0854 0.0885 0.105 0.0969 0.1162 0.0954 0.1054 0.1216 0.1165 0.1223 0.1287 0.1104 0.0983 0.1066 0.1066 0.1176 0.1217 0.1285 0.114 0.1274 0.1215 0.097 0.1172 0.106
-9999 -9999 -9999 -9999 -9999 -9999 -9999 0.2604 0.2721 0.279 0.301 0.32 0.4001 0.4 0.425 0.367 0.34 0.34 0.519 0.3193 0.28 0.2205 0.3297 0.286 0.2728 0.3293 0.19 0.257 0.2299 0.0975 0.1069 0.088 0.2302 0.1754 0.1755 0.08 0.0973 0.127 0.1 0.102 0.0928 0.0928 0.0889 0.1218 0.1187 0.108 0.1218 0.094 0.1187 0.0908 0.0776 0.0935 0.11 0.0973 0.0885 0.134 0.11915 0.1066 0.1235 0.1201 0.1144 0.0836 0.0969 0.1211 0.118 0.154 0.1247 0.1278 0.1231 0.1071 0.1275 0.165 0.1133
-9999 -9999 -9999 -9999 -9999 -9999 -9999 0.276 0.229 0.2728 0.3175 0.3201 0.2598 0.365 0.353 0.426 0.489 0.4904 0.376 0.352 0.2196 0.24 0.2809 0.2305 0.2008 0.274 0.1606 0.23 0.2291 0.1764 0.0966 0.1246 0.2607 0.2295 0.1237 0.0904 0.0907 0.0907 0.079 0.1072 0.0837 0.0895 0.092 0.1095 0.0985 0.0908 0.0886 0.0768 0.0971 0.083 0.0906 0.0979 0.102 0.0766 0.0972 0.116 0.1053 0.1066 0.107 0.095 0.0834 0.0838 0.0967 0.0906 0.1163 0.1066 0.134 0.1176 0.1078 0.1071 0.1275 0.1258 0.1582
-9999 -9999 -9999 -9999 -9999 -9999 -9999 0.276 0.231 0.2196 0.274 0.274 0.3201 0.3199 0.314 0.47 0.4904 0.4001 0.2739 0.3206 0.273 0.2599 0.1806 0.235 0.134 0.1812 0.1642 0.172 0.164 0.159 0.1766 0.1324 0.1752 0.1766 0.1542 0.1201 0.11 0.0867 0.0848 0.101 0.094 0.0916 0.0865 0.0842 0.1 0.0857 0.0791 0.0825 0.069 0.1021 0.0973 0.1045 0.09595 0.092 0.1178 0.1179 0.1149 0.11915 0.1057 0.0906 0.0844 0.1187 0.0951 0.106 0.1172 0.1149 0.1078 0.158 0.1598 0.1071 0.1651 0.1284 0.137
-9999 -9999 -9999 -9999 -9999 -9999 -9999 0.2723 0.253 0.2604 0.2722 0.29 0.2615 0.2725 0.356 0.4 0.354 0.309 0.353 0.2608 0.308 0.2301 0.19 0.1812 0.235 0.1367 0.168 0.1542 0.1659 0.23 0.1532 0.19 0.144 0.153 0.1544 0.1752 0.1257 0.1187 0.1319 0.1595 0.138 0.0996 0.0844 0.0924 0.0858 0.101 0.062 0.058 0.079 0.0971 0.082 0.0993 0.1242 0.1142 0.11 0.1266 0.0854 0.0935 0.0824 0.102 0.0852 0.0918 0.0906 0.0885 0.135 0.1172 0.1229 0.1179 0.1188 0.154 0.1216 0.1219 0.0997
-9999 -9999 -9999 -9999 -9999 -9999 -9999 0.342 0.2197 0.1999 0.272 0.303 0.3206 0.273 0.352 0.3196 0.3298 0.252 0.259 0.2606 0.2195 0.1756 0.1311 0.208 0.1731 0.1605 0.139 0.1234 0.2073 0.176 0.1592 0.1246 0.145 0.172 0.1325 0.1533 0.16 0.1363 0.144 0.145 0.149 0.135 0.1411 0.1006 0.131 0.0977 0.1271 0.13145 0.102 0.094 0.087 0.0972 0.1187 0.0885 0.1242 0.0862 0.0948 0.0949 0.0885 0.0949 0.0885 0.0858 0.0978 0.11 0.096 0.1162 0.1279 0.11915 0.097 0.1171 0.1179 0.116 0.1189
-9999 -9999 -9999 -9999 -9999 -9999 0.2299 0.2726 0.2594 0.16 0.1757 0.305 0.2727 0.279 0.355 0.3298 0.2198 0.2208 0.2291 0.2595 0.2293 0.234 0.26 0.2208 0.143 0.1175 0.14 0.175 0.1813 0.1409 0.1393 0.129 0.1359 0.1656 0.1323 0.13145 0.1358 0.1283 0.169 0.1333 0.1593 0.115 0.114 0.1317 0.154 0.1763 0.105 0.108 0.0801 0.0795 0.0898 0.0974 0.086 0.156 0.071 0.1 0.1201 0.0883 0.0865 0.0912 0.0876 0.0837 0.0867 0.0966 0.1062 0.104 0.1209 0.1064 0.1168 0.1218 0.107 0.097 0.1163
-9999 -9999 -9999 -9999 -9999 -9999 0.2301 0.2731 0.2604 0.273 0.273 0.2609 0.304 0.285 0.2615 0.26 0.1993 0.2308 0.2292 0.2595 0.2738 0.2198 0.26 0.1608 0.1597 0.105 0.1395 0.1355 0.1496 0.1491 0.126 0.138 0.1429 0.1246 0.1359 0.1319 0.1353 0.153 0.1532 0.131 0.139 0.121 0.1355 0.1314 0.1359 0.1323 0.121 0.1 0.1609 0.131 0.1303 0.1368 0.1363 0.1318 0.0829 0.0854 0.0836 0.0877 0.0887 0.0773 0.0795 0.0854 0.0935 0.1218 0.0836 0.11 0.0905 0.0905 0.0975 0.111 0.1244 0.096 0.105
-9999 -9999 -9999 -9999 -9999 -9999 0.162 0.2299 0.2291 0.2309 0.2595 0.2601 0.2298 0.2783 0.28 0.2206 0.1812 0.271 0.2304 0.275 0.2305 0.215 0.1735 0.184 0.135 0.115 0.14 0.136 0.113 0.123 0.1139 0.118 0.1315 0.1367 0.1549 0.1766 0.164 0.1273 0.1768 0.1544 0.141 0.137 0.105 0.1245 0.1359 0.13 0.1355 0.1245 0.127 0.14 0.13 0.1315 0.1318 0.13 0.1303 0.0949 0.0854 0.0895 0.071 0.0791 0.0907 0.0984 0.0854 0.0899 0.1255 0.1256 0.1281 0.1069 0.132 0.132 0.1203 0.0982 0.0933
-9999 -9999 -9999 -9999 -9999 0.1757 0.1757 0.2299 0.2305 0.2732 0.2731 0.2594 0.276 0.2755 0.2196 0.253 0.2591 0.2612 0.2305 0.2293 0.1234 0.1798 0.16 0.133 0.132 0.1275 0.12 0.1207 0.121 0.124 0.1392 0.132 0.1542 0.157 0.1248 0.155 0.1366 0.1314 0.1355 0.1426 0.1175 0.1278 0.1231 0.136 0.1331 0.154 0.1289 0.1359 0.178 0.1335 0.132 0.1353 0.112 0.1423 0.1609 0.0988 0.0885 0.0879 0.086 0.0908 0.1055 0.0906 0.09775 0.1105 0.1206 0.0982 0.1205 0.0975 0.12 0.1205 0.1142 0.108 0.1045
-9999 -9999 -9999 -9999 0.1625 0.177 0.2302 0.2301 0.2305 0.26 0.2302 0.2728 0.24535 0.2794 0.3197 0.352 0.2612 0.166 0.2291 0.1369 0.1367 0.141 0.135 0.137 0.118 0.13 0.07 0.0807 0.11 0.12 0.128 0.1392 0.13 0.1318 0.167 0.1273 0.139 0.1591 0.137 0.1331 0.157 0.121 0.1271 0.1332 0.124 0.1364 0.1646 0.1358 0.146 0.132 0.1314 0.124 0.1362 0.11 0.1178 0.1594 0.18 0.1332 0.0787 0.0763 0.0971 0.0936 0.093 0.11 0.0984 0.106 0.0905 0.1054 0.1067 0.1169 0.0968 0.1658 0.21
-9999 -9999 -9999 -9999 0.1369 0.1641 0.1649 0.1645 0.2305 0.2604 0.24535 0.271 0.272 0.2603 0.2728 0.2612 0.2292 0.229 0.2304 0.174 0.1804 0.1508 0.1496 0.145 0.142 0.1207 0.045 0.05 0.0806 0.1003 0.106 0.12 0.14 0.1274 0.1338 0.132 0.1314 0.105 0.128 0.122 0.1281 0.122 0.122 0.1321 0.1248 0.1332 0.126 0.124 0.1597 0.1314 0.1308 0.121 0.1 0.115 0.111 0.1593 0.1333 0.1359 0.1248 0.0787 0.0775 0.0939 0.0973 0.0952 0.1 0.0966 0.098 0.109 0.118 0.1536 0.1641 0.16 0.15
-9999 -9999 0.19 0.1649 0.17 0.1246 0.2305 0.26 0.2308 0.2734 0.24535 0.2722 0.253 0.2005 0.358 0.2601 0.2607 0.1993 0.2304 0.2002 0.1368 0.139 0.148 0.161 0.1175 0.148 0.0998 0.1132 0.12 0.13 0.1391 0.14 0.1275 0.18 0.139 0.2001 0.1315 0.1332 0.1545 0.1364 0.2304 0.2293 0.1367 0.1321 0.1285 0.1321 0.139 0.1593 0.1762 0.131 0.137 0.119 0.121 0.12 0.09115 0.1363 0.14 0.1248 0.1359 0.0763 0.112 0.1367 0.15 0.079 0.113 0.102 0.19 0.2296 0.2738 0.26 0.1592 0.1608 0.138
-9999 0.1541 0.1652 0.16 0.178 0.1608 0.134 0.1995 0.2001 0.246 0.1757 0.2196 0.2198 0.2198 0.2292 0.1757 0.23 0.1651 0.2607 0.1993 0.145 0.135 0.1594 0.153 0.1405 0.127 0.117 0.1398 0.1393 0.168 0.1729 0.13 0.1594 0.1993 0.1644 0.23 0.1543 0.1359 0.21 0.131 0.1366 0.1335 0.1653 0.1647 0.1289 0.1646 0.1532 0.1642 0.1326 0.1359 0.1301 0.1363 0.129 0.1311 0.1592 0.132 0.1355 0.1321 0.158 0.1367 0.1289 0.1369 0.1368 0.132 0.1764 0.1359 0.1321 0.1659 0.16 0.1335 0.21 0.1765 0.134
-9999 0.1653 0.15 0.174 0.1306 0.16 0.257 0.2604 0.2723 0.2292 0.2198 0.29 0.27 0.22 0.254 0.276 0.26 0.1754 0.1752 0.1757 0.1653 0.1313 0.129 0.1607 0.1996 0.1363 0.1425 0.174 0.165 0.174 0.21 0.1805 0.1728 0.134 0.1644 0.1765 0.1658 0.1599 0.1362 0.1271 0.1369 0.154 0.16545 0.1248 0.1531 0.1752 0.1641 0.1642 0.1366 0.1303 0.143 0.1354 0.1414 0.149 0.1594 0.15 0.138 0.1539 0.1547 0.1646 0.1602 0.1286 0.1271 0.1237 0.19 0.2 0.1359 0.1765 0.173 0.179 0.26 0.1606 0.16
-9999 0.1651 0.1337 0.139 0.1752 0.1994 0.21 0.306 0.364 0.2593 0.33 0.32 0.255 0.164 0.1993 0.166 0.1751 0.19 0.172 0.1543 0.1531 0.1353 0.144 0.1813 0.1303 0.1248 0.174 0.2296 0.16 0.1812 0.1999 0.134 0.2195 0.1793 0.17 0.164 0.1649 0.1234 0.1303 0.1365 0.138 0.1366 0.1653 0.1546 0.1755 0.1753 0.2296 0.131 0.141 0.143 0.114 0.124 0.115 0.132 0.1599 0.1427 0.1406 0.1397 0.1609 -9999 -9999 -9999 -9999 -9999 -9999 -9999 -9999 -9999 -9999 -9999 -9999 -9999 -9999
-9999 0.1547 0.1238 0.1758 0.1756 0.173 0.2002 0.2602 0.2302 0.27 0.277 0.2728 0.276 0.2732 0.2301 0.2301 0.1649 0.176 0.1248 0.1289 0.178 0.1359 0.146 0.1303 0.161 0.1335 0.16 0.2306 0.1354 0.1769 0.1649 0.2209 0.2801 0.19 0.2195 0.1367 0.1313 0.18 0.1315 0.1593 0.1357 0.1326 0.1767 0.1546 0.18 0.1754 0.15 0.132 0.1593 0.132 0.1593 0.1604 0.1368 0.1356 0.1311 0.1805 0.1392 0.1418 0.1306 -9999 -9999 -9999 -9999 -9999 -9999 -9999 -9999 -9999 -9999 -9999 -9999 -9999 -9999
-9999 -9999 0.154 0.1273 0.1766 0.16545 0.1645 0.1649 0.2299 0.2303 0.2292 0.2294 0.26 0.26 0.26 0.2009 0.23 0.19 0.1541 0.138 0.146 0.1592 0.11 0.1353 0.1659 0.16 0.1649 0.16 0.2295 0.2301 0.235 0.2207 0.2191 0.2003 0.235 0.1993 0.1311 0.16 0.173 0.1366 0.1765 0.1765 0.2306 0.1359 0.1359 0.2301 0.1335 0.174 0.1337 0.105 0.118 0.1647 0.1335 0.1549 0.1603 0.1993 0.1425 0.135 -9999 -9999 -9999 -9999 -9999 -9999 -9999 -9999 -9999 -9999 -9999 -9999 -9999 -9999 -9999
-9999 -9999 0.138 0.163 0.1541 0.1323 0.174 0.21 0.23 0.26 0.273 0.2607 0.235 0.21 0.2196 0.2291 0.176 0.1755 0.1765 0.1804 0.1355 0.1307 0.1354 0.135 0.23 0.23 0.1993 0.22 0.2591 0.23 0.2202 0.208 0.277 0.1994 0.1752 0.235 0.2004 0.1759 0.154 0.1544 0.1764 0.165 0.2291 0.1654 0.1994 0.1645 0.1659 0.2305 0.21 0.122 0.18285 0.1366 0.2306 0.173 0.17 0.2195 0.276 0.1995 -9999 -9999 -9999 -9999 -9999 -9999 -9999 -9999 -9999 -9999 -9999 -9999 -9999 -9999 -9999
-9999 -9999 0.1235 0.1279 0.1646 0.1324 0.1763 0.1641 0.26 0.26 0.2602 0.2602 0.135 0.1314 0.1757 0.1759 0.1769 0.1813 0.1766 0.1273 0.1278 0.1319 0.1763 0.15 0.19 0.1755 0.16 0.23 0.2603 0.276 0.2591 0.246 0.219 0.239 0.234 0.2 0.1592 0.16 0.1282 0.153 0.23 0.2201 0.2085 0.1994 0.2008 0.2006 0.274 0.252 0.2602 0.1273 0.1754 0.139 0.1354 0.1644 0.1357 0.2003 0.2302 0.2304 -9999 -9999 -9999 -9999 -9999 -9999 -9999 -9999 -9999 -9999 -9999 -9999 -9999 -9999 -9999
-9999 0.1339 0.1231 0.157 0.1332 0.1363 0.131 0.1234 0.26 0.2304 0.23 0.2301 0.1765 0.1354 0.1763 0.1367 0.13 0.1422 0.1286 0.13145 0.1303 0.15 0.1234 0.1754 0.2291 0.2001 0.201 0.2003 0.258 0.257 0.259 0.236 0.2197 0.253 0.253 0.1999 0.139 0.1763 0.15 0.134 0.2006 0.1806 0.1804 0.2002 0.134 0.2195 0.253 0.26 0.2291 0.176 0.1234 0.165 0.1759 0.1751 0.1649 0.1649 0.2606 -9999 -9999 -9999 -9999 -9999 -9999 -9999 -9999 -9999 -9999 -9999 -9999 -9999 -9999 -9999 -9999
-9999 0.081 0.089 0.077 0.121 0.154 0.163 0.1357 0.135 0.2306 0.1246 0.1659 0.1653 0.138 0.146 0.1408 0.139 0.12 0.1362 0.1314 0.138 0.17 0.1644 0.1752 0.1993 0.1994 0.2194 0.2194 0.2192 0.2009 0.253 0.2206 0.2309 0.2208 0.1994 0.15 0.1594 0.1642 0.1995 0.204 0.2207 0.2 0.208 0.1795 0.245 0.2198 0.2207 0.2302 0.2299 0.2294 0.2294 0.2604 0.368 0.2309 0.2298 0.2292 0.1757 -9999 -9999 -9999 -9999 -9999 -9999 -9999 -9999 -9999 -9999 -9999 -9999 -9999 -9999 -9999 -9999
-9999 0.11 0.108 0.061 0.121 0.1231 0.1319 0.115 0.138 0.13 0.1242 0.1531 0.1325 0.147 0.1813 0.115 0.1 0.12 0.1429 0.1813 0.1365 0.1412 0.16 0.134 0.235 0.219 0.2003 0.2083 0.283 0.2786 0.2207 0.26 0.2726 0.2602 0.2 0.2002 0.2306 0.1606 0.21 0.26 0.2291 0.26 0.1649 0.2301 0.283 0.2722 0.349 0.364 0.304 0.2603 0.2005 0.2307 0.352 0.285 0.3299 0.2301 -9999 -9999 -9999 -9999 -9999 -9999 -9999 -9999 -9999 -9999 -9999 -9999 -9999 -9999 -9999 -9999 -9999
