GIS/bfa_beta.asc
ncols         173
nrows         126
xllcorner     224227.65281
yllcorner     1039207.04677
cellsize      5000
NODATA_value  -9999
[rows 66 to 98 of 126, columns 73 to 145 of 173]
0.0891 0.1035 0.0844 0.0752 0.0801 0.0766 0.0763 0.0711 0.0713 0.0694 0.07 0.074 0.0694 0.0617 0.0729 0.0542 0.0646 0.0634 0.0633 0.0663 0.0904 0.0793 0.0776 0.079 0.0895 0.079 0.0663 0.0849 0.0848 0.08245 0.0793 0.0946 0.0923 0.0905 0.1036 0.0881 0.075 0.0881 0.0832 0.105 0.102 0.0907 0.1143 0.1212 0.11945 0.1257 0.1108 0.126 0.155 0.169 0.1703 0.1703 0.159 0.151 0.156 0.1597 0.164 0.18 0.1709 0.1283 0.205 0.195 0.1677 0.1665 0.1594 0.1653 0.1282 0.1644 0.1658 0.1608 0.1214 0.1258 0.12315
0.0989 0.0989 0.0905 0.0768 0.0722 0.0829 0.0881 0.0712 0.0886 0.0959 0.073 0.0769 0.0674 0.0694 0.0653 0.0809 0.0803 0.069 0.071 0.071 0.081 0.079 0.0653 0.0767 0.0963 0.0765 0.0761 0.092 0.085 0.0833 0.078 0.096 0.0896 0.082 0.0896 0.0936 0.102 0.0854 0.087 0.0943 0.1022 0.102 0.114 0.1267 0.128 0.157 0.1146 0.1583 0.1599 0.2026 0.1222 0.15 0.1694 0.1664 0.1546 0.2 0.1103 0.1615 0.218 0.2204 0.1921 0.176 0.1702 0.1608 0.1638 0.139 0.1605 0.1283 0.2012 0.176 0.168 0.178 0.1274
0.11 0.1134 0.111 0.0977 0.072 0.1237 0.0833 0.0851 0.0959 0.0886 0.0782 0.0645 0.0566 0.0719 0.0744 0.0687 0.0775 0.076 0.091 0.072 0.0841 0.0984 0.0993 0.1162 0.0959 0.07783333 0.0711 0.0827 0.0896 0.0829 0.0839 0.0876 0.0795 0.095 0.099 0.102 0.1095 0.0946 0.073 0.0852 0.107 0.1145 0.1264 0.0977 0.121 0.13 0.1197 0.145 0.162 0.1636 0.2021 0.2021 0.1233 0.1895 0.1818 0.1827 0.182 0.1823 0.2153 0.18705 0.1938 0.1653 0.1666 0.176 0.169 0.1647 0.1636 0.2156 0.1643 0.1071 0.1636 0.14 0.1638
0.0863 0.106 0.108 0.088 0.0899 0.0906 0.1055 0.0883 0.0831 0.0762 0.0959 0.07675 0.058 0.0722 0.0763 0.0554 0.0715 0.0904 0.0768 0.0816 0.0752 0.0824 0.0932 0.092 0.1036 0.09 0.0851 0.0816 0.075 0.08 0.0832 0.1158 0.0867 0.0795 0.099 0.0891 0.086 0.1035 0.1095 0.106 0.1105 0.099 0.122 0.1246 0.1082 0.115 0.1269 0.138 0.2021 0.1636 0.2026 0.2026 0.1895 0.1824 0.192 0.131 0.216 0.223 0.20315 0.1594 0.196 0.1897 0.1672 0.1657 0.1648 0.1638 0.15 0.1636 0.1233 0.18705 0.1648 0.1643 0.1651
0.0827 0.0947 0.104 0.091 0.0951 0.1245 0.0925 0.1187 0.0833 0.0971 0.086 0.0771 0.0625 0.0746 0.0653 0.087 0.0901 0.0886 0.0884 0.0722 0.0912 0.0824 0.0804 0.0897 0.096 0.0884 0.0671 0.084 0.0666 0.09 0.0899 0.095 0.116 0.0908 0.0946 0.1009 0.101 0.089 0.0854 0.094 0.1248 0.0921 0.1206 0.1142 0.1191 0.134 0.137 0.124 0.1643 0.1632 0.18705 0.18705 0.2179 0.1823 0.1892 0.1635 0.194 0.2024 0.2164 0.2025 0.2167 0.2161 0.1597 0.174 0.1227 0.1231 0.1258 0.1645 0.169 0.14 0.1608 0.1608 0.15
0.0899 0.09225 0.109 0.0899 0.1205 0.1245 0.0908 0.0993 0.0725 0.0949 0.0977 0.0879 0.0765 0.0776 0.0771 0.07783333 0.0971 0.0827 0.0797 0.0975 0.084 0.0825 0.0853 0.0843 0.0825 0.105 0.0918 0.085 0.08536667 0.083 0.0899 0.0907 0.0887 0.0887 0.099 0.095 0.102 0.0898 0.0891 0.095 0.1122 0.1195 0.1255 0.1197 0.14 0.1308 0.1427 0.1143 0.1608 0.138 0.137 0.137 0.2161 0.196 0.2161 0.1895 0.17745 0.1704 0.2179 0.17745 0.175 0.191 0.2161 0.1638 0.2161 0.194 0.224 0.1283 0.192 0.2012 0.1632 0.1656 0.1233
0.1203 0.134 0.089 0.076 0.1167 0.0954 0.0902 0.0948 0.0922 0.0902 0.08785 0.0829 0.0711 0.0869 0.0572 0.0661 0.0763 0.0882 0.0884 0.0875 0.07553333 0.0825 0.071 0.0818 0.0857 0.0881 0.09 0.0766 0.0766 0.092 0.0908 0.086 0.0915 0.0869 0.0907 0.085 0.087 0.076 0.0861 0.089 0.107 0.118 0.125 0.14 0.1153 0.143 0.151 0.137 0.1665 0.1632 0.162 0.1822 0.1895 0.1283 0.2165 0.2161 0.2204 0.1814 0.179 0.1649 0.2161 0.195 0.182 0.1653 0.1634 0.1609 0.2179 0.209 0.2161 0.1895 0.174 0.1282 0.1608
0.1132 0.0885 0.1057 0.1174 0.0972 0.108 0.0854 0.134 0.0925 0.0901 0.0765 0.0771 0.078 0.0772 0.0661 0.0781 0.0653 0.0782 0.0715 0.0767 0.0761 0.0904 0.0857 0.07783333 0.0835 0.071 0.0881 0.073 0.0712 0.0929 0.0617 0.0733 0.0912 0.0829 0.0852 0.0642 0.0602 0.0717 0.0816 0.079 0.0918 0.116 0.113 0.1191 0.132 0.1593 0.1582 0.144 0.146 0.132 0.173 0.173 0.1822 0.18705 0.1895 0.2168 0.224 0.2 0.16 0.2165 0.2165 0.157 0.162 0.2024 0.183 0.20315 0.187 0.1633 0.192 0.183 0.1638 0.1638 0.1233
0.1203 0.0951 0.0965 0.1257 0.0973 0.1165 0.1201 0.134 0.0947 0.108 0.0898 0.079 0.0915 0.0901 0.0972 0.1201 0.0788 0.09 0.0563 0.0632 0.0812 0.08055 0.0913 0.0827 0.084 0.0825 0.0713 0.08035 0.0977 0.0876 0.0502 0.0618 0.0849 0.0817 0.0819 0.076 0.0825 0.071 0.084 0.0995 0.0947 0.1248 0.0836 0.102 0.121 0.1234 0.1071 0.15755 0.132 0.142 0.148 0.156 0.1598 0.1654 0.182 0.17465 0.1658 0.1657 0.1602 0.1922 0.1222 0.1645 0.1649 0.2179 0.20685 0.2167 0.2167 0.182 0.161 0.2165 0.2165 0.1657 0.166
0.0885 0.1109 0.0885 0.134 0.0937 0.127 0.106 0.105 0.1206 0.0933 0.0937 0.0936 0.0937 0.127 0.1201 0.0972 0.108 0.0977 0.0585 0.0769 0.0881 0.0832 0.0908 0.0856 0.079 0.0679 0.0912 0.0828 0.101 0.0575 0.0577 0.0723 0.0832 0.0754 0.09 0.075 0.0663 0.0673 0.0816 0.086 0.0935 0.1245 0.1109 0.134 0.1076 0.135 0.13 0.1247 0.1668 0.144 0.1579 0.1555 0.164 0.1233 0.1674 0.1804667 0.1662 0.1657 0.182 0.1275 0.1643 0.223 0.1609 0.2167 0.223 0.195 0.20685 0.223 0.2161 0.177 0.157 0.1632 0.139
0.0947 0.11125 0.0965 0.106 0.1216 0.1053 0.1162 0.11915 0.1192 0.0933 0.1187 0.0767 0.1237 0.0975 0.0967 0.1169 0.1281 0.1143 0.1201 0.0782 0.0677 0.0725 0.0891 0.0816 0.065 0.0857 0.0865 0.0791 0.0863 0.0614 0.0641 0.0568 0.0625 0.0782 0.062 0.073 0.0886 0.084 0.0917 0.0814 0.0776 0.0889 0.0901 0.1212 0.1203 0.0975 0.1244 0.125 0.15265 0.1489 0.1563 0.1563 0.1595 0.17315 0.1822 0.1896 0.1657 0.1657 0.169 0.1215 0.2161 0.214 0.2024 0.195 0.207 0.2168 0.1609 0.175 0.183 0.1655 0.1657 0.1638 0.139
0.1122 0.1168 0.1076 0.124 0.141 0.1188 0.124 0.1138 0.1256 0.098 0.116 0.0836 0.1239 0.0965 0.0885 0.096 0.0976 0.0954 0.0966 0.0959 0.08245 0.0676 0.064 0.0901 0.0835 0.093 0.0902 0.0879 0.0886 0.0637 0.0516 0.0606 0.0726 0.081 0.075 0.0646 0.072 0.0765 0.0767 0.071 0.0918 0.102 0.091 0.1255 0.096 0.1218 0.1202 0.1146 0.125 0.1547 0.1541 0.1702 0.164 0.1668 0.1583 0.1691 0.1137 0.1635 0.2166 0.158 0.2165 0.192 0.1645 0.2161 0.2019 0.187 0.2151 0.172 0.194 0.1283 0.1895 0.1648 0.2026
0.12325 0.1168 0.116 0.141 0.1188 0.137 0.133 0.1195 0.129 0.096 0.0836 0.0965 0.09255 0.127 0.1174 0.1174 0.0885 0.101 0.0901 0.074 0.0782 0.076 0.0754 0.0678 0.0916 0.0865 0.09 0.071 0.0898 0.0783 0.06 0.0578 0.041 0.0555 0.0504 0.0551 0.064 0.0607 0.0821 0.0848 0.0988 0.091 0.0984 0.096 0.0885 0.11915 0.0989 0.1193 0.1142 0.1143 0.1489 0.156 0.139 0.162 0.126 0.1631 0.159 0.2012 0.215 0.1138 0.1657 0.1895 0.1594 0.175 0.169 0.1604 0.2179 0.17745 0.161 0.2012 0.1644 0.15 0.1654
0.0977 0.1229 0.1602 0.1602 0.123 0.1234 0.1268 0.133 0.1141 0.0946 0.1243 0.1149 0.134 0.1165 0.093 0.079 0.0899 0.0967 0.088 0.1055 0.0769 0.0915 0.079 0.0898 0.1061 0.0959 0.0764 0.0975 0.0745 0.0766 0.0563 0.049 0.0469 0.045 0.049 0.04105 0.0438 0.0606 0.0687 0.07 0.0842 0.0718 0.0923 0.0969 0.1143 0.129 0.0966 0.121 0.133 0.128 0.1261 0.1261 0.1601 0.1657 0.179 0.192 0.169 0.1654 0.157 0.1598 0.186 0.2027 0.1645 0.1137 0.2166 0.2165 0.1283 0.17745 0.18705 0.1653 0.1895 0.1658 0.159
0.1254 0.119 0.1176 0.1176 0.1274 0.1631 0.132 0.138 0.1267 0.1219 0.11915 0.0965 0.125 0.1132 0.0908 0.1547 0.1338 0.152 0.1758 0.09595 0.086 0.0744 0.0764 0.085 0.087 0.0763 0.077 0.0554 0.0761 0.0666 0.0664 0.0549 0.047 0.053 0.0463 0.044 0.0462 0.055 0.0832 0.0643 0.0795 0.0801 0.119 0.1226 0.1239 0.1162 0.1168 0.1195 0.1153 0.1622 0.1268 0.1268 0.1636 0.18705 0.137 0.1233 0.1636 0.1071 0.1644 0.1282 0.1071 0.1648 0.1649 0.215 0.177 0.18705 0.2012 0.182 0.1657 0.2161 0.2024 0.2165 0.139
0.1186 0.1172 0.1172 0.12475 0.164 0.1071 0.1595 0.0977 0.1255 0.121 0.111 0.1172 0.0951 0.0973 0.1755 0.18 0.1658 0.1642 0.1532 0.1545 0.1061 0.0903 0.0777 0.0896 0.0955 0.0765 0.0971 0.0761 0.0653 0.079 0.062 0.0611 0.0509 0.0594 0.05595 0.052 0.0526 0.055 0.0694 0.0888 0.0795 0.075 0.102 0.1203 0.1165 0.0966 0.1162 0.128 0.1563 0.1191 0.141 0.1206 0.165 0.1638 0.1648 0.138 0.1212 0.1275 0.1284 0.174 0.12315 0.178 0.137 0.137 0.1895 0.1657 0.179 0.1895 0.1895 0.1644 0.186 0.1137 0.159
0.131 0.105 0.1176 0.1274 0.164 0.1651 0.117 0.253 0.131 0.125 0.1165 0.2291 0.171 0.1592 0.1766 0.1353 0.169 0.1531 0.1544 0.1546 0.1234 0.072 0.0776 0.058 0.069 0.0959 0.1061 0.074 0.0783 0.07055 0.0567 0.0603 0.0611 0.05875 0.0588 0.0572 0.0524 0.0565 0.069 0.0829 0.0678 0.0767 0.0974 0.0786 0.1169 0.0976 0.088 0.0836 0.131 0.125 0.143 0.158 0.164 0.186 0.2015 0.162 0.1654 0.1652 0.1598 0.1231 0.132 0.2021 0.1653 0.1289 0.157 0.1654 0.169 0.186 0.1648 0.1643 0.2021 0.162 0.1639
0.106 0.099 0.1147 0.1278 0.1131 0.1217 0.126 0.1206 0.1206 0.1757 0.1751 0.165 0.16545 0.1234 0.1335 0.164 0.1642 0.1368 0.1319 0.1355 0.1338 0.1534 0.1355 0.1355 0.071 0.0775 0.0782 0.0652 0.0767 0.0577 0.0649 0.0606 0.0541 0.0554 0.0575 0.0627 0.0609 0.06945 0.0764 0.0834 0.0676 0.0831 0.09725 0.1167 0.104 0.09595 0.1266 0.1251 0.1196 0.1256 0.28 0.274 0.123 0.27745 0.374 0.2739 0.285 0.1595 0.1275 0.1191 0.1186 0.128 0.1278 0.1204 0.13 0.2028 0.1601 0.1599 0.178 0.1595 0.1258 0.1138 0.1598
0.0973 0.108 0.0885 0.116 0.2301 0.2302 0.1147 0.2305 0.2607 0.2607 0.2306 0.165 0.16 0.1642 0.1367 0.1289 0.1363 0.1359 0.1318 0.134 0.1331 0.1286 0.1331 0.1546 0.1546 0.0771 0.0566 0.0782 0.0648 0.0582 0.0563 0.0577 0.054 0.0528 0.0541 0.0594 0.0586 0.0596 0.0765 0.0677 0.084 0.0837 0.0883 0.11 0.1169 0.1218 0.0935 0.1116 0.1201 0.241 0.23 0.244 0.307 0.281 0.2721 0.2729 0.352 0.278 0.342 0.2292 0.21 0.2192 0.3198 0.4007 0.2725 0.123 0.374 0.376 0.1599 0.1651 0.1288 0.2021 -9999
0.1167 0.0972 0.089 0.1991 0.2306 0.165 0.2291 0.1644 0.2304 0.1645 0.19 0.1769 0.174 0.131 0.1284 0.1231 0.1363 0.1285 0.135 0.115 0.108 0.1244 0.092 0.1319 0.121 0.077 0.076 0.06 0.0773 0.0631 0.0641 0.0657 0.06 0.0532 0.0534 0.0528 0.052 0.0582 0.0606 0.0672 0.065 0.0663 0.0684 0.075 0.0828 0.0884 0.1004 0.117 0.2187 0.2196 0.2788 0.29 0.23 0.279 0.282 0.2615 0.306 0.2722 0.2609 0.26 0.1246 0.1762 0.1757 0.3299 0.2985 0.2601 0.2608 0.2604 0.351 0.165 0.352 0.2616 0.186
0.21 0.1993 0.235 0.246 0.1999 0.2296 0.2612 0.2308 0.2606 0.2604 0.2608 0.1273 0.1768 0.1359 0.1592 0.1646 0.19 0.1644 0.1362 0.1247 0.087 0.108 0.089 0.098 0.103 0.099 0.101 0.0778 0.0554 0.0502 0.067 0.0578 0.0511 0.0469 0.0448 0.0456 0.066 0.0679 0.0605 0.0599 0.061 0.0769 0.0803 0.0664 0.0604 0.0832 0.16 0.1806 0.219 0.2071 0.23 0.23 0.2085 0.2594 0.231 0.275 0.2723 0.287 0.2734 0.2603 0.1357 0.1768 0.164 0.1655 0.26 0.199 0.2197 0.2606 0.2303 0.375 0.2028 0.424 -9999
0.13 0.2078 0.19 0.245 0.1354 0.1762 0.2304 0.2607 0.27 0.273 0.2302 0.1646 0.15 0.1598 0.1234 0.2 0.2293 0.173 0.1273 0.1653 0.125 0.061 0.062 0.0845 0.061 0.089 0.07 0.068 0.082 0.0704 0.0532 0.0566 0.0548 0.0455 0.0532 0.0452 0.0548 0.0627 0.0694 0.0608 0.0694 0.0514 -9999 -9999 -9999 -9999 0.1794 0.19 0.186 0.2181 0.2187 0.2187 0.253 0.242 0.276 0.2192 0.2291 0.277 0.306 0.312 0.1796 0.1354 0.1283 0.1996 0.134 0.2614 0.2198 0.352 0.273 0.4 0.355 -9999 -9999
0.2002 0.1175 0.185 0.1813 0.1365 0.1767 0.1494 0.146 0.164 0.1653 0.2305 0.276 0.176 0.1649 0.1532 0.127 0.1546 0.1545 0.153 0.1368 0.061 0.061 0.0761 0.0841 0.0847 0.06 0.051 0.051 0.056 0.06 0.0558 0.0546 0.053 0.0704 0.065 0.0543 0.0847 0.08 -9999 -9999 -9999 -9999 -9999 -9999 -9999 -9999 -9999 -9999 -9999 -9999 -9999 0.1991 0.26 0.244 0.283 0.1754 0.2301 0.273 0.273 0.2612 0.245 0.1365 0.132 0.1496 0.1415 0.166 0.352 0.356 0.2612 -9999 0.353 0.352 -9999
0.134 0.139 0.1599 0.1608 0.1641 0.1755 0.1644 0.1765 0.1358 0.1533 0.153 0.2607 0.1649 0.1649 0.137 0.1275 0.1238 0.1359 0.1539 0.129 0.077 0.077 0.077 0.0701 0.056 0.045 0.055 0.052 0.0547 0.053 0.056 0.0543 0.0606 0.07 0.0764 0.063 0.07 0.06 -9999 -9999 -9999 -9999 -9999 -9999 -9999 -9999 -9999 -9999 -9999 -9999 -9999 -9999 -9999 -9999 -9999 -9999 0.166 0.2595 0.312 0.3197 0.2209 0.249 0.2196 0.1595 0.1367 0.304 0.2613 0.301 -9999 -9999 -9999 -9999 -9999
0.1754 0.139 0.1416 0.164 0.131 0.135 0.2306 0.18 0.1762 0.1335 0.1338 0.1765 0.175 -9999 -9999 -9999 -9999 0.121 0.1247 0.0763 0.074 0.077 0.0771 -9999 -9999 0.053 0.0557 0.0546 0.052 -9999 0.051 0.0527 0.0602 0.0617 0.066 0.0538 0.0537 -9999 -9999 -9999 -9999 -9999 -9999 -9999 -9999 -9999 -9999 -9999 -9999 -9999 -9999 -9999 -9999 -9999 -9999 -9999 -9999 -9999 0.1751 0.232 0.2602 -9999 -9999 -9999 -9999 -9999 -9999 -9999 -9999 -9999 -9999 -9999 -9999
-9999 -9999 -9999 -9999 -9999 -9999 -9999 -9999 -9999 -9999 -9999 -9999 -9999 -9999 -9999 -9999 -9999 -9999 -9999 -9999 -9999 -9999 -9999 -9999 -9999 -9999 -9999 -9999 -9999 -9999 -9999 -9999 -9999 0.066 0.0764 -9999 -9999 -9999 -9999 -9999 -9999 -9999 -9999 -9999 -9999 -9999 -9999 -9999 -9999 -9999 -9999 -9999 -9999 -9999 -9999 -9999 -9999 -9999 -9999 -9999 -9999 -9999 -9999 -9999 -9999 -9999 -9999 -9999 -9999 -9999 -9999 -9999 -9999
-9999 -9999 -9999 -9999 -9999 -9999 -9999 -9999 -9999 -9999 -9999 -9999 -9999 -9999 -9999 -9999 -9999 -9999 -9999 -9999 -9999 -9999 -9999 -9999 -9999 -9999 -9999 -9999 -9999 -9999 -9999 -9999 -9999 -9999 0.0606 -9999 -9999 -9999 -9999 -9999 -9999 -9999 -9999 -9999 -9999 -9999 -9999 -9999 -9999 -9999 -9999 -9999 -9999 -9999 -9999 -9999 -9999 -9999 -9999 -9999 -9999 -9999 -9999 -9999 -9999 -9999 -9999 -9999 -9999 -9999 -9999 -9999 -9999
-9999 -9999 -9999 -9999 -9999 -9999 -9999 -9999 -9999 -9999 -9999 -9999 -9999 -9999 -9999 -9999 -9999 -9999 -9999 -9999 -9999 -9999 -9999 -9999 -9999 -9999 -9999 -9999 -9999 -9999 -9999 -9999 -9999 -9999 -9999 -9999 -9999 -9999 -9999 -9999 -9999 -9999 -9999 -9999 -9999 -9999 -9999 -9999 -9999 -9999 -9999 -9999 -9999 -9999 -9999 -9999 -9999 -9999 -9999 -9999 -9999 -9999 -9999 -9999 -9999 -9999 -9999 -9999 -9999 -9999 -9999 -9999 -9999
-9999 -9999 -9999 -9999 -9999 -9999 -9999 -9999 -9999 -9999 -9999 -9999 -9999 -9999 -9999 -9999 -9999 -9999 -9999 -9999 -9999 -9999 -9999 -9999 -9999 -9999 -9999 -9999 -9999 -9999 -9999 -9999 -9999 -9999 -9999 -9999 -9999 -9999 -9999 -9999 -9999 -9999 -9999 -9999 -9999 -9999 -9999 -9999 -9999 -9999 -9999 -9999 -9999 -9999 -9999 -9999 -9999 -9999 -9999 -9999 -9999 -9999 -9999 -9999 -9999 -9999 -9999 -9999 -9999 -9999 -9999 -9999 -9999
-9999 -9999 -9999 -9999 -9999 -9999 -9999 -9999 -9999 -9999 -9999 -9999 -9999 -9999 -9999 -9999 -9999 -9999 -9999 -9999 -9999 -9999 -9999 -9999 -9999 -9999 -9999 -9999 -9999 -9999 -9999 -9999 -9999 -9999 -9999 -9999 -9999 -9999 -9999 -9999 -9999 -9999 -9999 -9999 -9999 -9999 -9999 -9999 -9999 -9999 -9999 -9999 -9999 -9999 -9999 -9999 -9999 -9999 -9999 -9999 -9999 -9999 -9999 -9999 -9999 -9999 -9999 -9999 -9999 -9999 -9999 -9999 -9999
-9999 -9999 -9999 -9999 -9999 -9999 -9999 -9999 -9999 -9999 -9999 -9999 -9999 -9999 -9999 -9999 -9999 -9999 -9999 -9999 -9999 -9999 -9999 -9999 -9999 -9999 -9999 -9999 -9999 -9999 -9999 -9999 -9999 -9999 -9999 -9999 -9999 -9999 -9999 -9999 -9999 -9999 -9999 -9999 -9999 -9999 -9999 -9999 -9999 -9999 -9999 -9999 -9999 -9999 -9999 -9999 -9999 -9999 -9999 -9999 -9999 -9999 -9999 -9999 -9999 -9999 -9999 -9999 -9999 -9999 -9999 -9999 -9999
-9999 -9999 -9999 -9999 -9999 -9999 -9999 -9999 -9999 -9999 -9999 -9999 -9999 -9999 -9999 -9999 -9999 -9999 -9999 -9999 -9999 -9999 -9999 -9999 -9999 -9999 -9999 -9999 -9999 -9999 -9999 -9999 -9999 -9999 -9999 -9999 -9999 -9999 -9999 -9999 -9999 -9999 -9999 -9999 -9999 -9999 -9999 -9999 -9999 -9999 -9999 -9999 -9999 -9999 -9999 -9999 -9999 -9999 -9999 -9999 -9999 -9999 -9999 -9999 -9999 -9999 -9999 -9999 -9999 -9999 -9999 -9999 -9999
-9999 -9999 -9999 -9999 -9999 -9999 -9999 -9999 -9999 -9999 -9999 -9999 -9999 -9999 -9999 -9999 -9999 -9999 -9999 -9999 -9999 -9999 -9999 -9999 -9999 -9999 -9999 -9999 -9999 -9999 -9999 -9999 -9999 -9999 -9999 -9999 -9999 -9999 -9999 -9999 -9999 -9999 -9999 -9999 -9999 -9999 -9999 -9999 -9999 -9999 -9999 -9999 -9999 -9999 -9999 -9999 -9999 -9999 -9999 -9999 -9999 -9999 -9999 -9999 -9999 -9999 -9999 -9999 -9999 -9999 -9999 -9999 -9999
