GIS/bfa_init_pop.asc
ncols         173
nrows         126
xllcorner     224227.65281
yllcorner     1039207.04677
cellsize      5000
NODATA_value  -9999
[rows 78 to 116 of 126, columns 0 to 88 of 173]
-9999 -9999 -9999 -9999 -9999 -9999 -9999 1197 722 792 821 896 679 772 698 702 1028 814 578 595 939 1554 1997 716 1164 1072 1028 850 488 340 266 310 414 602 731 370 376 679 771 713 854 1517 1876 2219 1350 937 1738 1190 950 2654 1442 827 652 326 336 421 430 276 407 1705 2028 1275 749 393 318 304 382 638 461 476 485 494 891 1334 614 677 844 910 1210 1250 1388 2317 2888 1075 692 588 544 540 506
-9999 -9999 -9999 -9999 -9999 -9999 -9999 614 856 906 554 766 890 989 580 660 880 1294 650 874 714 595 1630 1363 1372 1479 742 457 664 356 495 709 487 762 412 376 840 1248 1674 1199 1690 1375 1306 4632 3635 1000 1265 1086 777 1648 1324 838 741 514 386 436 458 462 750 1095 1815 1152 544 270 272 372 364 456 422 492 508 645 1032 1026 650 588 608 728 710 946 1396 1586 1353 938 652 579 634 684 616
-9999 -9999 -9999 -9999 -9999 -9999 -9999 470 922 777 730 975 655 751 789 782 697 614 480 616 557 436 788 1996 1287 940 510 482 480 458 441 483 1007 591 300 424 809 1085 1240 1084 1268 1608 1712 3782 2509 895 708 656 727 1235 2206 1295 1216 780 615 1029 1179 996 1384 1032 1135 1252 575 403 318 320 320 614 806 570 764 818 1630 1014 832 613 641 588 654 1323 1178 983 928 692 577 610 694 934 722
-9999 -9999 -9999 -9999 -9999 -9999 -9999 334 842 1003 1131 498 1098 1175 760 1288 1318 814 471 657 813 772 832 1486 2428 812 492 614 1466 2482 913 497 899 588 380 618 1043 1067 936 834 998 1678 2024 1850 1107 787 676 683 1237 1429 1493 1038 913 780 832 1234 1083 1299 885 966 1617 1055 718 504 441 477 374 452 754 659 586 626 1154 1046 602 513 482 448 533 864 978 1011 862 566 564 701 742 712 560
-9999 -9999 -9999 -9999 -9999 -9999 668 452 418 589 634 523 537 780 627 925 1324 807 454 522 714 970 792 924 2086 1752 966 730 1795 3585 2896 1396 402 404 464 612 668 698 684 736 940 1896 1680 898 532 518 1004 922 991 806 695 773 998 736 930 774 775 1238 951 1172 1180 879 1002 667 668 686 464 406 698 781 600 714 778 996 707 670 479 500 530 688 1004 961 830 466 414 774 938 668 712
-9999 -9999 -9999 -9999 -9999 -9999 654 420 506 537 458 682 482 644 728 4051 5801 558 384 482 557 872 612 840 1169 2035 2390 1010 3786 4105 6253 4730 1618 426 485 841 492 502 500 485 823 1098 753 862 639 626 872 898 815 862 841 834 1027 1154 1335 1294 1212 909 908 1254 942 973 1176 1094 838 724 360 369 628 908 853 760 715 833 897 559 616 667 635 816 940 817 546 510 468 436 623 762 757
-9999 -9999 -9999 -9999 -9999 -9999 744 486 447 493 353 450 467 1534 2361 2712 1487 608 487 474 709 1482 3372 4258 2259 5050 7568 4216 7163 4172 3642 2798 1092 507 569 670 570 646 774 681 1306 1168 966 788 642 556 696 659 688 848 848 888 1108 1450 1008 1075 1259 947 967 1194 1016 904 1162 1580 1019 866 692 502 479 530 747 1010 878 752 896 698 498 502 756 676 439 372 431 354 324 371 434 474 540
-9999 -9999 -9999 -9999 -9999 231 393 710 324 516 414 353 406 949 1035 1018 531 490 561 778 717 2148 4993 6334 5824 6481 27085 21165 6938 5158 3528 768 708 519 517 576 760 1021 1410 1436 1648 743 576 496 430 425 538 552 602 722 839 806 934 1540 1334 1154 1358 1226 440 704 726 283 440 1611 1286 974 636 375 236 384 535 982 1000 771 784 1125 810 784 602 365 318 298 322 282 295 403 492 516 491
-9999 -9999 -9999 -9999 206 342 436 553 292 786 528 660 598 1428 908 536 636 742 399 578 1331 2765 4526 5282 5528 18995 38288 38490 19598 7374 6328 3664 5184 1142 746 750 1014 1164 1101 689 556 452 616 750 456 480 570 710 882 1044 1370 1110 971 1632 1556 1128 942 456 272 272 373 999 468 472 1064 667 350 282 271 225 225 354 746 1118 887 1024 1170 835 491 340 308 293 328 290 388 630 646 1146 762
-9999 -9999 -9999 -9999 384 388 468 266 274 500 494 1226 638 681 492 378 371 428 348 440 1446 4910 4930 7892 10794 16680 29841 24613 12529 9598 5151 2616 1846 532 494 536 802 949 610 452 392 368 436 514 618 664 853 1005 895 839 894 1334 1308 2950 2188 1384 794 562 322 260 332 1015 974 434 241 313 317 335 414 308 470 537 1324 1357 1789 2525 1188 793 792 595 547 386 362 310 401 896 1171 784 596
-9999 -9999 252 536 1153 716 566 520 781 496 156 296 1212 970 605 333 556 844 755 830 1183 4835 4503 2962 4513 7526 9438 3235 2733 2650 3521 2621 715 718 794 914 844 787 768 608 406 390 436 551 598 574 911 827 732 796 987 1460 1323 1474 1098 1312 807 790 436 310 341 931 998 614 210 318 354 301 347 375 1277 958 1002 1215 3839 3672 1569 1085 692 742 1006 538 494 318 288 390 738 614 726
-9999 717 564 1106 644 962 1119 884 1045 995 581 1328 1218 872 450 381 393 502 472 887 955 1666 1340 745 2425 7621 4207 3632 3362 3157 2390 1410 1414 1109 638 582 583 737 740 718 572 456 466 495 471 448 426 586 662 791 1116 1304 1226 1217 887 1350 762 572 422 568 774 863 678 502 314 560 658 464 462 432 353 672 892 869 1387 1354 906 792 562 545 717 689 445 348 296 335 344 338 404
-9999 412 478 494 1137 1144 1027 624 422 228 1236 3252 1796 5370 1092 801 488 353 605 584 683 1010 818 886 1324 1242 2135 3180 2710 2534 1102 1506 2921 1066 602 514 628 843 743 693 958 575 626 597 608 527 434 684 760 1262 1512 1256 1707 1272 948 1249 942 668 454 330 1341 688 305 355 420 392 429 332 254 340 556 881 1162 762 1056 1452 645 630 801 571 454 442 675 493 228 239 -9999 -9999 -9999
-9999 202 371 485 695 1185 1484 510 332 397 1112 1616 1244 3333 1126 624 414 764 765 638 390 564 1211 1632 886 602 592 776 1144 1475 966 1131 1235 1512 1055 735 602 696 989 1047 1167 784 503 461 566 607 645 1253 1164 4547 4092 1414 1527 1040 1117 1669 2486 2802 927 -9999 -9999 -9999 -9999 -9999 -9999 -9999 -9999 -9999 -9999 -9999 -9999 -9999 -9999 -9999 -9999 -9999 -9999 -9999 -9999 -9999 -9999 -9999 -9999 -9999 -9999 -9999 -9999 -9999 -9999
-9999 249 408 498 614 682 1230 300 314 346 456 694 656 631 476 461 382 710 597 480 464 792 1271 890 660 684 544 649 558 520 631 944 1440 1231 1480 1277 1020 994 1298 1004 1086 603 638 644 878 704 808 1016 1236 1486 1060 944 1271 936 1178 1710 2803 2012 819 -9999 -9999 -9999 -9999 -9999 -9999 -9999 -9999 -9999 -9999 -9999 -9999 -9999 -9999 -9999 -9999 -9999 -9999 -9999 -9999 -9999 -9999 -9999 -9999 -9999 -9999 -9999 -9999 -9999 -9999
-9999 -9999 518 526 548 328 406 457 336 154 164 423 743 742 649 835 569 588 488 961 910 1125 1278 821 756 793 583 594 563 594 820 1395 1204 921 1158 1136 971 902 663 472 376 366 609 508 478 435 664 468 725 1453 860 636 662 616 900 1320 1928 1017 -9999 -9999 -9999 -9999 -9999 -9999 -9999 -9999 -9999 -9999 -9999 -9999 -9999 -9999 -9999 -9999 -9999 -9999 -9999 -9999 -9999 -9999 -9999 -9999 -9999 -9999 -9999 -9999 -9999 -9999 -9999
-9999 -9999 696 586 627 558 421 378 316 306 787 684 1052 1063 807 692 498 716 684 1594 839 1390 1110 843 700 647 995 956 664 826 1084 1522 1256 1132 708 992 1090 669 502 401 307 336 540 762 855 636 674 612 440 991 764 540 444 525 798 1408 1033 902 -9999 -9999 -9999 -9999 -9999 -9999 -9999 -9999 -9999 -9999 -9999 -9999 -9999 -9999 -9999 -9999 -9999 -9999 -9999 -9999 -9999 -9999 -9999 -9999 -9999 -9999 -9999 -9999 -9999 -9999 -9999
-9999 -9999 508 359 730 613 604 577 765 549 287 444 847 1157 658 324 378 1777 791 384 571 817 785 988 948 681 975 936 620 658 780 1283 1346 809 867 1239 1030 629 508 458 521 909 1704 1161 998 969 1212 849 314 605 515 314 265 371 701 856 659 465 -9999 -9999 -9999 -9999 -9999 -9999 -9999 -9999 -9999 -9999 -9999 -9999 -9999 -9999 -9999 -9999 -9999 -9999 -9999 -9999 -9999 -9999 -9999 -9999 -9999 -9999 -9999 -9999 -9999 -9999 -9999
-9999 600 444 449 634 1012 619 429 564 601 252 261 502 1172 783 1178 617 2092 720 610 1296 981 728 736 794 1321 1513 1010 928 1104 984 1187 880 1000 1023 1190 633 602 1110 1324 1398 1484 2090 1334 1086 1020 1256 513 266 394 403 323 257 324 467 484 574 -9999 -9999 -9999 -9999 -9999 -9999 -9999 -9999 -9999 -9999 -9999 -9999 -9999 -9999 -9999 -9999 -9999 -9999 -9999 -9999 -9999 -9999 -9999 -9999 -9999 -9999 -9999 -9999 -9999 -9999 -9999 -9999
-9999 960 1146 473 414 450 559 1018 1036 606 341 341 491 1270 1394 3231 5020 5613 1083 946 904 853 730 792 1410 1276 1644 2860 2012 1060 938 1054 741 941 1140 856 822 664 1102 1482 1374 1003 1557 1420 1136 973 970 424 282 412 471 412 446 465 498 523 624 -9999 -9999 -9999 -9999 -9999 -9999 -9999 -9999 -9999 -9999 -9999 -9999 -9999 -9999 -9999 -9999 -9999 -9999 -9999 -9999 -9999 -9999 -9999 -9999 -9999 -9999 -9999 -9999 -9999 -9999 -9999 -9999
-9999 787 1174 619 1026 700 974 1483 1775 1446 569 294 436 1444 1790 5118 12877 10402 1625 1654 1358 1690 1089 1146 1106 858 888 1435 1306 1526 1172 805 652 692 910 914 672 824 911 644 592 386 716 628 845 571 341 298 317 482 916 412 516 796 852 594 -9999 -9999 -9999 -9999 -9999 -9999 -9999 -9999 -9999 -9999 -9999 -9999 -9999 -9999 -9999 -9999 -9999 -9999 -9999 -9999 -9999 -9999 -9999 -9999 -9999 -9999 -9999 -9999 -9999 -9999 -9999 -9999 -9999
-9999 474 770 1319 1500 816 782 1565 1264 1314 465 403 678 1350 1763 2853 3177 2540 1368 1788 1475 1451 852 953 1015 872 996 1012 758 960 1456 750 970 946 971 908 606 596 624 570 418 433 624 547 564 374 352 340 402 529 783 422 383 559 620 559 634 -9999 -9999 -9999 -9999 -9999 -9999 -9999 -9999 -9999 -9999 -9999 -9999 -9999 -9999 -9999 -9999 -9999 -9999 -9999 -9999 -9999 -9999 -9999 -9999 -9999 -9999 -9999 -9999 -9999 -9999 -9999 -9999
-9999 705 2063 1472 1260 1374 852 800 893 783 560 493 804 1052 1306 2060 2841 1994 1161 1774 1142 806 720 971 763 756 780 854 650 650 900 1205 1314 1106 864 805 532 644 600 598 537 560 419 601 540 480 608 518 479 608 761 408 388 450 469 628 1013 -9999 -9999 -9999 -9999 -9999 -9999 -9999 -9999 -9999 -9999 -9999 -9999 -9999 -9999 -9999 -9999 -9999 -9999 -9999 -9999 -9999 -9999 -9999 -9999 -9999 -9999 -9999 -9999 -9999 -9999 -9999 -9999
-9999 960 1564 1198 1563 1132 598 594 1031 735 695 1213 915 1230 919 1646 2460 1524 932 1076 934 708 606 644 686 686 700 746 592 600 872 1068 1270 989 728 565 540 727 586 576 438 410 556 574 384 383 484 499 718 660 729 566 457 669 818 1100 1000 -9999 -9999 -9999 -9999 -9999 -9999 -9999 -9999 -9999 -9999 -9999 -9999 -9999 -9999 -9999 -9999 -9999 -9999 -9999 -9999 -9999 -9999 -9999 -9999 -9999 -9999 -9999 -9999 -9999 -9999 -9999 -9999
988 1506 1367 1264 1607 1819 1221 738 1242 902 741 1524 1096 756 562 1255 2282 1345 1702 948 793 832 722 610 836 803 698 704 604 584 706 870 822 1412 881 651 566 561 525 480 336 380 690 461 340 321 336 359 613 470 726 840 660 638 800 1298 1043 717 -9999 -9999 -9999 -9999 -9999 -9999 -9999 -9999 -9999 -9999 -9999 -9999 -9999 -9999 -9999 -9999 -9999 -9999 -9999 -9999 -9999 -9999 -9999 -9999 -9999 -9999 -9999 -9999 -9999 -9999 -9999
874 1395 1436 1347 974 1494 1358 446 720 504 1148 824 677 583 954 1029 1040 1006 1346 1124 881 1055 723 622 677 679 704 836 891 644 632 668 728 852 689 727 1238 917 567 424 316 364 540 502 378 332 324 385 636 697 845 1352 937 654 648 823 798 922 794 452 -9999 -9999 -9999 -9999 -9999 -9999 -9999 -9999 -9999 -9999 -9999 -9999 -9999 -9999 -9999 -9999 -9999 -9999 -9999 -9999 -9999 -9999 -9999 -9999 -9999 -9999 -9999 -9999 -9999
-9999 782 1727 1320 896 853 610 380 493 409 911 905 1188 576 855 1146 533 688 686 762 726 864 648 558 581 602 612 656 798 935 698 857 848 604 699 622 1315 1128 678 389 420 453 614 589 439 391 359 631 1240 1135 1321 3081 1144 806 890 670 659 798 700 -9999 -9999 -9999 -9999 -9999 -9999 -9999 -9999 -9999 -9999 -9999 -9999 -9999 -9999 -9999 -9999 -9999 -9999 -9999 -9999 -9999 -9999 -9999 -9999 -9999 -9999 -9999 -9999 -9999 -9999
-9999 -9999 858 1578 699 493 485 297 330 366 611 957 1040 1527 1082 625 476 746 564 441 571 589 530 541 625 657 558 714 742 682 793 802 610 612 535 556 704 926 631 552 1074 808 954 1626 814 660 520 688 2105 1733 2255 5980 1731 722 820 673 562 621 -9999 -9999 -9999 -9999 -9999 -9999 -9999 -9999 -9999 -9999 -9999 -9999 -9999 -9999 -9999 -9999 -9999 -9999 -9999 -9999 -9999 -9999 -9999 -9999 -9999 -9999 -9999 -9999 -9999 -9999 -9999
-9999 -9999 -9999 -9999 -9999 -9999 -9999 -9999 -9999 406 487 757 1416 6102 1216 529 547 747 418 347 357 460 473 628 570 756 593 600 630 824 838 707 617 721 682 541 586 585 534 444 796 723 762 1898 1110 658 492 524 646 1212 1700 1438 984 769 595 520 325 320 377 -9999 -9999 -9999 -9999 -9999 -9999 -9999 -9999 -9999 -9999 -9999 -9999 -9999 -9999 -9999 -9999 -9999 -9999 -9999 -9999 -9999 -9999 -9999 -9999 -9999 -9999 -9999 -9999 -9999 -9999
-9999 -9999 -9999 -9999 -9999 -9999 -9999 -9999 -9999 392 628 1116 1318 806 806 728 781 502 392 324 324 358 373 580 748 631 714 822 818 630 697 674 633 704 716 540 491 520 501 393 563 495 492 901 1196 724 570 612 673 898 983 840 726 800 649 552 393 344 419 408 -9999 -9999 -9999 -9999 -9999 -9999 -9999 -9999 -9999 -9999 -9999 -9999 -9999 -9999 -9999 -9999 -9999 -9999 -9999 -9999 -9999 -9999 -9999 -9999 -9999 -9999 -9999 -9999 -9999
-9999 -9999 -9999 -9999 -9999 -9999 -9999 -9999 -9999 395 784 1030 868 432 450 528 502 438 403 390 362 308 324 387 554 643 594 534 615 726 913 686 875 706 855 559 475 461 460 366 410 638 644 812 1351 1356 999 603 444 454 646 756 650 392 381 550 708 978 774 368 -9999 -9999 -9999 -9999 -9999 -9999 -9999 -9999 -9999 -9999 -9999 -9999 -9999 -9999 -9999 -9999 -9999 -9999 -9999 -9999 -9999 -9999 -9999 -9999 -9999 -9999 -9999 -9999 -9999
-9999 -9999 -9999 -9999 -9999 -9999 -9999 -9999 -9999 -9999 674 454 430 404 505 597 731 567 508 489 366 306 304 365 595 520 458 436 583 658 526 551 622 561 792 586 520 612 927 478 390 710 622 704 1136 1405 728 496 388 317 242 316 349 337 300 424 1214 1684 1104 692 -9999 -9999 -9999 -9999 -9999 -9999 -9999 -9999 -9999 -9999 -9999 -9999 -9999 -9999 -9999 -9999 -9999 -9999 -9999 -9999 -9999 -9999 -9999 -9999 -9999 -9999 -9999 -9999 -9999
-9999 -9999 -9999 -9999 -9999 -9999 -9999 -9999 -9999 -9999 237 359 498 536 531 716 740 495 512 379 364 339 367 460 728 506 432 445 530 547 436 403 480 570 1287 886 974 1112 1091 589 605 582 542 609 722 825 595 528 474 480 348 285 326 284 292 311 887 1007 844 544 -9999 -9999 -9999 -9999 -9999 -9999 -9999 -9999 -9999 -9999 -9999 -9999 -9999 -9999 -9999 -9999 -9999 -9999 -9999 -9999 -9999 -9999 -9999 -9999 -9999 -9999 -9999 -9999 -9999
-9999 -9999 -9999 -9999 -9999 -9999 -9999 -9999 -9999 -9999 -9999 -9999 546 500 526 741 496 410 390 353 344 391 411 488 904 546 468 466 503 448 404 393 453 832 1006 1004 1106 1604 1228 1020 910 631 492 604 751 902 702 714 768 380 283 320 342 281 340 315 717 670 489 696 -9999 -9999 -9999 -9999 -9999 -9999 -9999 -9999 -9999 -9999 -9999 -9999 -9999 -9999 -9999 -9999 -9999 -9999 -9999 -9999 -9999 -9999 -9999 -9999 -9999 -9999 -9999 -9999 -9999
-9999 -9999 -9999 -9999 -9999 -9999 -9999 -9999 -9999 -9999 -9999 -9999 600 386 370 423 401 552 431 368 434 424 404 469 756 750 530 487 580 523 452 415 433 488 750 856 990 1102 1176 1027 942 743 477 534 618 1002 660 699 979 437 398 419 452 331 336 346 466 528 404 524 -9999 -9999 -9999 -9999 -9999 -9999 -9999 -9999 -9999 -9999 -9999 -9999 -9999 -9999 -9999 -9999 -9999 -9999 -9999 -9999 -9999 -9999 -9999 -9999 -9999 -9999 -9999 -9999 -9999
-9999 -9999 -9999 -9999 -9999 -9999 -9999 -9999 -9999 -9999 -9999 -9999 404 394 299 276 311 361 565 407 589 569 500 458 530 702 532 530 547 710 501 426 410 390 466 820 1108 1046 976 897 820 708 464 478 606 1228 678 596 612 490 458 478 500 425 415 422 463 583 394 463 -9999 -9999 -9999 -9999 -9999 -9999 -9999 -9999 -9999 -9999 -9999 -9999 -9999 -9999 -9999 -9999 -9999 -9999 -9999 -9999 -9999 -9999 -9999 -9999 -9999 -9999 -9999 -9999 -9999
-9999 -9999 -9999 -9999 -9999 -9999 -9999 -9999 -9999 -9999 -9999 -9999 411 385 323 274 272 306 372 348 571 1140 712 604 540 955 848 625 438 460 482 428 392 365 544 932 1225 972 -9999 -9999 -9999 -9999 -9999 -9999 -9999 457 504 582 525 536 -9999 374 550 795 696 764 657 668 429 670 -9999 -9999 -9999 -9999 -9999 -9999 -9999 -9999 -9999 -9999 -9999 -9999 -9999 -9999 -9999 -9999 -9999 -9999 -9999 -9999 -9999 -9999 -9999 -9999 -9999 -9999 -9999 -9999 -9999
-9999 -9999 -9999 -9999 -9999 -9999 -9999 -9999 -9999 -9999 -9999 -9999 -9999 -9999 183 281 266 262 270 281 432 849 584 581 702 656 631 666 444 406 422 400 374 407 296 -9999 -9999 -9999 -9999 -9999 -9999 -9999 -9999 -9999 -9999 -9999 -9999 -9999 356 366 -9999 510 913 1034 693 720 1140 1146 465 602 -9999 -9999 -9999 -9999 -9999 -9999 -9999 -9999 -9999 -9999 -9999 -9999 -9999 -9999 -9999 -9999 -9999 -9999 -9999 -9999 -9999 -9999 -9999 -9999 -9999 -9999 -9999 -9999 -9999
-9999 -9999 -9999 -9999 -9999 -9999 -9999 -9999 -9999 -9999 -9999 -9999 -9999 -9999 -9999 -9999 278 267 250 268 360 431 547 1020 792 585 484 603 438 438 -9999 390 -9999 -9999 -9999 -9999 -9999 -9999 -9999 -9999 -9999 -9999 -9999 -9999 -9999 -9999 -9999 -9999 -9999 -9999 -9999 -9999 -9999 1588 962 438 485 506 466 811 610 -9999 -9999 -9999 -9999 -9999 -9999 -9999 -9999 -9999 -9999 -9999 -9999 -9999 -9999 -9999 -9999 -9999 -9999 -9999 -9999 -9999 -9999 -9999 -9999 -9999 -9999 -9999 -9999
