GIS/bfa_beta.asc
ncols         173
nrows         126
xllcorner     224227.65281
yllcorner     1039207.04677
cellsize      5000
NODATA_value  -9999
[rows 36 to 71 of 126, columns 80 to 159 of 173]
0.32 0.345 0.355 0.41 0.475 0.39 0.285 0.24 0.22 0.265 0.355 0.29 0.29 0.32 0.32 0.32 0.33 0.35 0.34 0.445 0.45 0.41 0.42 0.375 0.36 0.36 0.385 0.385 0.39 0.465 0.57 0.565 0.52 0.42 0.46 0.48 0.42 0.375 0.385 0.34 0.34 0.35 0.31 0.28 0.28 0.35 0.235 0.25 0.195 0.18 0.14 0.145 0.14 0.145 0.14 0.105 0.105 0.13 0.135 0.105 0.105 0.1 0.12 0.09 0.105 -9999 -9999 -9999 -9999 -9999 -9999 -9999 -9999 -9999 -9999 -9999 -9999 -9999 -9999 -9999
0.25 0.27 0.255 0.3 0.29 0.24 0.19 0.19 0.24 0.265 0.365 0.26 0.22 0.235 0.235 0.245 0.25 0.32 0.235 0.385 0.36 0.46 0.435 0.335 0.36 0.42 0.46 0.38 0.4 0.535 0.595 0.545 0.47 0.435 0.39 0.45 0.39 0.335 0.375 0.385 0.415 0.3 0.415 0.39 0.39 0.32 0.3 0.25 0.18 0.175 0.195 0.155 0.11 0.13 0.135 0.11 0.11 0.165 0.125 0.13 0.1 0.1 0.135 0.135 0.11 0.115 -9999 0.105 -9999 -9999 -9999 -9999 -9999 -9999 -9999 -9999 -9999 -9999 -9999 -9999
0.25 0.24 0.265 0.235 0.265 0.23 0.215 0.15 0.165 0.265 0.245 0.225 0.245 0.26 0.235 0.24 0.25 0.235 0.235 0.355 0.35 0.445 0.37 0.335 0.335 0.38 0.4 0.35 0.41 0.485 0.625 0.395 0.515 0.485 0.47 0.47 0.375 0.31 0.39 0.3 0.3 0.36 0.345 0.385 0.38 0.31 0.255 0.25 0.2 0.19 0.145 0.11 0.11 0.17 0.18 0.165 0.15 0.195 0.19 0.135 0.135 0.12 -9999 -9999 -9999 0.12 -9999 -9999 -9999 -9999 -9999 -9999 -9999 -9999 -9999 -9999 -9999 -9999 -9999 -9999
0.225 0.22 0.185 0.2 0.195 0.17 0.19 0.125 0.15 0.17 0.22 0.195 0.245 0.235 0.27 0.23 0.205 0.215 0.255 0.28 0.345 0.345 0.29 0.355 0.355 0.355 0.395 0.44 0.41 0.385 0.465 0.52 0.455 0.405 0.36 0.355 0.35 0.355 0.33 0.3 0.43 0.385 0.335 0.46 0.46 0.305 0.19 0.27 0.19 0.19 0.145 0.11 0.15 0.155 0.18 0.205 0.165 0.135 0.135 0.125 0.135 0.115 -9999 -9999 -9999 -9999 -9999 -9999 -9999 -9999 -9999 -9999 -9999 -9999 -9999 -9999 -9999 -9999 -9999 -9999
0.22 0.245 0.16 0.17 0.175 0.185 0.135 0.1 0.13 0.15 0.18 0.19 0.175 0.22 0.275 0.24 0.2 0.215 0.19 0.24 0.28 0.24 0.265 0.285 0.29 0.33 0.39 0.385 0.285 0.355 0.585 0.535 0.405 0.305 0.265 0.25 0.255 0.42 0.455 0.29 0.3 0.28 0.355 0.265 0.26 0.295 0.24 0.215 0.2 0.14 0.19 0.2 0.175 0.15 0.17 0.11 0.135 0.12 0.19 0.12 0.115 0.115 -9999 -9999 -9999 -9999 -9999 -9999 -9999 -9999 -9999 -9999 -9999 -9999 -9999 -9999 -9999 -9999 -9999 -9999
0.195 0.19 0.145 0.155 0.15 0.135 0.165 0.125 0.12 0.125 0.135 0.12 0.15 0.175 0.22 0.22 0.16 0.21 0.225 0.24 0.26 0.28 0.31 0.255 0.28 0.375 0.375 0.445 0.57 0.4 0.385 0.4 0.41 0.475 0.33 0.265 0.285 0.36 0.43 0.355 0.33 0.29 0.235 0.235 0.265 0.185 0.21 0.195 0.175 0.195 0.205 0.18 0.22 0.205 0.18 0.175 0.135 0.16 0.17 0.13 0.125 0.135 -9999 -9999 -9999 -9999 -9999 -9999 -9999 -9999 -9999 -9999 -9999 -9999 -9999 -9999 -9999 -9999 -9999 -9999
0.185 0.165 0.14 0.155 0.13 0.11 0.13 0.1 0.11 0.11 0.14 0.13 0.1 0.125 0.165 0.155 0.165 0.18 0.17 0.23 0.305 0.235 0.17 0.355 0.355 0.355 0.59 0.525 0.43 0.38 0.35 0.36 0.36 0.35 0.355 0.38 0.33 0.345 0.405 0.355 0.415 0.35 0.35 0.295 0.26 0.205 0.195 0.185 0.185 0.2 0.18 0.25 0.205 0.185 0.165 0.14 0.145 0.125 0.125 0.145 0.165 0.125 -9999 -9999 -9999 -9999 -9999 -9999 -9999 -9999 -9999 -9999 -9999 -9999 -9999 -9999 -9999 -9999 -9999 -9999
0.19 0.19 0.175 0.12 0.155 0.125 0.085 0.09 0.1 0.09 0.09 0.09 0.095 0.09 0.105 0.115 0.12 0.145 0.17 0.2 0.25 0.225 0.175 0.265 0.33 0.34 0.425 0.4 0.4 0.33 0.39 0.365 0.355 0.355 0.33 0.36 0.345 0.355 0.385 0.3 0.35 0.285 0.265 0.36 0.28 0.24 0.215 0.245 0.205 0.25 0.255 0.21 0.18 0.18 0.195 0.14 0.18 0.18 0.205 0.14 0.14 0.11 -9999 -9999 -9999 -9999 -9999 -9999 -9999 -9999 -9999 -9999 -9999 -9999 -9999 -9999 -9999 -9999 -9999 -9999
0.195 0.15 0.155 0.13 0.09 0.08 0.08 0.08 0.09 0.08 0.08 0.08 0.1 0.08 0.08 0.11 0.1 0.09 0.14 0.15 0.23 0.305 0.175 0.23 0.325 0.405 0.415 0.235 0.385 0.395 0.37 0.45 0.38 0.33 0.38 0.42 0.36 0.385 0.385 0.32 0.335 0.295 0.29 0.235 0.265 0.22 0.18 0.18 0.2 0.22 0.195 0.2 0.19 0.18 0.205 0.18 0.155 0.17 0.14 0.175 0.165 0.165 -9999 -9999 -9999 -9999 -9999 -9999 -9999 -9999 -9999 -9999 -9999 -9999 -9999 -9999 -9999 -9999 -9999 -9999
0.22 0.165 0.12 0.105 0.09 0.085 0.075 0.08 0.075 0.08 0.08 0.08 0.085 0.065 0.085 0.095 0.105 0.085 0.13 0.135 0.23 0.265 0.255 0.305 0.235 0.37 0.315 0.36 0.28 0.375 0.345 0.39 0.335 0.3 0.335 0.36 0.33 0.36 0.365 0.355 0.295 0.235 0.215 0.255 0.255 0.255 0.235 0.21 0.17 0.24 0.24 0.24 0.18 0.27 0.2 0.205 0.195 0.24 0.195 0.155 0.165 0.165 -9999 -9999 -9999 -9999 -9999 -9999 -9999 -9999 -9999 -9999 -9999 -9999 -9999 -9999 -9999 -9999 -9999 -9999
0.19 0.14 0.12 0.105 0.09 0.095 0.075 0.06 0.06 0.08 0.07 0.075 0.075 0.07 0.075 0.1 0.105 0.095 0.09 0.11 0.19 0.215 0.25 0.28 0.295 0.395 0.32 0.365 0.32 0.39 0.365 0.365 0.385 0.39 0.42 0.385 0.345 0.38 0.355 0.28 0.355 0.32 0.265 0.2 0.17 0.26 0.295 0.275 0.23 0.195 0.205 0.205 0.185 0.185 0.205 0.185 0.2 0.185 0.24 0.155 0.16 0.165 0.165 0.185 0.2 0.225 -9999 -9999 -9999 -9999 -9999 -9999 -9999 -9999 -9999 -9999 -9999 -9999 -9999 -9999
0.17 0.15 0.105 0.1 0.09 0.095 0.08 0.055 0.055 0.065 0.075 0.075 0.075 0.065 0.075 0.075 0.095 0.105 0.11 0.12 0.165 0.195 0.215 0.255 0.29 0.36 0.33 0.365 0.39 0.23 0.205 0.35 0.335 0.32 0.31 0.325 0.35 0.215 0.34 0.355 0.29 0.235 0.305 0.225 0.225 0.265 0.265 0.295 0.255 0.2 0.27 0.205 0.225 0.195 0.24 0.18 0.21 0.24 0.23 0.225 0.225 0.23 0.195 0.185 0.185 0.175 0.195 -9999 -9999 -9999 -9999 -9999 -9999 -9999 -9999 -9999 -9999 -9999 -9999 -9999
0.275 0.175 0.105 0.1 0.09 0.1 0.09 0.095 0.075 0.075 0.07 0.065 0.07 0.06 0.075 0.08 0.095 0.1 0.09 0.175 0.145 0.18 0.22 0.235 0.28 0.26 0.295 0.32 0.36 0.215 0.215 0.4 0.36 0.375 0.32 0.26 0.365 0.355 0.355 0.315 0.255 0.355 0.265 0.305 0.305 0.3 0.32 0.355 0.245 0.185 0.24 0.19 0.225 0.225 0.21 0.195 0.2 0.24 0.2 0.25 0.21 0.255 0.205 0.245 0.22 0.205 0.22 0.175 -9999 -9999 -9999 -9999 -9999 -9999 -9999 -9999 -9999 -9999 -9999 -9999
0.22 0.18 0.13 0.09 0.095 0.095 0.08 0.095 0.1 0.08 0.09 0.065 0.075 0.075 0.085 0.08 0.1 0.1 0.1 0.14 0.15 0.145 0.145 0.215 0.285 0.24 0.265 0.285 0.37 0.305 0.345 0.375 0.385 0.43 0.41 0.485 0.375 0.335 0.345 0.285 0.265 0.265 0.355 0.365 0.365 0.36 0.29 0.26 0.205 0.155 0.185 0.2 0.2 0.21 0.205 0.21 0.255 0.2 0.245 0.255 0.255 0.21 0.255 0.21 0.295 0.235 0.165 0.24 0.24 -9999 -9999 -9999 -9999 -9999 -9999 -9999 -9999 -9999 -9999 -9999
0.19 0.17 0.125 0.1 0.1 0.095 0.065 0.095 0.1 0.075 0.075 0.07 0.08 0.0875 0.09 0.1 0.09 0.09 0.08 0.105 0.14 0.155 0.17 0.22 0.26 0.225 0.205 0.24 0.355 0.235 0.39 0.395 0.36 0.39 0.435 0.335 0.31 0.33 0.33 0.31 0.245 0.3 0.32 0.335 0.245 0.33 0.27 0.22 0.18 0.205 0.195 0.195 0.295 0.255 0.245 0.255 0.295 0.295 0.22 0.255 0.255 0.335 0.35 0.335 0.26 0.26 0.155 0.225 0.185 0.185 0.195 -9999 -9999 -9999 -9999 -9999 -9999 -9999 -9999 -9999
0.125 0.13 0.11 0.09 0.095 0.08 0.085 0.08 0.095 0.08 0.08 0.07 0.07 0.08 0.08 0.105 0.115 0.095 0.08 0.105 0.125 0.16 0.195 0.215 0.24 0.24 0.23 0.205 0.25 0.36 0.42 0.385 0.45 0.375 0.395 0.45 0.35 0.335 0.355 0.265 0.33 0.32 0.26 0.24 0.24 0.25 0.19 0.185 0.185 0.205 0.195 0.22 0.295 0.255 0.275 0.305 0.36 0.22 0.26 0.215 0.31 0.325 0.35 0.235 0.295 0.21 0.23 0.23 0.185 0.2 0.25 0.255 -9999 -9999 -9999 -9999 -9999 -9999 -9999 -9999
0.135 0.12 0.08 0.09 0.09 0.08 0.075 0.09 0.07 0.08 0.075 0.075 0.08 0.095 0.09 0.085 0.095 0.13 0.12 0.13 0.13 0.165 0.225 0.18 0.21 0.265 0.175 0.195 0.285 0.29 0.32 0.295 0.29 0.305 0.285 0.31 0.285 0.255 0.235 0.235 0.23 0.205 0.23 0.21 0.2 0.18 0.2 0.185 0.275 0.28 0.27 0.37 0.27 0.265 0.335 0.35 0.36 0.36 0.235 0.365 0.315 0.415 0.28 0.255 0.295 0.22 0.225 0.2 0.245 0.205 0.22 0.2 0.245 -9999 -9999 -9999 -9999 -9999 -9999 -9999
0.115 0.115 0.08 0.075 0.075 0.08 0.07 0.075 0.07 0.06 0.09 0.075 0.08 0.085 0.08 0.095 0.12 0.115 0.155 0.13 0.155 0.19 0.21 0.235 0.18 0.26 0.25 0.23 0.225 0.28 0.325 0.3 0.35 0.355 0.27 0.235 0.195 0.24 0.24 0.2 0.21 0.2 0.2 0.225 0.245 0.2 0.205 0.255 0.365 0.37 0.3 0.34 0.335 0.35 0.35 0.35 0.35 0.335 0.29 0.36 0.215 0.29 0.29 0.37 0.21 0.245 0.22 0.295 0.295 0.22 0.295 0.255 0.295 0.195 -9999 -9999 -9999 -9999 -9999 -9999
0.09 0.1 0.095 0.065 0.09 0.075 0.07 0.065 0.06 0.06 0.06 0.085 0.08 0.085 0.085 0.06 0.075 0.075 0.09 0.12 0.135 0.165 0.16 0.23 0.23 0.24 0.285 0.26 0.215 0.315 0.33 0.34 0.3 0.265 0.25 0.3 0.29 0.215 0.14 0.195 0.17 0.195 0.195 0.225 0.225 0.26 0.265 0.295 0.405 0.34 0.385 0.37 0.375 0.355 0.385 0.385 0.405 0.365 0.26 0.295 0.36 0.235 0.235 0.265 0.24 0.215 0.255 0.36 0.335 0.275 0.28 0.36 0.255 0.23 0.24 0.195 0.215 0.335 0.315 0.355
0.065 0.07 0.07 0.06 0.06 0.065 0.055 0.055 0.055 0.06 0.055 0.065 0.075 0.07 0.075 0.085 0.075 0.08 0.13 0.135 0.115 0.13 0.135 0.18 0.21 0.245 0.31 0.34 0.265 0.25 0.285 0.295 0.355 0.355 0.245 0.285 0.16 0.145 0.12 0.185 0.19 0.195 0.265 0.235 0.235 0.36 0.34 0.34 0.45 0.355 0.35 0.3 0.43 0.39 0.3 0.415 0.35 0.35 0.36 0.235 0.36 0.28 0.31 0.26 0.255 0.245 0.295 0.35 0.36 0.29 0.28 0.295 0.255 0.21 0.22 0.195 0.255 0.295 0.255 0.285
0.075 0.07 0.09 0.065 0.06 0.065 0.065 0.055 0.04 0.05 0.065 0.07 0.065 0.105 0.1 0.1 0.085 0.085 0.115 0.135 0.155 0.14 0.185 0.18 0.245 0.255 0.255 0.25 0.275 0.23 0.25 0.255 0.275 0.18 0.17 0.23 0.225 0.215 0.225 0.19 0.28 0.285 0.245 0.35 0.32 0.375 0.355 0.385 0.385 0.35 0.375 0.385 0.52 0.41 0.415 0.34 0.3 0.3 0.255 0.275 0.365 0.315 0.28 0.22 0.255 0.335 0.305 0.265 0.35 0.295 0.26 0.26 0.295 0.265 0.225 0.2 0.255 0.22 0.255 0.235
0.08 0.075 0.075 0.06 0.065 0.05 0.05 0.065 0.055 0.04 0.05 0.07 0.085 0.105 0.1 0.075 0.075 0.09 0.12 0.14 0.14 0.185 0.215 0.22 0.255 0.255 0.24 0.245 0.2 0.155 0.2 0.175 0.195 0.195 0.215 0.265 0.355 0.245 0.17 0.165 0.145 0.29 0.355 0.32 0.32 0.475 0.385 0.41 0.425 0.385 0.39 0.44 0.515 0.49 0.405 0.405 0.315 0.335 0.28 0.26 0.235 0.37 0.26 0.255 0.28 0.33 0.275 0.36 0.26 0.255 0.275 0.29 0.235 0.195 0.145 0.2 0.255 0.255 0.255 0.215
0.09 0.075 0.065 0.06 0.07 0.06 0.055 0.055 0.05 0.04 0.04 0.07 0.085 0.1 0.12 0.09 0.08 0.065 0.12 0.125 0.14 0.185 0.21 0.2 0.21 0.24 0.2 0.19 0.19 0.175 0.16 0.17 0.195 0.2 0.235 0.29 0.255 0.195 0.17 0.135 0.145 0.355 0.37 0.33 0.365 0.415 0.3 0.34 0.375 0.35 0.385 0.54 0.52 0.52 0.425 0.5 0.235 0.335 0.295 0.315 0.315 0.26 0.355 0.29 0.285 0.35 0.275 0.335 0.295 0.21 0.185 0.21 0.245 0.225 0.18 0.245 0.22 0.295 0.295 0.26
0.095 0.085 0.06 0.065 0.065 0.06 0.05 0.05 0.045 0.05 0.06 0.06 0.09 0.09 0.105 0.12 0.125 0.155 0.145 0.14 0.14 0.185 0.205 0.225 0.2 0.215 0.19 0.205 0.17 0.23 0.18 0.18 0.17 0.19 0.22 0.245 0.18 0.18 0.165 0.2 0.23 0.325 0.37 0.32 0.32 0.35 0.35 0.3 0.38 0.3 0.415 0.5 0.49 0.5 0.5 0.4 0.375 0.355 0.59 0.38 0.415 0.265 0.32 0.35 0.365 0.315 0.235 0.34 0.305 0.17 0.255 0.255 0.295 0.22 0.21 0.245 0.18 0.305 0.26 0.275
0.1 0.095 0.075 0.065 0.06 0.05 0.03 0.025 0.03 0.035 0.06 0.065 0.1 0.12 0.125 0.11 0.115 0.115 0.13 0.135 0.185 0.155 0.145 0.175 0.175 0.205 0.195 0.245 0.245 0.225 0.135 0.175 0.19 0.205 0.21 0.225 0.2 0.23 0.24 0.22 0.37 0.31 0.315 0.35 0.335 0.3 0.375 0.405 0.385 0.385 0.415 0.52 0.475 0.415 0.33 0.35 0.3 0.45 0.445 0.49 0.405 0.415 0.32 0.33 0.31 0.385 0.38 0.355 0.235 0.255 0.26 0.295 0.255 0.255 0.255 0.255 0.18 0.22 0.22 0.215
0.105 0.095 0.075 0.075 0.06 0.045 0.025 0.025 0.025 0.045 0.055 0.075 0.1 0.15 0.14 0.14 0.12 0.135 0.155 0.155 0.175 0.16 0.14 0.165 0.19 0.22 0.2 0.265 0.245 0.21 0.19 0.185 0.21 0.215 0.24 0.23 0.26 0.26 0.235 0.265 0.36 0.335 0.32 0.34 0.45 0.46 0.415 0.465 0.49 0.52 0.49 0.375 0.39 0.59 0.475 0.34 0.475 0.515 0.49 0.42 0.54 0.515 0.415 0.355 0.355 0.505 0.44 0.39 0.355 0.33 0.36 0.295 0.215 0.295 0.235 0.29 0.215 0.19 0.26 0.295
0.11 0.09 0.085 0.065 0.055 0.05 0.035 0.03 0.045 0.06 0.06 0.085 0.105 0.105 0.12 0.185 0.115 0.135 0.155 0.155 0.185 0.14 0.12 0.15 0.2 0.23 0.235 0.26 0.245 0.245 0.215 0.175 0.23 0.2 0.2 0.23 0.28 0.3 0.26 0.235 0.35 0.3 0.36 0.415 0.415 0.44 0.405 0.545 0.485 0.4 0.39 0.52 0.59 0.525 0.44 0.53 0.42 0.5 0.44 0.48 0.55 0.57 0.325 0.475 0.39 0.445 0.49 0.635 0.3 0.34 0.265 0.365 0.365 0.265 0.29 0.36 0.295 0.255 0.215 0.26
0.11 0.1 0.085 0.07 0.075 0.065 0.065 0.06 0.06 0.075 0.08 0.095 0.165 0.105 0.105 0.16 0.125 0.125 0.155 0.14 0.175 0.125 0.13 0.175 0.215 0.225 0.22 0.22 0.24 0.2 0.195 0.145 0.2 0.2 0.215 0.27 0.27 0.23 0.28 0.31 0.36 0.36 0.38 0.5 0.445 0.495 0.535 0.48 0.565 0.42 0.44 0.455 0.44 0.41 0.4 0.455 0.715 0.4 0.515 0.59 0.445 0.515 0.59 0.44 0.41 0.485 0.52 0.48 0.39 0.385 0.31 0.335 0.335 0.235 0.28 0.305 0.275 0.255 0.21 0.175
0.13 0.1 0.095 0.085 0.085 0.075 0.065 0.055 0.08 0.095 0.08 0.08 0.105 0.105 0.1 0.125 0.105 0.155 0.155 0.14 0.16 0.195 0.19 0.19 0.225 0.21 0.23 0.225 0.2 0.205 0.18 0.13 0.105 0.155 0.22 0.19 0.235 0.265 0.255 0.33 0.335 0.33 0.385 0.42 0.42 0.43 0.525 0.515 0.355 0.35 0.445 0.675 0.515 0.545 0.4 0.445 0.53 0.575 0.485 0.43 0.385 0.34 0.425 0.4 0.725 0.575 0.42 0.44 0.43 0.415 0.415 0.385 0.385 0.33 0.275 0.255 0.255 0.28 0.21 0.26
0.105 0.11 0.1 0.1 0.085 0.095 0.08 0.075 0.09 0.095 0.095 0.11 0.135 0.125 0.135 0.105 0.135 0.12 0.105 0.14 0.15 0.205 0.185 0.175 0.185 0.215 0.23 0.19 0.17 0.135 0.15 0.15 0.175 0.195 0.165 0.225 0.225 0.29 0.265 0.24 0.3 0.33 0.365 0.405 0.455 0.42 0.4 0.445 0.435 0.435 0.505 0.615 0.51 0.43 0.515 0.505 0.455 0.415 0.42 0.405 0.385 0.375 0.385 0.45 0.42 0.495 0.375 0.465 0.51 0.335 0.335 0.355 0.35 0.235 0.34 0.3 0.26 0.255 0.255 0.17
0.145 0.13 0.13 0.115 0.105 0.11 0.09 0.125 0.11 0.115 0.11 0.095 0.115 0.15 0.16 0.14 0.23 0.145 0.105 0.125 0.16 0.16 0.165 0.145 0.2 0.18 0.19 0.205 0.145 0.13 0.145 0.13 0.195 0.19 0.175 0.235 0.27 0.275 0.205 0.215 0.295 0.355 0.38 0.42 0.415 0.495 0.4 0.455 0.425 0.395 0.595 0.595 0.53 0.625 0.615 0.505 0.41 0.445 0.455 0.38 0.52 0.575 0.425 0.375 0.355 0.3 0.34 0.33 0.355 0.425 0.42 0.335 0.265 0.285 0.3 0.32 0.31 0.295 0.2 0.155
0.145 0.145 0.16 0.13 0.12 0.08 0.11 0.12 0.1 0.1 0.105 0.1 0.1 0.135 0.17 0.12 0.13 0.16 0.115 0.105 0.165 0.175 0.175 0.165 0.185 0.175 0.165 0.175 0.215 0.185 0.215 0.155 0.155 0.21 0.225 0.24 0.265 0.275 0.28 0.22 0.355 0.4 0.42 0.405 0.405 0.41 0.415 0.455 0.545 0.22 0.475 0.6 0.665 0.515 0.385 0.39 0.42 0.465 0.46 0.445 0.715 0.395 0.52 0.515 0.505 0.3 0.35 0.34 0.355 0.305 0.37 0.28 0.235 0.355 0.3 0.265 0.325 0.355 0.315 0.21
0.175 0.16 0.145 0.14 0.115 0.1 0.115 0.135 0.12 0.13 0.125 0.135 0.105 0.125 0.21 0.15 0.15 0.16 0.145 0.145 0.145 0.175 0.155 0.165 0.185 0.175 0.195 0.18 0.225 0.17 0.195 0.135 0.135 0.205 0.225 0.245 0.265 0.225 0.275 0.235 0.355 0.39 0.43 0.475 0.475 0.41 0.545 0.525 0.5 0.59 0.6 0.67 0.455 0.515 0.455 0.455 0.52 0.57 0.43 0.38 0.455 0.45 0.385 0.38 0.54 0.48 0.49 0.385 0.385 0.33 0.295 0.32 0.265 0.26 0.27 0.305 0.25 0.24 0.275 0.295
0.185 0.145 0.16 0.19 0.135 0.14 0.13 0.13 0.105 0.125 0.15 0.13 0.13 0.175 0.175 0.185 0.15 0.165 0.15 0.16 0.125 0.125 0.16 0.16 0.2 0.19 0.155 0.18 0.17 0.17 0.15 0.17 0.155 0.2 0.18 0.245 0.265 0.285 0.245 0.315 0.31 0.4 0.475 0.54 0.54 0.61 0.455 0.51 0.47 0.52 0.815 0.65 0.57 0.58 0.495 0.53 0.4 0.49 0.52 0.515 0.385 0.5 0.495 0.49 0.435 0.355 0.415 0.385 0.43 0.385 0.36 0.335 0.34 0.295 0.31 0.27 0.285 0.265 0.23 0.255
0.17 0.155 0.125 0.155 0.14 0.115 0.115 0.12 0.13 0.14 0.145 0.14 0.13 0.15 0.17 0.155 0.16 0.135 0.14 0.115 0.125 0.135 0.165 0.16 0.19 0.2 0.175 0.195 0.17 0.18 0.17 0.175 0.15 0.215 0.235 0.245 0.265 0.285 0.31 0.3 0.27 0.4 0.405 0.495 0.495 0.645 0.575 0.525 0.55 0.57 0.505 0.715 0.675 0.615 0.595 0.47 0.515 0.415 0.35 0.355 0.395 0.57 0.54 0.425 0.425 0.515 0.425 0.43 0.33 0.315 0.3 0.275 0.295 0.29 0.265 0.355 0.26 0.225 0.225 0.255
0.17 0.165 0.155 0.16 0.145 0.115 0.14 0.14 0.145 0.145 0.16 0.16 0.14 0.125 0.125 0.135 0.14 0.125 0.21 0.16 0.165 0.15 0.16 0.18 0.175 0.19 0.19 0.18 0.19 0.19 0.17 0.17 0.145 0.24 0.23 0.225 0.27 0.29 0.29 0.3 0.28 0.42 0.39 0.42 0.43 0.595 0.6 0.595 0.545 0.665 0.53 0.69 0.685 0.655 0.885 0.675 0.52 0.675 0.455 0.675 0.715 0.455 0.53 0.405 0.41 0.41 0.52 0.515 0.45 0.39 0.35 0.305 0.29 0.35 0.37 0.355 0.305 0.27 0.195 0.22
