GIS/bfa_beta.asc
ncols         173
nrows         126
xllcorner     224227.65281
yllcorner     1039207.04677
cellsize      5000
NODATA_value  -9999
[rows 0 to 34 of 126, columns 78 to 155 of 173]
-9999 -9999 -9999 -9999 -9999 -9999 -9999 -9999 -9999 -9999 -9999 -9999 -9999 -9999 -9999 -9999 -9999 -9999 -9999 -9999 -9999 -9999 -9999 -9999 -9999 -9999 0.129 0.129 0.14 0.144 0.13 0.138 -9999 -9999 -9999 0.1 0.098 -9999 -9999 -9999 -9999 -9999 -9999 -9999 -9999 -9999 -9999 -9999 -9999 -9999 -9999 -9999 -9999 -9999 -9999 -9999 -9999 -9999 -9999 -9999 -9999 -9999 -9999 -9999 -9999 -9999 -9999 -9999 -9999 -9999 -9999 -9999 -9999 -9999 -9999 -9999 -9999 -9999
-9999 -9999 -9999 -9999 -9999 -9999 -9999 -9999 -9999 -9999 -9999 -9999 -9999 -9999 -9999 -9999 -9999 -9999 -9999 -9999 -9999 -9999 -9999 -9999 0.142 0.187 0.14 0.129 0.127 0.145 0.138 0.13 0.126 -9999 0.119 0.088 0.1 0.093 0.08 0.085 -9999 -9999 -9999 -9999 -9999 -9999 -9999 -9999 -9999 -9999 -9999 -9999 -9999 -9999 -9999 -9999 -9999 -9999 -9999 -9999 -9999 -9999 -9999 -9999 -9999 -9999 -9999 -9999 -9999 -9999 -9999 -9999 -9999 -9999 -9999 -9999 -9999 -9999
-9999 -9999 -9999 -9999 -9999 -9999 -9999 -9999 -9999 -9999 -9999 -9999 -9999 -9999 -9999 -9999 -9999 -9999 -9999 -9999 -9999 -9999 -9999 0.187 0.142 0.149 0.149 0.123 0.136 0.129 0.123 0.144 0.133 0.113 0.138 0.124 0.111 0.097 0.093 0.092 0.08 0.1 0.103 0.078 0.081 0.081 0.083 -9999 -9999 -9999 -9999 -9999 -9999 -9999 -9999 -9999 -9999 -9999 -9999 -9999 -9999 -9999 -9999 -9999 -9999 -9999 -9999 -9999 -9999 -9999 -9999 -9999 -9999 -9999 -9999 -9999 -9999 -9999
-9999 -9999 -9999 -9999 -9999 -9999 -9999 -9999 -9999 -9999 -9999 -9999 -9999 -9999 -9999 -9999 -9999 -9999 -9999 -9999 -9999 -9999 0.195 0.187 0.187 0.191 0.185 0.16 0.187 0.142 0.129 0.144 0.139 0.121 0.115 0.115 0.126 0.109 0.124 0.12 0.088 0.106 0.104 0.09 0.085 0.085 0.09 -9999 -9999 -9999 -9999 -9999 -9999 -9999 -9999 -9999 -9999 -9999 -9999 -9999 -9999 -9999 -9999 -9999 -9999 -9999 -9999 -9999 -9999 -9999 -9999 -9999 -9999 -9999 -9999 -9999 -9999 -9999
-9999 -9999 -9999 -9999 -9999 -9999 -9999 -9999 -9999 -9999 -9999 -9999 -9999 -9999 -9999 -9999 -9999 -9999 -9999 -9999 -9999 0.201 0.185 0.189 0.195 0.17 0.195 0.181 0.198 0.16 0.187 0.14 0.144 0.145 0.109 0.111 0.114 0.118 0.118 0.105 0.106 0.111 0.093 0.089 0.076 0.079 -9999 -9999 -9999 -9999 -9999 -9999 -9999 -9999 -9999 -9999 -9999 -9999 -9999 -9999 -9999 -9999 -9999 -9999 -9999 -9999 -9999 -9999 -9999 -9999 -9999 -9999 -9999 -9999 -9999 -9999 -9999 -9999
-9999 -9999 -9999 -9999 -9999 -9999 -9999 -9999 -9999 -9999 -9999 -9999 -9999 -9999 -9999 -9999 -9999 -9999 -9999 -9999 0.24 0.24 0.199 0.183 0.181 0.17 0.195 0.187 0.142 0.17 0.129 0.17 0.127 0.144 0.148 0.133 0.114 0.113 0.105 0.115 0.113 0.116 0.093 0.093 0.091 0.091 -9999 -9999 -9999 -9999 -9999 -9999 -9999 -9999 -9999 -9999 -9999 -9999 -9999 -9999 -9999 -9999 -9999 -9999 -9999 -9999 -9999 -9999 -9999 -9999 -9999 -9999 -9999 -9999 -9999 -9999 -9999 -9999
-9999 -9999 -9999 -9999 -9999 -9999 -9999 -9999 -9999 -9999 -9999 -9999 -9999 -9999 -9999 -9999 -9999 -9999 0.17 0.16 0.16 0.192 0.184 0.198 0.192 0.2 0.24 0.204 0.198 0.191 0.187 0.16 0.14 0.142 0.127 0.127 0.131 0.132 0.119 0.12 0.113 0.113 0.111 0.088 0.093 0.093 0.081 -9999 -9999 -9999 -9999 -9999 -9999 -9999 -9999 -9999 -9999 -9999 -9999 -9999 -9999 -9999 -9999 -9999 -9999 -9999 -9999 -9999 -9999 -9999 -9999 -9999 -9999 -9999 -9999 -9999 -9999 -9999
-9999 -9999 -9999 -9999 -9999 -9999 -9999 -9999 -9999 -9999 -9999 -9999 -9999 -9999 -9999 0.186 0.16 0.19 0.193 0.186 0.16 0.201 0.195 0.195 0.199 0.193 0.204 0.16 0.195 0.187 0.195 0.187 0.136 0.144 0.123 0.127 0.125 0.138 0.109 0.105 0.088 0.113 0.124 0.111 0.093 0.093 0.08 -9999 -9999 -9999 -9999 -9999 -9999 -9999 -9999 -9999 -9999 -9999 -9999 -9999 -9999 -9999 -9999 -9999 -9999 -9999 -9999 -9999 -9999 -9999 -9999 -9999 -9999 -9999 -9999 -9999 -9999 -9999
-9999 -9999 -9999 -9999 -9999 -9999 -9999 -9999 -9999 -9999 -9999 -9999 -9999 0.201 0.204 0.243 0.249 0.24 0.2 0.186 0.193 0.183 0.198 0.185 0.185 0.209 0.181 0.187 0.134 0.128 0.187 0.124 0.132 0.127 0.129 0.148 0.131 0.138 0.102 0.112 0.1 0.114 0.113 0.104 0.104 0.104 0.096 -9999 -9999 -9999 -9999 -9999 -9999 -9999 -9999 -9999 -9999 -9999 -9999 -9999 -9999 -9999 -9999 -9999 -9999 -9999 -9999 -9999 -9999 -9999 -9999 -9999 -9999 -9999 -9999 -9999 -9999 -9999
-9999 -9999 -9999 -9999 -9999 -9999 -9999 -9999 -9999 -9999 -9999 0.244 0.241 0.254 0.26 0.202 0.255 0.244 0.205 0.183 0.209 0.19 0.181 0.185 0.19 0.21 0.206 0.198 0.143 0.128 0.144 0.136 0.123 0.127 0.114 0.114 0.114 0.133 0.098 0.1 0.097 0.119 0.1 0.111 0.1 0.1 -9999 -9999 -9999 -9999 -9999 -9999 -9999 -9999 -9999 -9999 -9999 -9999 -9999 -9999 -9999 -9999 -9999 -9999 -9999 -9999 -9999 -9999 -9999 -9999 -9999 -9999 -9999 -9999 -9999 -9999 -9999 -9999
-9999 -9999 -9999 -9999 -9999 -9999 -9999 -9999 -9999 -9999 0.293 0.242 0.24 0.206 0.247 0.242 0.244 0.247 0.2 0.22 0.2 0.192 0.207 0.199 0.186 0.22 0.192 0.185 0.123 0.135 0.127 0.129 0.17 0.187 0.127 0.144 0.131 0.126 0.112 0.124 0.111 0.107 0.098 0.124 0.105 0.098 -9999 -9999 -9999 -9999 -9999 -9999 -9999 -9999 -9999 -9999 -9999 -9999 -9999 -9999 -9999 -9999 -9999 -9999 -9999 -9999 -9999 -9999 -9999 -9999 -9999 -9999 -9999 -9999 -9999 -9999 -9999 -9999
-9999 -9999 -9999 -9999 -9999 -9999 -9999 -9999 0.253 0.258 0.293 0.242 0.24 0.206 0.247 0.242 0.244 0.247 0.2 0.22 0.2 0.192 0.207 0.199 0.186 0.22 0.192 0.185 0.123 0.135 0.127 0.129 0.17 0.187 0.144 0.142 0.131 0.126 0.112 0.121 0.111 0.107 0.098 0.124 0.105 0.098 -9999 -9999 -9999 -9999 -9999 -9999 -9999 -9999 -9999 -9999 -9999 -9999 -9999 -9999 -9999 -9999 -9999 -9999 -9999 -9999 -9999 -9999 -9999 -9999 -9999 -9999 -9999 -9999 -9999 -9999 -9999 -9999
-9999 -9999 -9999 -9999 -9999 -9999 0.26 0.2445 0.194 0.249 0.249 0.2 0.24 0.24 0.24 0.258 0.243 0.202 0.204 0.24 0.197 0.192 0.206 0.206 0.188 0.198 0.195 0.17 0.135 0.144 0.128 0.13 0.138 0.129 0.135 0.133 0.126 0.136 0.117 0.141 0.12 0.113 0.109 0.107 0.105 0.105 -9999 -9999 -9999 -9999 -9999 -9999 -9999 -9999 -9999 -9999 -9999 -9999 -9999 -9999 -9999 -9999 -9999 -9999 -9999 -9999 -9999 -9999 -9999 -9999 -9999 -9999 -9999 -9999 -9999 -9999 -9999 -9999
0.244 0.26 0.243 -9999 0.21 0.2445 0.254 0.25 0.304 0.26 0.202 0.247 0.255 0.258 0.241 0.304 0.241 0.24 0.199 0.244 0.253 0.205 0.2 0.188 0.24 0.189 0.185 0.187 0.14 0.127 0.127 0.14 0.129 0.14 0.134 0.136 0.128 0.129 0.127 0.114 0.109 0.115 0.105 0.119 0.124 0.106 -9999 -9999 -9999 -9999 -9999 -9999 -9999 -9999 -9999 -9999 -9999 -9999 -9999 -9999 -9999 -9999 -9999 -9999 -9999 -9999 -9999 -9999 -9999 -9999 -9999 -9999 -9999 -9999 -9999 -9999 -9999 -9999
0.293 0.254 0.254 0.258 0.258 0.292 0.249 0.304 0.306 0.25 0.25 0.243 0.244 0.244 0.26 0.26 0.254 0.205 0.21 0.24 0.21 0.242 0.199 0.253 0.188 0.186 0.253 0.205 0.14 0.129 0.123 0.143 0.127 0.135 0.143 0.128 0.144 0.126 0.11 0.139 0.114 0.121 0.105 0.124 0.1 0.093 0.103 -9999 -9999 -9999 -9999 -9999 -9999 -9999 -9999 -9999 -9999 -9999 -9999 -9999 -9999 -9999 -9999 -9999 -9999 -9999 -9999 -9999 -9999 -9999 -9999 -9999 -9999 -9999 -9999 -9999 -9999 -9999
0.301 0.249 0.3 0.25 0.26 0.202 0.26 0.258 0.3 0.26 0.25 0.25 0.254 0.242 0.26 0.243 0.247 0.209 0.244 0.247 0.247 0.245 0.24 0.242 0.24 0.207 0.207 0.19 0.192 0.16 0.146 0.129 0.139 0.135 0.128 0.124 0.115 0.131 0.119 0.114 0.121 0.113 0.121 0.121 0.098 0.097 0.087 0.085 -9999 -9999 -9999 -9999 -9999 -9999 -9999 -9999 -9999 -9999 -9999 -9999 -9999 -9999 -9999 -9999 -9999 -9999 -9999 -9999 -9999 -9999 -9999 -9999 -9999 -9999 -9999 -9999 -9999 -9999
0.34 0.291 0.25 0.256 0.245 0.2445 0.241 0.254 0.306 0.25 0.241 0.291 0.293 0.257 0.26 0.253 0.188 0.22 0.24 0.21 0.21 0.255 0.242 0.244 0.207 0.26 0.205 0.16 0.192 0.183 0.184 0.138 0.145 0.165 0.147 0.132 0.132 0.094 0.119 0.112 0.1 0.1 0.112 0.103 0.097 0.09 0.095 0.092 0.091 -9999 -9999 -9999 -9999 -9999 -9999 -9999 -9999 -9999 -9999 -9999 -9999 -9999 -9999 -9999 -9999 -9999 -9999 -9999 -9999 -9999 -9999 -9999 -9999 -9999 -9999 -9999 -9999 -9999
0.293 0.306 0.194 0.304 0.26 0.26 0.292 0.25 0.291 0.243 0.267 0.293 0.305 0.244 0.2445 0.242 0.21 0.21 0.255 0.25 0.243 0.26 0.243 0.248 0.183 0.22 0.173 0.191 0.16 0.195 0.17 0.138 0.146 0.128 0.131 0.115 0.118 0.119 0.094 0.127 0.119 0.145 0.111 0.112 0.1 0.1 0.112 0.08 0.093 0.093 -9999 -9999 -9999 -9999 -9999 -9999 -9999 -9999 -9999 -9999 -9999 -9999 -9999 -9999 -9999 -9999 -9999 -9999 -9999 -9999 -9999 -9999 -9999 -9999 -9999 -9999 -9999 -9999
0.306 0.3 0.254 0.303 0.28 0.25 0.244 0.25 0.279 0.261 0.264 0.262 0.296 0.306 0.242 0.2445 0.248 0.243 0.202 0.244 0.253 0.253 0.25 0.25 0.214 0.2 0.22 0.255 0.201 0.17 0.14 0.127 0.127 0.144 0.149 0.142 0.144 0.125 0.102 0.1 0.098 0.094 0.097 0.088 0.093 0.104 0.103 0.112 0.1 0.088 -9999 -9999 -9999 -9999 -9999 -9999 -9999 -9999 -9999 -9999 -9999 -9999 -9999 -9999 -9999 -9999 -9999 -9999 -9999 -9999 -9999 -9999 -9999 -9999 -9999 -9999 -9999 -9999
0.291 0.3 0.261 0.301 0.298 0.295 0.248 0.266 0.252 0.279 0.268 0.296 0.293 0.34 0.2445 0.293 0.251 0.254 0.26 0.242 0.244 0.279 0.275 0.32 0.25 0.2 0.21 0.209 0.21 0.16 0.16 0.16 0.195 0.187 0.129 0.129 0.127 0.122 0.114 0.107 0.102 0.113 0.106 0.088 0.1 0.086 0.111 0.088 0.103 0.103 -9999 -9999 -9999 -9999 -9999 -9999 -9999 -9999 -9999 -9999 -9999 -9999 -9999 -9999 -9999 -9999 -9999 -9999 -9999 -9999 -9999 -9999 -9999 -9999 -9999 -9999 -9999 -9999
0.26 0.272 0.254 0.293 0.254 0.254 0.26 0.22 0.246 0.26 0.258 0.194 0.257 0.296 0.249 0.293 0.296 0.254 0.194 0.249 0.222 0.25 0.253 0.245 0.209 0.2 0.175 0.248 0.247 0.204 0.183 0.17 0.187 0.14 0.123 0.14 0.135 0.128 0.132 0.107 0.11 0.105 0.111 0.107 0.124 0.105 0.1 0.106 0.124 0.1 -9999 -9999 -9999 -9999 -9999 -9999 -9999 -9999 -9999 -9999 -9999 -9999 -9999 -9999 -9999 -9999 -9999 -9999 -9999 -9999 -9999 -9999 -9999 -9999 -9999 -9999 -9999 -9999
0.241 0.292 0.244 0.24 0.245 0.216 0.24 0.24 0.26 0.296 0.296 0.3 0.301 0.28 0.306 0.293 0.306 0.243 0.202 0.242 0.24 0.304 0.24 0.2 0.188 0.22 0.188 0.205 0.229 0.188 0.181 0.17 0.17 0.129 0.129 0.14 0.146 0.148 0.132 0.121 0.112 0.113 0.128 0.105 0.115 0.105 0.111 0.088 0.111 0.088 -9999 -9999 -9999 -9999 -9999 -9999 -9999 -9999 -9999 -9999 -9999 -9999 -9999 -9999 -9999 -9999 -9999 -9999 -9999 -9999 -9999 -9999 -9999 -9999 -9999 -9999 -9999 -9999
0.244 0.24 0.247 0.241 0.224 0.267 0.25 0.2 0.26 0.279 0.295 0.34 0.252 0.305 0.306 0.3 0.296 0.293 0.304 0.2445 0.293 0.243 0.24 0.204 0.2 0.199 0.196 0.253 0.206 0.178 0.189 0.187 0.16 0.123 0.129 0.138 0.14 0.121 0.127 0.113 0.128 0.14 0.136 0.117 0.127 0.107 0.105 0.114 0.098 0.104 -9999 -9999 -9999 -9999 -9999 -9999 -9999 -9999 -9999 -9999 -9999 -9999 -9999 -9999 -9999 -9999 -9999 -9999 -9999 -9999 -9999 -9999 -9999 -9999 -9999 -9999 -9999 -9999
0.244 0.244 0.26 0.273 0.25 0.26 0.241 0.229 0.304 0.194 0.303 0.27 0.301 0.246 0.292 0.194 0.25 0.296 0.293 0.194 0.293 0.218 0.24 0.192 0.24 0.242 0.192 0.192 0.2 0.185 0.185 0.143 0.128 0.147 0.147 0.146 0.146 0.105 0.102 0.128 0.107 0.112 0.143 0.124 0.141 0.115 0.102 0.116 0.111 0.097 0.099 -9999 -9999 -9999 -9999 -9999 -9999 -9999 -9999 -9999 -9999 -9999 -9999 -9999 -9999 -9999 -9999 -9999 -9999 -9999 -9999 -9999 -9999 -9999 -9999 -9999 -9999 -9999
0.304 0.242 0.253 0.246 0.26 0.26 0.251 0.271 0.254 0.254 0.254 0.295 0.34 0.306 0.25 0.296 0.296 0.254 0.25 0.25 0.244 0.24 0.249 0.21 0.2 0.188 0.204 0.2 0.205 0.191 0.187 0.17 0.187 0.14 0.149 0.131 0.102 0.119 0.114 0.127 0.127 0.11 0.136 0.132 0.13 0.126 0.126 0.127 0.136 0.098 0.1 0.105 -9999 -9999 -9999 -9999 -9999 -9999 -9999 -9999 -9999 -9999 -9999 -9999 -9999 -9999 -9999 -9999 -9999 -9999 -9999 -9999 -9999 -9999 -9999 -9999 -9999 -9999
0.292 0.25 0.255 0.273 0.222 0.267 0.269 0.261 0.3 0.254 0.248 0.291 0.296 0.252 0.296 0.293 0.296 0.258 0.2445 0.304 0.244 0.21 0.182 0.242 0.24 0.193 0.198 0.207 0.193 0.201 0.185 0.185 0.16 0.187 0.123 0.147 0.138 0.128 0.14 0.127 0.128 0.131 0.128 0.128 0.131 0.125 0.145 0.129 0.11 0.089 0.111 0.107 -9999 -9999 -9999 -9999 -9999 -9999 -9999 -9999 -9999 -9999 -9999 -9999 -9999 -9999 -9999 -9999 -9999 -9999 -9999 -9999 -9999 -9999 -9999 -9999 -9999 -9999
0.21 0.244 0.225 0.26 0.23 0.218 0.25 0.242 0.293 0.248 0.241 0.254 0.293 0.3 0.279 0.277 0.251 0.23 0.265 0.293 0.25 0.2445 0.186 0.2 0.241 0.183 0.184 0.204 0.19 0.198 0.191 0.16 0.129 0.187 0.142 0.136 0.139 0.123 0.148 0.128 0.133 0.144 0.144 0.144 0.147 0.131 0.131 0.102 0.089 0.09 0.1 0.105 0.086 -9999 -9999 -9999 -9999 -9999 -9999 -9999 -9999 -9999 -9999 -9999 -9999 -9999 -9999 -9999 -9999 -9999 -9999 -9999 -9999 -9999 -9999 -9999 -9999 -9999
0.198 0.2 0.244 0.2 0.25 0.25 0.248 0.29 0.248 0.24 0.211 0.24 0.204 0.2 0.223 0.246 0.26 0.24 0.25 0.24 0.24 0.199 0.193 0.188 0.24 0.201 0.185 0.186 0.186 0.22 0.185 0.187 0.185 0.16 0.195 0.17 0.129 0.136 0.144 0.144 0.123 0.128 0.127 0.127 0.133 0.124 0.131 0.127 0.081 0.103 0.111 0.112 0.088 0.111 -9999 -9999 -9999 -9999 -9999 -9999 -9999 -9999 -9999 -9999 -9999 -9999 -9999 -9999 -9999 -9999 -9999 -9999 -9999 -9999 -9999 -9999 -9999 -9999
0.164 0.189 0.195 0.168 0.188 0.24 0.24 0.244 0.26 0.24 0.206 0.23 0.195 0.26 0.216 0.195 0.196 0.203 0.178 0.205 0.205 0.185 0.188 0.183 0.19 0.16 0.181 0.186 0.198 0.19 0.208 0.185 0.201 0.191 0.187 0.187 0.17 0.148 0.136 0.135 0.128 0.148 0.126 0.138 0.128 0.128 0.128 0.118 0.093 0.097 0.112 0.121 0.112 0.086 0.093 -9999 -9999 -9999 -9999 -9999 -9999 -9999 -9999 -9999 -9999 -9999 -9999 -9999 -9999 -9999 -9999 -9999 -9999 -9999 -9999 -9999 -9999 -9999
0.15 0.143 0.178 0.187 0.205 0.208 0.251 0.208 0.1775 0.24 0.211 0.211 0.199 0.191 0.211 0.197 0.206 0.174 0.205 0.217 0.178 0.189 0.174 0.1775 0.1555 0.169 0.195 0.169 0.181 0.16 0.181 0.198 0.186 0.201 0.17 0.14 0.15 0.135 0.133 0.133 0.148 0.135 0.125 0.145 0.144 0.128 0.146 0.104 0.097 0.111 0.105 0.1 0.088 0.08 0.078 -9999 -9999 -9999 -9999 -9999 -9999 -9999 -9999 -9999 -9999 -9999 -9999 -9999 -9999 -9999 -9999 -9999 -9999 -9999 -9999 -9999 -9999 -9999
0.155 0.15 0.154 0.205 0.179 0.202 0.241 0.213 0.192 0.206 0.204 0.211 0.198 0.195 0.211 0.206 0.193 0.17 0.179 0.199 0.168 0.174 0.205 0.197 0.155 0.141 0.127 0.169 0.187 0.17 0.189 0.1775 0.144 0.136 0.136 0.141 0.187 0.138 0.148 0.142 0.142 0.143 0.13 0.145 0.144 0.126 0.126 0.106 0.124 0.086 0.105 0.098 0.112 0.104 0.091 0.096 0.081 0.081 0.089 -9999 -9999 -9999 -9999 -9999 -9999 -9999 -9999 -9999 -9999 -9999 -9999 -9999 -9999 -9999 -9999 -9999 -9999 -9999
0.1455 0.158 0.156 0.19 0.183 0.187 0.184 0.207 0.2 0.197 0.195 0.188 0.211 0.24 0.211 0.14 0.153 0.154 0.1775 0.189 0.172 0.161 0.162 0.141 0.14 0.16 0.176 0.14 0.141 0.141 0.169 0.175 0.161 0.162 0.155 0.169 0.144 0.158 0.141 0.167 0.13 0.12 0.125 0.128 0.126 0.109 0.113 0.098 0.099 0.091 0.111 0.088 0.103 0.1 0.093 0.09 0.096 0.083 0.085 -9999 -9999 -9999 -9999 -9999 -9999 -9999 -9999 -9999 -9999 -9999 -9999 -9999 -9999 -9999 -9999 -9999 -9999 -9999
0.133 0.146 0.141 0.156 0.162 0.205 0.177 0.107 0.136 0.135 0.175 0.148 0.195 0.179 0.205 0.143 0.177 0.17 0.134 0.178 0.197 0.169 0.156 0.135 0.118 0.131 0.146 0.122 0.143 0.137 0.144 0.157 0.116 0.136 0.171 0.158 0.14 0.157 0.132 0.112 0.14 0.137 0.167 0.145 0.137 0.114 0.114 0.106 0.106 0.109 0.098 0.08 0.076 0.089 0.085 0.089 0.08 0.078 0.083 0.09 0.083 0.083 -9999 -9999 -9999 -9999 -9999 -9999 -9999 -9999 -9999 -9999 -9999 -9999 -9999 -9999 -9999 -9999
0.14 0.153 0.134 0.149 0.146 0.137 0.157 0.198 0.14 0.121 0.167 0.171 0.151 0.177 0.177 0.17 0.136 0.116 0.163 0.173 0.16 0.154 0.155 0.146 0.14 0.132 0.137 0.145 0.122 0.142 0.146 0.139 0.147 0.157 0.118 0.118 0.134 0.151 0.141 0.146 0.14 0.127 0.12 0.13 0.11 0.105 0.105 0.114 0.106 0.117 0.106 0.082 0.075 0.08 0.076 0.066 0.078 0.074 0.071 0.0735 0.066 0.0735 0.082 0.072 -9999 -9999 -9999 -9999 -9999 -9999 -9999 -9999 -9999 -9999 -9999 -9999 -9999 -9999
0.153 0.12 0.118 0.122 0.139 0.101 0.147 0.16 0.14 0.134 0.127 0.14 0.127 0.171 0.169 0.136 0.13 0.132 0.169 0.151 0.158 0.148 0.148 0.171 0.148 0.14 0.175 0.125 0.121 0.128 0.116 0.149 0.112 0.122 0.134 0.113 0.126 0.14 0.146 0.123 0.127 0.171 0.13 0.137 0.109 0.105 0.105 0.122 0.108 0.099 0.068 0.081 0.082 0.085 0.082 0.082 0.084 0.072 0.062 0.072 0.057 0.082 0.074 0.07 -9999 -9999 -9999 -9999 -9999 -9999 -9999 -9999 -9999 -9999 -9999 -9999 -9999 -9999
