GIS/bfa_pop.asc
ncols         173
nrows         126
xllcorner     224227.65281
yllcorner     1039207.04677
cellsize      5000
NODATA_value  -9999
[rows 78 to 116 of 126, columns 0 to 88 of 173]
-9999 -9999 -9999 -9999 -9999 -9999 -9999 1198 723 792 822 897 680 773 699 702 1029 814 579 595 940 1555 1998 717 1164 1073 1028 850 488 340 266 311 415 602 732 371 376 680 772 714 855 1518 1878 2220 1351 938 1739 1191 950 2655 1443 828 653 327 336 421 431 276 407 1706 2029 1276 750 393 319 304 383 638 461 477 485 494 892 1335 614 678 844 910 1210 1251 1389 2318 2890 1076 692 589 544 541 507
-9999 -9999 -9999 -9999 -9999 -9999 -9999 615 857 906 554 766 891 990 581 661 880 1295 651 875 714 595 1631 1364 1373 1480 742 457 665 356 495 710 487 763 412 377 840 1249 1675 1200 1691 1376 1307 4635 3637 1000 1266 1087 778 1649 1325 839 742 515 386 436 458 463 750 1096 1816 1153 544 270 273 372 365 456 423 492 508 646 1032 1026 651 589 609 728 711 947 1397 1587 1354 939 653 579 634 684 616
-9999 -9999 -9999 -9999 -9999 -9999 -9999 471 922 778 730 976 656 752 790 782 698 614 481 616 557 436 788 1998 1288 941 510 483 481 459 441 483 1008 591 300 424 810 1086 1240 1084 1269 1609 1713 3785 2511 896 709 656 728 1236 2208 1296 1216 780 615 1030 1180 997 1385 1032 1136 1253 575 403 318 321 320 614 806 571 764 818 1631 1014 832 613 642 588 654 1324 1179 984 928 693 577 611 694 934 722
-9999 -9999 -9999 -9999 -9999 -9999 -9999 335 842 1004 1132 499 1099 1176 761 1289 1319 814 471 658 814 773 832 1487 2429 813 492 614 1467 2484 914 497 900 589 380 619 1044 1068 936 834 998 1679 2026 1851 1108 788 676 684 1238 1430 1494 1039 914 780 832 1235 1084 1300 886 966 1618 1056 718 504 441 477 375 452 754 660 586 626 1155 1046 602 513 482 449 533 865 978 1012 863 567 564 702 743 713 560
-9999 -9999 -9999 -9999 -9999 -9999 668 453 419 589 634 523 537 780 628 926 1325 808 455 523 715 970 792 925 2088 1753 967 730 1796 3587 2897 1397 403 405 464 612 668 698 684 736 940 1897 1681 898 532 518 1005 922 992 807 696 774 999 737 930 775 776 1238 952 1173 1180 880 1002 668 668 687 464 407 699 782 600 714 778 996 708 670 479 501 531 688 1005 962 831 467 414 775 939 668 712
-9999 -9999 -9999 -9999 -9999 -9999 654 421 507 537 459 682 482 644 728 4053 5804 559 384 482 557 873 612 841 1170 2036 2392 1010 3788 4107 6257 4732 1619 426 485 842 493 502 501 485 824 1099 754 863 640 627 873 898 816 862 842 834 1028 1154 1336 1295 1213 910 908 1255 942 974 1177 1094 839 724 361 369 629 909 854 761 716 834 898 559 617 668 636 816 940 818 546 510 468 436 623 762 758
-9999 -9999 -9999 -9999 -9999 -9999 745 486 447 493 353 451 467 1535 2362 2713 1488 608 487 475 710 1483 3374 4260 2260 5053 7572 4218 7167 4175 3644 2800 1092 507 569 670 571 647 775 682 1307 1169 966 788 643 557 696 660 689 848 849 888 1109 1451 1009 1076 1260 948 968 1194 1017 905 1162 1581 1020 866 692 502 479 530 748 1011 878 752 896 699 498 502 757 676 439 372 431 354 324 371 434 474 541
-9999 -9999 -9999 -9999 -9999 231 393 710 324 517 414 353 406 950 1036 1019 531 491 561 778 718 2149 4996 6338 5828 6485 27100 21176 6942 5161 3530 769 708 519 517 577 760 1022 1411 1437 1649 744 577 497 430 425 538 553 603 723 840 807 935 1541 1335 1155 1359 1227 440 704 726 283 441 1612 1287 975 636 375 236 385 535 983 1000 772 784 1126 811 785 602 365 318 298 322 283 295 403 493 517 491
-9999 -9999 -9999 -9999 207 343 436 553 293 786 528 660 599 1429 908 537 637 742 399 578 1332 2767 4528 5285 5531 19005 38309 38510 19608 7378 6331 3666 5187 1143 747 750 1015 1164 1102 690 556 452 616 751 456 481 570 711 882 1045 1371 1111 972 1633 1557 1129 942 456 273 273 373 1000 468 473 1065 668 351 283 271 225 225 355 746 1119 888 1024 1170 836 491 340 308 293 328 291 388 631 646 1146 763
-9999 -9999 -9999 -9999 384 389 468 267 274 501 495 1226 638 682 493 379 371 429 348 440 1447 4912 4933 7896 10800 16689 29857 24626 12536 9604 5154 2617 1847 532 495 536 803 950 611 453 392 368 436 514 618 664 854 1006 896 840 895 1335 1309 2951 2190 1385 795 563 322 261 333 1016 975 434 241 313 317 335 414 309 470 537 1325 1358 1790 2527 1189 794 793 595 547 387 363 311 401 896 1172 785 597
-9999 -9999 253 536 1154 717 567 520 782 497 156 296 1213 971 605 333 557 845 756 831 1184 4838 4506 2963 4516 7530 9443 3237 2735 2651 3523 2623 716 719 794 914 844 788 769 608 407 390 437 551 598 575 912 828 733 797 988 1461 1324 1475 1099 1313 808 790 437 310 341 932 999 615 211 318 355 301 347 375 1278 958 1003 1216 3841 3674 1570 1086 692 743 1007 539 495 318 289 391 739 614 727
-9999 718 565 1106 644 963 1120 885 1046 996 581 1329 1219 872 450 381 393 503 472 888 956 1667 1341 746 2426 7625 4209 3634 3364 3159 2391 1411 1415 1110 638 583 583 738 740 719 573 457 467 495 471 449 427 587 662 792 1116 1305 1227 1218 888 1351 762 573 422 568 775 864 679 503 315 561 658 464 462 433 353 672 892 870 1388 1355 906 792 562 545 718 690 445 348 296 335 344 338 405
-9999 412 479 494 1138 1145 1028 625 422 229 1237 3254 1797 5373 1093 802 489 353 605 584 684 1010 819 886 1325 1243 2136 3182 2712 2535 1103 1507 2923 1067 603 515 628 844 744 694 959 575 627 597 608 527 434 684 760 1263 1513 1257 1708 1273 949 1250 942 669 455 330 1342 689 305 355 421 393 429 332 255 340 556 882 1162 762 1056 1453 646 631 802 571 455 443 676 493 228 239 -9999 -9999 -9999
-9999 203 371 485 696 1186 1485 511 333 397 1113 1617 1245 3335 1127 625 414 764 766 638 391 565 1212 1633 887 603 593 777 1145 1476 967 1132 1236 1513 1056 736 602 696 990 1048 1168 785 503 461 567 607 646 1254 1164 4550 4095 1415 1528 1041 1118 1670 2488 2803 928 -9999 -9999 -9999 -9999 -9999 -9999 -9999 -9999 -9999 -9999 -9999 -9999 -9999 -9999 -9999 -9999 -9999 -9999 -9999 -9999 -9999 -9999 -9999 -9999 -9999 -9999 -9999 -9999 -9999 -9999
-9999 249 409 499 615 683 1230 300 315 346 457 694 656 632 477 461 382 711 597 481 465 793 1272 891 661 685 544 650 558 521 632 944 1441 1232 1481 1278 1020 995 1299 1005 1087 603 638 645 879 704 809 1017 1236 1487 1060 945 1272 936 1178 1711 2805 2013 820 -9999 -9999 -9999 -9999 -9999 -9999 -9999 -9999 -9999 -9999 -9999 -9999 -9999 -9999 -9999 -9999 -9999 -9999 -9999 -9999 -9999 -9999 -9999 -9999 -9999 -9999 -9999 -9999 -9999 -9999
-9999 -9999 518 526 549 329 407 457 336 154 164 423 744 743 650 836 569 589 489 962 910 1126 1279 822 756 794 583 595 563 594 821 1396 1205 922 1159 1136 972 903 664 473 377 367 609 509 478 435 664 469 726 1454 860 637 662 616 901 1321 1929 1018 -9999 -9999 -9999 -9999 -9999 -9999 -9999 -9999 -9999 -9999 -9999 -9999 -9999 -9999 -9999 -9999 -9999 -9999 -9999 -9999 -9999 -9999 -9999 -9999 -9999 -9999 -9999 -9999 -9999 -9999 -9999
-9999 -9999 696 587 628 558 421 378 316 306 788 684 1053 1064 808 693 499 717 684 1595 840 1391 1110 844 701 648 996 957 664 826 1085 1523 1257 1132 709 993 1091 670 502 401 307 337 540 763 856 637 675 613 441 992 765 541 445 525 799 1409 1034 903 -9999 -9999 -9999 -9999 -9999 -9999 -9999 -9999 -9999 -9999 -9999 -9999 -9999 -9999 -9999 -9999 -9999 -9999 -9999 -9999 -9999 -9999 -9999 -9999 -9999 -9999 -9999 -9999 -9999 -9999 -9999
-9999 -9999 508 359 730 613 604 577 766 549 287 445 848 1158 658 324 378 1778 792 385 571 818 786 989 949 682 976 936 620 659 780 1284 1347 810 868 1240 1031 630 509 459 521 910 1705 1162 999 970 1213 850 315 605 515 314 265 371 702 857 660 465 -9999 -9999 -9999 -9999 -9999 -9999 -9999 -9999 -9999 -9999 -9999 -9999 -9999 -9999 -9999 -9999 -9999 -9999 -9999 -9999 -9999 -9999 -9999 -9999 -9999 -9999 -9999 -9999 -9999 -9999 -9999
-9999 600 444 449 634 1013 619 429 565 601 253 261 503 1172 784 1178 617 2093 721 610 1297 982 728 736 795 1322 1514 1011 929 1105 984 1188 880 1001 1024 1190 634 602 1110 1325 1399 1485 2091 1335 1087 1020 1257 513 267 395 403 323 257 325 467 485 575 -9999 -9999 -9999 -9999 -9999 -9999 -9999 -9999 -9999 -9999 -9999 -9999 -9999 -9999 -9999 -9999 -9999 -9999 -9999 -9999 -9999 -9999 -9999 -9999 -9999 -9999 -9999 -9999 -9999 -9999 -9999 -9999
-9999 961 1146 473 414 450 559 1018 1037 606 341 341 491 1271 1395 3233 5023 5616 1084 947 905 854 731 792 1411 1277 1645 2862 2014 1061 938 1054 742 942 1140 856 822 664 1103 1483 1375 1004 1558 1421 1137 974 970 424 282 413 471 413 446 465 499 523 625 -9999 -9999 -9999 -9999 -9999 -9999 -9999 -9999 -9999 -9999 -9999 -9999 -9999 -9999 -9999 -9999 -9999 -9999 -9999 -9999 -9999 -9999 -9999 -9999 -9999 -9999 -9999 -9999 -9999 -9999 -9999 -9999
-9999 788 1174 619 1027 700 975 1484 1776 1447 569 294 436 1445 1791 5121 12884 10408 1626 1655 1359 1691 1090 1147 1106 858 889 1436 1307 1527 1173 806 653 692 910 914 672 824 912 644 593 387 716 628 846 571 341 298 317 482 917 412 517 796 853 595 -9999 -9999 -9999 -9999 -9999 -9999 -9999 -9999 -9999 -9999 -9999 -9999 -9999 -9999 -9999 -9999 -9999 -9999 -9999 -9999 -9999 -9999 -9999 -9999 -9999 -9999 -9999 -9999 -9999 -9999 -9999 -9999 -9999
-9999 474 770 1320 1501 816 783 1566 1265 1315 465 403 678 1351 1764 2855 3179 2541 1369 1789 1476 1452 852 954 1016 873 996 1012 758 961 1457 750 970 947 972 908 607 596 624 571 419 433 625 547 565 375 352 340 402 529 784 423 383 559 621 559 635 -9999 -9999 -9999 -9999 -9999 -9999 -9999 -9999 -9999 -9999 -9999 -9999 -9999 -9999 -9999 -9999 -9999 -9999 -9999 -9999 -9999 -9999 -9999 -9999 -9999 -9999 -9999 -9999 -9999 -9999 -9999 -9999
-9999 706 2064 1473 1261 1375 852 801 894 784 560 493 805 1053 1307 2061 2843 1995 1162 1775 1142 806 720 972 764 757 781 855 650 651 901 1206 1315 1107 864 806 533 644 600 599 537 560 419 601 541 480 608 518 479 609 762 409 389 451 469 628 1014 -9999 -9999 -9999 -9999 -9999 -9999 -9999 -9999 -9999 -9999 -9999 -9999 -9999 -9999 -9999 -9999 -9999 -9999 -9999 -9999 -9999 -9999 -9999 -9999 -9999 -9999 -9999 -9999 -9999 -9999 -9999 -9999
-9999 961 1565 1199 1564 1133 599 594 1032 736 696 1214 916 1230 920 1647 2462 1525 933 1077 934 709 607 644 686 687 700 747 593 601 873 1069 1271 990 728 565 540 728 587 576 439 410 556 575 384 383 484 499 719 661 730 566 457 670 818 1101 1000 -9999 -9999 -9999 -9999 -9999 -9999 -9999 -9999 -9999 -9999 -9999 -9999 -9999 -9999 -9999 -9999 -9999 -9999 -9999 -9999 -9999 -9999 -9999 -9999 -9999 -9999 -9999 -9999 -9999 -9999 -9999 -9999
988 1507 1368 1265 1608 1820 1222 739 1242 903 742 1525 1096 757 563 1256 2283 1346 1703 948 794 832 722 611 836 804 699 705 605 585 707 871 822 1413 882 652 567 561 525 480 336 381 691 461 341 321 337 359 613 471 727 841 661 638 801 1299 1044 718 -9999 -9999 -9999 -9999 -9999 -9999 -9999 -9999 -9999 -9999 -9999 -9999 -9999 -9999 -9999 -9999 -9999 -9999 -9999 -9999 -9999 -9999 -9999 -9999 -9999 -9999 -9999 -9999 -9999 -9999 -9999
875 1396 1437 1348 975 1495 1359 446 720 505 1149 824 678 583 955 1030 1040 1006 1347 1124 882 1056 724 623 678 680 705 837 892 645 632 669 729 853 690 728 1238 918 567 425 316 365 540 502 378 333 325 385 637 698 846 1353 938 655 649 824 799 922 794 453 -9999 -9999 -9999 -9999 -9999 -9999 -9999 -9999 -9999 -9999 -9999 -9999 -9999 -9999 -9999 -9999 -9999 -9999 -9999 -9999 -9999 -9999 -9999 -9999 -9999 -9999 -9999 -9999 -9999
-9999 783 1728 1321 896 854 611 381 493 409 912 906 1189 576 856 1146 533 689 687 762 726 865 649 559 581 602 612 657 798 936 699 858 849 604 700 623 1316 1129 679 389 421 453 615 589 439 391 359 632 1240 1136 1322 3083 1144 806 891 671 660 798 701 -9999 -9999 -9999 -9999 -9999 -9999 -9999 -9999 -9999 -9999 -9999 -9999 -9999 -9999 -9999 -9999 -9999 -9999 -9999 -9999 -9999 -9999 -9999 -9999 -9999 -9999 -9999 -9999 -9999 -9999
-9999 -9999 858 1579 700 493 485 297 331 367 611 958 1041 1528 1082 625 477 747 565 441 571 589 531 541 625 658 558 714 742 683 794 802 611 612 535 556 705 927 632 553 1075 809 954 1627 815 660 521 688 2106 1734 2256 5984 1732 723 820 674 563 621 -9999 -9999 -9999 -9999 -9999 -9999 -9999 -9999 -9999 -9999 -9999 -9999 -9999 -9999 -9999 -9999 -9999 -9999 -9999 -9999 -9999 -9999 -9999 -9999 -9999 -9999 -9999 -9999 -9999 -9999 -9999
-9999 -9999 -9999 -9999 -9999 -9999 -9999 -9999 -9999 406 487 758 1417 6106 1216 529 547 748 419 347 357 461 473 629 570 757 593 601 631 825 838 708 617 722 683 541 587 585 535 445 797 724 763 1900 1111 659 493 525 646 1212 1701 1439 984 770 595 520 325 321 377 -9999 -9999 -9999 -9999 -9999 -9999 -9999 -9999 -9999 -9999 -9999 -9999 -9999 -9999 -9999 -9999 -9999 -9999 -9999 -9999 -9999 -9999 -9999 -9999 -9999 -9999 -9999 -9999 -9999 -9999
-9999 -9999 -9999 -9999 -9999 -9999 -9999 -9999 -9999 393 629 1117 1319 806 806 729 782 502 393 325 324 358 373 581 748 632 714 823 818 631 698 674 634 705 717 541 491 520 501 393 563 495 493 902 1196 725 571 612 674 898 984 840 726 801 650 553 393 345 419 408 -9999 -9999 -9999 -9999 -9999 -9999 -9999 -9999 -9999 -9999 -9999 -9999 -9999 -9999 -9999 -9999 -9999 -9999 -9999 -9999 -9999 -9999 -9999 -9999 -9999 -9999 -9999 -9999 -9999
-9999 -9999 -9999 -9999 -9999 -9999 -9999 -9999 -9999 395 785 1031 869 433 451 528 503 439 403 391 362 309 324 387 554 644 594 534 615 726 914 687 876 706 856 559 475 461 460 367 411 638 645 812 1352 1357 1000 603 445 454 647 757 651 393 381 551 708 978 774 369 -9999 -9999 -9999 -9999 -9999 -9999 -9999 -9999 -9999 -9999 -9999 -9999 -9999 -9999 -9999 -9999 -9999 -9999 -9999 -9999 -9999 -9999 -9999 -9999 -9999 -9999 -9999 -9999 -9999
-9999 -9999 -9999 -9999 -9999 -9999 -9999 -9999 -9999 -9999 675 454 430 404 505 597 732 567 509 489 367 307 305 365 595 520 458 437 583 658 526 551 622 561 792 586 521 612 928 478 390 710 623 705 1137 1406 728 497 388 317 242 317 349 337 300 424 1214 1685 1105 692 -9999 -9999 -9999 -9999 -9999 -9999 -9999 -9999 -9999 -9999 -9999 -9999 -9999 -9999 -9999 -9999 -9999 -9999 -9999 -9999 -9999 -9999 -9999 -9999 -9999 -9999 -9999 -9999 -9999
-9999 -9999 -9999 -9999 -9999 -9999 -9999 -9999 -9999 -9999 237 359 499 536 531 717 740 495 513 379 365 339 367 460 729 507 432 445 530 547 437 403 481 571 1288 887 974 1112 1092 589 605 583 543 609 723 826 595 529 474 481 348 285 327 284 293 311 888 1008 845 544 -9999 -9999 -9999 -9999 -9999 -9999 -9999 -9999 -9999 -9999 -9999 -9999 -9999 -9999 -9999 -9999 -9999 -9999 -9999 -9999 -9999 -9999 -9999 -9999 -9999 -9999 -9999 -9999 -9999
-9999 -9999 -9999 -9999 -9999 -9999 -9999 -9999 -9999 -9999 -9999 -9999 547 501 526 742 497 410 391 353 344 391 411 488 904 547 469 466 503 448 404 393 453 833 1007 1005 1106 1605 1229 1020 910 632 492 605 752 902 702 715 769 381 283 320 343 281 340 315 718 670 489 696 -9999 -9999 -9999 -9999 -9999 -9999 -9999 -9999 -9999 -9999 -9999 -9999 -9999 -9999 -9999 -9999 -9999 -9999 -9999 -9999 -9999 -9999 -9999 -9999 -9999 -9999 -9999 -9999 -9999
-9999 -9999 -9999 -9999 -9999 -9999 -9999 -9999 -9999 -9999 -9999 -9999 601 387 371 423 401 553 431 368 435 425 405 469 757 750 530 487 581 523 453 415 433 489 751 856 990 1102 1176 1028 943 744 477 534 618 1003 660 700 980 437 398 419 453 331 336 347 466 528 404 524 -9999 -9999 -9999 -9999 -9999 -9999 -9999 -9999 -9999 -9999 -9999 -9999 -9999 -9999 -9999 -9999 -9999 -9999 -9999 -9999 -9999 -9999 -9999 -9999 -9999 -9999 -9999 -9999 -9999
-9999 -9999 -9999 -9999 -9999 -9999 -9999 -9999 -9999 -9999 -9999 -9999 404 394 299 277 311 361 565 407 589 569 501 458 530 702 532 531 547 711 501 426 410 391 467 820 1108 1046 977 898 820 708 465 479 607 1229 678 596 612 490 459 478 500 425 415 422 463 583 395 463 -9999 -9999 -9999 -9999 -9999 -9999 -9999 -9999 -9999 -9999 -9999 -9999 -9999 -9999 -9999 -9999 -9999 -9999 -9999 -9999 -9999 -9999 -9999 -9999 -9999 -9999 -9999 -9999 -9999
-9999 -9999 -9999 -9999 -9999 -9999 -9999 -9999 -9999 -9999 -9999 -9999 411 385 323 275 272 306 373 348 571 1141 712 604 541 956 849 625 438 460 482 429 392 365 545 933 1226 973 -9999 -9999 -9999 -9999 -9999 -9999 -9999 457 504 582 525 536 -9999 375 551 796 696 765 658 668 429 671 -9999 -9999 -9999 -9999 -9999 -9999 -9999 -9999 -9999 -9999 -9999 -9999 -9999 -9999 -9999 -9999 -9999 -9999 -9999 -9999 -9999 -9999 -9999 -9999 -9999 -9999 -9999 -9999 -9999
-9999 -9999 -9999 -9999 -9999 -9999 -9999 -9999 -9999 -9999 -9999 -9999 -9999 -9999 183 281 266 263 270 281 433 850 585 581 702 657 632 667 444 407 422 401 374 407 297 -9999 -9999 -9999 -9999 -9999 -9999 -9999 -9999 -9999 -9999 -9999 -9999 -9999 357 367 -9999 511 914 1034 694 720 1140 1146 465 602 -9999 -9999 -9999 -9999 -9999 -9999 -9999 -9999 -9999 -9999 -9999 -9999 -9999 -9999 -9999 -9999 -9999 -9999 -9999 -9999 -9999 -9999 -9999 -9999 -9999 -9999 -9999 -9999 -9999
-9999 -9999 -9999 -9999 -9999 -9999 -9999 -9999 -9999 -9999 -9999 -9999 -9999 -9999 -9999 -9999 278 267 251 268 361 431 547 1020 793 585 484 603 438 439 -9999 391 -9999 -9999 -9999 -9999 -9999 -9999 -9999 -9999 -9999 -9999 -9999 -9999 -9999 -9999 -9999 -9999 -9999 -9999 -9999 -9999 -9999 1589 962 439 485 506 467 812 611 -9999 -9999 -9999 -9999 -9999 -9999 -9999 -9999 -9999 -9999 -9999 -9999 -9999 -9999 -9999 -9999 -9999 -9999 -9999 -9999 -9999 -9999 -9999 -9999 -9999 -9999 -9999 -9999
