GIS/bfa_beta.asc
ncols         173
nrows         126
xllcorner     224227.65281
yllcorner     1039207.04677
cellsize      5000
NODATA_value  -9999
[rows 70 to 104 of 126, columns 0 to 77 of 173]
-9999 -9999 -9999 -9999 -9999 -9999 -9999 0.37 0.35 0.31 0.35 0.39 0.4 0.33 0.39 0.36 0.34 0.42 0.59 0.49 0.49 0.44 0.48 0.67 0.54 0.45 0.38 0.141 0.132 0.153 0.12 0.138 0.13 0.126 0.105 0.106 0.108 0.116 0.109 0.094 0.114 0.117 0.102 0.11 0.113 0.103 0.1 0.118 0.111 0.103 0.1 0.126 0.112 0.126 0.11 0.123 0.126 0.11 0.118 0.093 0.106 0.106 0.106 0.096 0.106 0.098 0.088 0.098 0.088 0.106 0.106 0.084 0.096 0.082 0.084 0.099 0.087 0.098
-9999 -9999 -9999 -9999 -9999 -9999 0.3 0.29 0.33 0.37 0.29 0.31 0.43 0.39 0.36 0.6 0.5 0.54 0.44 0.52 0.51 0.45 0.58 0.49 0.49 0.36 0.3 0.122 0.122 0.135 0.142 0.122 0.129 0.093 0.106 0.103 0.102 0.105 0.103 0.097 0.108 0.1 0.106 0.11 0.114 0.088 0.098 0.116 0.106 0.103 0.084 0.123 0.112 0.117 0.09 0.113 0.117 0.09 0.106 0.114 0.12 0.108 0.105 0.122 0.106 0.105 0.084 0.098 0.089 0.106 0.114 0.126 0.103 0.097 0.104 0.095 0.089 0.106
-9999 -9999 -9999 0.21 0.167 0.26 0.22 0.3 0.33 0.29 0.39 0.46 0.43 0.39 0.38 0.39 0.33 0.49 0.52 0.49 0.53 0.41 0.54 0.47 0.41 0.36 0.45 0.148 0.132 0.35 0.133 0.126 0.109 0.105 0.108 0.093 0.106 0.101 0.088 0.088 0.1 0.098 0.095 0.1 0.103 0.086 0.1 0.084 0.101 0.084 0.084 0.117 0.09 0.126 0.125 0.116 0.114 0.118 0.093 0.109 0.126 0.097 0.124 0.117 0.097 0.097 0.117 0.109 0.108 0.106 0.098 0.093 0.108 0.098 0.108 0.084 0.087 0.098
-9999 -9999 -9999 -9999 -9999 0.25 0.3 0.3 0.31 0.29 0.33 0.48 0.48 0.55 0.4 0.38 0.49 0.41 0.5 0.5 0.54 0.51 0.43 0.45 0.45 0.48 0.39 0.39 0.112 0.141 0.139 0.112 0.093 0.106 0.102 0.117 0.106 0.098 0.073 0.095 0.073 0.073 0.108 0.085 0.086 0.09 0.105 0.103 0.104 0.088 0.106 0.117 0.115 0.128 0.11 0.103 0.127 0.1 0.103 0.108 0.114 0.113 0.1 0.098 0.115 0.111 0.117 0.117 0.093 0.105 0.114 0.097 0.093 0.108 0.098 0.106 0.099 0.099
-9999 -9999 -9999 -9999 -9999 -9999 0.29 0.32 0.31 0.29 0.31 0.33 0.54 0.5 0.39 0.49 0.39 0.5 0.54 0.47 0.42 0.5 0.44 0.42 0.4 0.39 0.38 0.33 0.29 0.28 0.097 0.109 0.108 0.105 0.093 0.102 0.106 0.099 0.076 0.082 0.085 0.106 0.098 0.095 0.095 0.098 0.106 0.106 0.096 0.1 0.098 0.103 0.103 0.114 0.109 0.117 0.088 0.098 0.09 0.106 0.073 0.098 0.117 0.109 0.115 0.109 0.097 0.102 0.102 0.102 0.111 0.11 0.106 0.098 0.098 0.108 0.098 0.093
-9999 -9999 -9999 -9999 -9999 -9999 0.29 0.31 0.35 0.33 0.33 0.29 0.32 0.31 0.39 0.41 0.4 0.4 0.47 0.48 0.42 0.49 0.39 0.29 0.28 0.33 0.32 0.28 0.32 0.111 0.098 0.093 0.108 0.114 0.117 0.117 0.089 0.076 0.093 0.099 0.096 0.089 0.085 0.104 0.087 0.096 0.081 0.086 0.074 0.099 0.098 0.114 0.097 0.116 0.103 0.106 0.099 0.117 0.106 0.11 0.12 0.114 0.137 0.145 0.102 0.102 0.109 0.128 0.126 0.128 0.117 0.114 0.098 0.098 0.106 0.098 0.095 0.086
-9999 -9999 -9999 -9999 -9999 0.23 0.25 0.29 0.35 0.31 0.33 0.3 0.31 0.4 0.33 0.42 0.48 0.48 0.38 0.41 0.3 0.31 0.39 0.29 0.29 0.39 0.3 0.32 0.25 0.11 0.099 0.098 0.26 0.106 0.117 0.117 0.08 0.076 0.099 0.099 0.099 0.095 0.086 0.093 0.083 0.093 0.093 0.09 0.096 0.086 0.098 0.108 0.106 0.106 0.073 0.098 0.11 0.106 0.105 0.096 0.091 0.087 0.103 0.094 0.122 0.11 0.126 0.115 0.137 0.126 0.09 0.094 0.106 0.084 0.106 0.108 0.098 0.105
-9999 -9999 -9999 -9999 -9999 -9999 -9999 0.23 0.36 0.31 0.31 0.31 0.39 0.33 0.39 0.34 0.42 0.42 0.47 0.29 0.27 0.23 0.39 0.31 0.25 0.24 0.2 0.22 0.26 0.098 0.1 0.09 0.26 0.21 0.175 0.076 0.098 0.091 0.076 0.068 0.085 0.085 0.093 0.086 0.099 0.089 0.086 0.081 0.099 0.096 0.096 0.086 0.095 0.098 0.098 0.093 0.108 0.103 0.126 0.117 0.103 0.094 0.106 0.111 0.103 0.126 0.118 0.128 0.125 0.13 0.145 0.131 0.102 0.12 0.093 0.1 0.113 0.126
-9999 -9999 -9999 -9999 -9999 -9999 -9999 0.21 0.23 0.25 0.28 0.29 0.37 0.29 0.29 0.39 0.36 0.41 0.33 0.32 0.22 0.25 0.26 0.2 0.16 0.32 0.19 0.21 0.178 0.161 0.098 0.166 0.167 0.21 0.076 0.078 0.085 0.085 0.068 0.076 0.079 0.083 0.093 0.089 0.104 0.096 0.085 0.074 0.076 0.066 0.075 0.079 0.068 0.084 0.099 0.109 0.114 0.103 0.114 0.089 0.089 0.087 0.09 0.09 0.109 0.103 0.093 0.122 0.111 0.167 0.145 0.12 0.112 0.116 0.093 0.109 0.126 0.117
-9999 -9999 -9999 -9999 -9999 -9999 -9999 0.27 0.24 0.22 0.32 0.24 0.29 0.28 0.31 0.43 0.41 0.39 0.29 0.31 0.23 0.27 0.17 0.16 0.19 0.166 0.173 0.16 0.171 0.172 0.168 0.14 0.175 0.168 0.118 0.089 0.1 0.079 0.078 0.079 0.084 0.071 0.078 0.084 0.087 0.082 0.076 0.072 0.063 0.096 0.093 0.086 0.08 0.074 0.073 0.117 0.109 0.108 0.106 0.071 0.084 0.099 0.098 0.106 0.102 0.109 0.111 0.126 0.12 0.167 0.12 0.13 0.119 0.109 0.114 0.128 0.128 0.129
-9999 -9999 -9999 -9999 -9999 -9999 -9999 0.25 0.22 0.23 0.25 0.31 0.3 0.29 0.33 0.33 0.39 0.35 0.29 0.24 0.3 0.18 0.17 0.166 0.16 0.143 0.119 0.118 0.176 0.21 0.16 0.17 0.14 0.16 0.163 0.175 0.098 0.099 0.125 0.146 0.148 0.096 0.084 0.091 0.069 0.079 0.071 0.072 0.068 0.076 0.078 0.093 0.081 0.106 0.089 0.088 0.086 0.086 0.092 0.092 0.079 0.093 0.09 0.098 0.114 0.102 0.114 0.117 0.117 0.126 0.09 0.111 0.121 0.113 0.123 0.122 0.122 0.137
-9999 -9999 -9999 -9999 -9999 -9999 -9999 0.28 0.22 0.16 0.24 0.3 0.31 0.29 0.32 0.35 0.3 0.24 0.26 0.23 0.2 0.177 0.17 0.166 0.14 0.17 0.173 0.177 0.19 0.21 0.17 0.174 0.143 0.16 0.119 0.168 0.19 0.125 0.145 0.143 0.148 0.156 0.13 0.081 0.133 0.066 0.114 0.126 0.092 0.082 0.083 0.079 0.099 0.098 0.081 0.077 0.083 0.083 0.078 0.083 0.083 0.077 0.085 0.089 0.105 0.106 0.117 0.108 0.09 0.108 0.117 0.109 0.103 0.116 0.102 0.102 0.126 0.12
-9999 -9999 -9999 -9999 -9999 -9999 0.26 0.24 0.25 0.175 0.167 0.25 0.31 0.31 0.31 0.3 0.22 0.25 0.178 0.25 0.21 0.2 0.178 0.25 0.13 0.119 0.138 0.171 0.165 0.14 0.13 0.138 0.121 0.16 0.13 0.126 0.119 0.163 0.16 0.119 0.136 0.131 0.116 0.127 0.14 0.119 0.128 0.097 0.072 0.078 0.078 0.082 0.104 0.14 0.076 0.076 0.089 0.071 0.078 0.072 0.083 0.079 0.079 0.098 0.106 0.099 0.102 0.117 0.093 0.117 0.117 0.097 0.109 0.116 0.108 0.11 0.137 0.12
-9999 -9999 -9999 -9999 -9999 -9999 0.18 0.26 0.23 0.23 0.23 0.24 0.3 0.29 0.3 0.26 0.19 0.167 0.23 0.23 0.26 0.22 0.178 0.17 0.142 0.102 0.13 0.131 0.15 0.13 0.13 0.14 0.156 0.168 0.121 0.125 0.119 0.16 0.16 0.16 0.132 0.128 0.128 0.134 0.119 0.13 0.128 0.124 0.134 0.133 0.146 0.131 0.125 0.11 0.08 0.091 0.084 0.092 0.082 0.08 0.078 0.091 0.086 0.086 0.094 0.095 0.106 0.106 0.098 0.097 0.1 0.105 0.108 0.089 0.105 0.108 0.128 0.114
-9999 -9999 -9999 -9999 -9999 -9999 0.27 0.26 0.178 0.26 0.23 0.25 0.25 0.28 0.26 0.23 0.166 0.26 0.167 0.167 0.2 0.23 0.17 0.18 0.156 0.11 0.14 0.14 0.11 0.11 0.113 0.118 0.148 0.119 0.119 0.168 0.171 0.16 0.16 0.163 0.135 0.128 0.128 0.123 0.121 0.12 0.128 0.123 0.14 0.138 0.18 0.148 0.11 0.131 0.146 0.083 0.086 0.092 0.076 0.076 0.091 0.088 0.086 0.097 0.116 0.11 0.106 0.102 0.105 0.105 0.106 0.1 0.1 0.098 0.098 0.098 0.109 0.18
-9999 -9999 -9999 -9999 -9999 0.167 0.167 0.26 0.2 0.27 0.26 0.25 0.27 0.32 0.22 0.22 0.27 0.23 0.2 0.21 0.177 0.146 0.15 0.13 0.12 0.13 0.11 0.12 0.12 0.13 0.12 0.163 0.118 0.12 0.121 0.162 0.119 0.137 0.131 0.142 0.119 0.111 0.109 0.129 0.108 0.14 0.121 0.121 0.173 0.173 0.145 0.146 0.094 0.115 0.134 0.079 0.077 0.076 0.069 0.071 0.085 0.09 0.089 0.099 0.103 0.1 0.106 0.098 0.1 0.106 0.106 0.098 0.086 0.098 0.099 0.084 0.23 0.169
-9999 -9999 -9999 -9999 0.16 0.172 0.26 0.18 0.22 0.2 0.26 0.25 0.24 0.3 0.29 0.32 0.23 0.167 0.178 0.119 0.143 0.13 0.14 0.14 0.12 0.13 0.07 0.08 0.11 0.12 0.13 0.12 0.13 0.127 0.163 0.16 0.132 0.122 0.128 0.108 0.12 0.124 0.114 0.125 0.128 0.16 0.119 0.119 0.15 0.145 0.144 0.142 0.127 0.116 0.115 0.148 0.15 0.15 0.062 0.067 0.081 0.093 0.074 0.095 0.088 0.106 0.106 0.098 0.099 0.098 0.085 0.19 0.165 0.16 0.19 0.16 0.21 0.25
-9999 -9999 -9999 -9999 0.119 0.172 0.21 0.21 0.2 0.23 0.25 0.32 0.25 0.23 0.25 0.23 0.23 0.23 0.167 0.19 0.164 0.14 0.15 0.16 0.14 0.12 0.04 0.05 0.08 0.1 0.1 0.116 0.142 0.125 0.121 0.163 0.144 0.124 0.106 0.107 0.116 0.122 0.122 0.105 0.121 0.15 0.134 0.142 0.142 0.134 0.135 0.128 0.124 0.103 0.107 0.136 0.119 0.121 0.121 0.062 0.071 0.079 0.093 0.082 0.076 0.098 0.073 0.095 0.103 0.176 0.172 0.175 0.17 0.18 0.18 0.21 0.21 0.172
-9999 -9999 0.17 0.21 0.17 0.174 0.2 0.178 0.167 0.25 0.24 0.25 0.22 0.22 0.28 0.25 0.167 0.19 0.167 0.19 0.131 0.14 0.14 0.14 0.11 0.14 0.1 0.117 0.104 0.13 0.13 0.13 0.163 0.16 0.173 0.16 0.148 0.15 0.163 0.16 0.167 0.21 0.119 0.105 0.116 0.105 0.14 0.136 0.161 0.133 0.099 0.117 0.128 0.101 0.092 0.125 0.138 0.121 0.119 0.067 0.069 0.143 0.17 0.078 0.082 0.068 0.17 0.17 0.26 0.178 0.17 0.17 0.149 0.19 0.11 0.16 0.168 0.138
-9999 0.16 0.161 0.19 0.173 0.17 0.19 0.19 0.16 0.21 0.167 0.22 0.22 0.22 0.23 0.167 0.21 0.173 0.167 0.19 0.143 0.156 0.148 0.16 0.14 0.13 0.11 0.12 0.13 0.18 0.17 0.15 0.148 0.19 0.175 0.21 0.171 0.121 0.165 0.16 0.119 0.173 0.173 0.119 0.121 0.119 0.16 0.173 0.127 0.121 0.127 0.125 0.138 0.17 0.17 0.145 0.128 0.126 0.119 0.119 0.121 0.126 0.14 0.163 0.162 0.121 0.105 0.176 0.175 0.173 0.176 0.19 0.19 0.19 0.132 0.17 0.19 0.172
-9999 0.173 0.16 0.19 0.143 0.19 0.22 0.23 0.25 0.23 0.22 0.24 0.25 0.24 0.22 0.21 0.178 0.21 0.175 0.167 0.173 0.138 0.138 0.15 0.148 0.127 0.158 0.16 0.15 0.16 0.16 0.166 0.17 0.19 0.175 0.19 0.19 0.17 0.119 0.114 0.129 0.14 0.168 0.121 0.119 0.175 0.172 0.173 0.119 0.133 0.13 0.141 0.143 0.15 0.148 0.17 0.149 0.173 0.119 0.119 0.15 0.114 0.114 0.118 0.17 0.119 0.121 0.19 0.175 0.172 0.178 0.19 0.19 0.21 0.14 0.145 0.171 0.16
-9999 0.173 0.16 0.173 0.175 0.25 0.19 0.24 0.24 0.3 0.3 0.26 0.26 0.16 0.19 0.167 0.178 0.17 0.16 0.171 0.119 0.119 0.14 0.165 0.133 0.121 0.19 0.17 0.19 0.166 0.16 0.19 0.2 0.166 0.17 0.171 0.21 0.177 0.146 0.138 0.149 0.119 0.173 0.14 0.175 0.172 0.17 0.133 0.135 0.14 0.11 0.142 0.131 0.145 0.17 0.146 0.13 0.14 0.134 -9999 -9999 -9999 -9999 -9999 -9999 -9999 -9999 -9999 -9999 -9999 -9999 -9999 -9999 -9999 -9999 -9999 -9999 -9999
-9999 0.119 0.118 0.119 0.177 0.175 0.19 0.26 0.26 0.25 0.24 0.25 0.27 0.27 0.18 0.167 0.21 0.178 0.121 0.121 0.173 0.121 0.15 0.146 0.119 0.173 0.175 0.169 0.172 0.175 0.21 0.21 0.24 0.2 0.21 0.143 0.138 0.15 0.148 0.136 0.141 0.127 0.161 0.14 0.15 0.21 0.17 0.142 0.136 0.116 0.136 0.136 0.131 0.146 0.17 0.166 0.12 0.151 0.143 -9999 -9999 -9999 -9999 -9999 -9999 -9999 -9999 -9999 -9999 -9999 -9999 -9999 -9999 -9999 -9999 -9999 -9999 -9999
-9999 -9999 0.14 0.16 0.166 0.168 0.21 0.21 0.26 0.25 0.23 0.26 0.178 0.2 0.2 0.2 0.21 0.17 0.16 0.149 0.15 0.17 0.135 0.146 0.176 0.175 0.21 0.175 0.21 0.18 0.16 0.21 0.22 0.25 0.16 0.19 0.17 0.19 0.175 0.119 0.19 0.19 0.169 0.121 0.121 0.167 0.173 0.19 0.16 0.102 0.129 0.119 0.173 0.119 0.148 0.19 0.158 0.149 -9999 -9999 -9999 -9999 -9999 -9999 -9999 -9999 -9999 -9999 -9999 -9999 -9999 -9999 -9999 -9999 -9999 -9999 -9999 -9999
-9999 -9999 0.111 0.163 0.16 0.13 0.19 0.164 0.21 0.178 0.23 0.167 0.16 0.16 0.22 0.178 0.178 0.175 0.19 0.169 0.131 0.135 0.141 0.149 0.21 0.21 0.19 0.25 0.27 0.23 0.25 0.21 0.22 0.25 0.175 0.16 0.16 0.21 0.14 0.163 0.161 0.175 0.178 0.177 0.25 0.21 0.176 0.22 0.164 0.099 0.119 0.119 0.169 0.175 0.17 0.2 0.21 0.19 -9999 -9999 -9999 -9999 -9999 -9999 -9999 -9999 -9999 -9999 -9999 -9999 -9999 -9999 -9999 -9999 -9999 -9999 -9999 -9999
-9999 -9999 0.124 0.118 0.16 0.14 0.119 0.172 0.2 0.178 0.26 0.26 0.149 0.134 0.167 0.21 0.175 0.168 0.168 0.16 0.111 0.125 0.119 0.17 0.2 0.175 0.19 0.23 0.23 0.27 0.27 0.21 0.21 0.23 0.2 0.16 0.17 0.175 0.14 0.16 0.21 0.22 0.21 0.25 0.16 0.21 0.32 0.24 0.26 0.16 0.21 0.173 0.17 0.175 0.172 0.2 0.26 0.167 -9999 -9999 -9999 -9999 -9999 -9999 -9999 -9999 -9999 -9999 -9999 -9999 -9999 -9999 -9999 -9999 -9999 -9999 -9999 -9999
-9999 0.112 0.122 0.124 0.15 0.125 0.16 0.177 0.2 0.167 0.21 0.18 0.19 0.141 0.119 0.143 0.12 0.151 0.114 0.126 0.133 0.17 0.177 0.21 0.178 0.16 0.19 0.25 0.22 0.22 0.21 0.23 0.22 0.22 0.22 0.25 0.173 0.119 0.17 0.19 0.21 0.17 0.152 0.19 0.19 0.2 0.22 0.178 0.178 0.178 0.177 0.175 0.21 0.178 0.21 0.21 0.27 -9999 -9999 -9999 -9999 -9999 -9999 -9999 -9999 -9999 -9999 -9999 -9999 -9999 -9999 -9999 -9999 -9999 -9999 -9999 -9999 -9999
-9999 0.092 0.087 0.081 0.124 0.14 0.163 0.139 0.149 0.169 0.174 0.176 0.173 0.149 0.15 0.14 0.14 0.13 0.127 0.134 0.149 0.17 0.175 0.175 0.19 0.25 0.23 0.25 0.24 0.2 0.22 0.23 0.26 0.25 0.25 0.17 0.148 0.173 0.19 0.21 0.21 0.16 0.166 0.17 0.21 0.22 0.21 0.26 0.26 0.26 0.26 0.23 0.32 0.26 0.25 0.23 0.167 -9999 -9999 -9999 -9999 -9999 -9999 -9999 -9999 -9999 -9999 -9999 -9999 -9999 -9999 -9999 -9999 -9999 -9999 -9999 -9999 -9999
-9999 0.096 0.097 0.093 0.128 0.122 0.125 0.131 0.134 0.131 0.13 0.119 0.119 0.143 0.165 0.11 0.1 0.12 0.156 0.161 0.138 0.156 0.19 0.19 0.16 0.21 0.2 0.23 0.22 0.25 0.21 0.21 0.24 0.167 0.16 0.19 0.169 0.19 0.16 0.178 0.178 0.2 0.21 0.167 0.22 0.25 0.28 0.24 0.3 0.23 0.22 0.25 0.32 0.29 0.28 0.167 -9999 -9999 -9999 -9999 -9999 -9999 -9999 -9999 -9999 -9999 -9999 -9999 -9999 -9999 -9999 -9999 -9999 -9999 -9999 -9999 -9999 -9999
-9999 0.093 0.129 0.087 0.103 0.127 0.163 0.131 0.126 0.127 0.119 0.119 0.13 0.122 0.143 0.12 0.12 0.13 0.143 0.143 0.159 0.15 0.17 0.15 0.17 0.21 0.22 0.24 0.25 0.22 0.24 0.26 0.28 0.22 0.24 0.22 0.25 0.27 0.167 0.18 0.175 0.178 0.178 0.23 0.25 0.24 0.3 0.37 0.32 0.3 0.25 0.25 0.3 0.32 0.25 0.27 0.167 -9999 -9999 -9999 -9999 -9999 -9999 -9999 -9999 -9999 -9999 -9999 -9999 -9999 -9999 -9999 -9999 -9999 -9999 -9999 -9999 -9999
-9999 0.071 0.104 0.12 0.128 0.146 0.141 0.125 0.133 0.118 0.119 0.173 0.135 0.125 0.134 0.106 0.12 0.144 0.15 0.16 0.16 0.17 0.175 0.17 0.21 0.23 0.27 0.24 0.23 0.26 0.22 0.2 0.21 0.24 0.24 0.26 0.28 0.23 0.167 0.167 0.23 0.24 0.25 0.36 0.24 0.18 0.25 0.28 0.28 0.37 0.26 0.23 0.25 0.25 0.24 0.167 0.26 -9999 -9999 -9999 -9999 -9999 -9999 -9999 -9999 -9999 -9999 -9999 -9999 -9999 -9999 -9999 -9999 -9999 -9999 -9999 -9999 -9999
-9999 0.099 0.116 0.097 0.106 0.125 0.119 0.119 0.142 0.121 0.121 0.15 0.122 0.122 0.134 0.115 0.12 0.153 0.148 0.149 0.17 0.175 0.21 0.166 0.165 0.23 0.25 0.26 0.167 0.24 0.26 0.22 0.21 0.22 0.23 0.25 0.36 0.25 0.26 0.23 0.24 0.3 0.3 0.3 0.25 0.25 0.32 0.28 0.25 0.25 0.167 0.25 0.28 0.28 0.26 0.16 0.22 -9999 -9999 -9999 -9999 -9999 -9999 -9999 -9999 -9999 -9999 -9999 -9999 -9999 -9999 -9999 -9999 -9999 -9999 -9999 -9999 -9999
0.0865 0.12 0.127 0.097 0.106 0.14 0.136 0.119 0.142 0.131 0.121 0.156 0.122 0.118 0.119 0.127 0.12 0.148 0.133 0.149 0.19 0.19 0.21 0.166 0.19 0.24 0.25 0.26 0.167 0.24 0.24 0.22 0.21 0.22 0.22 0.25 0.36 0.25 0.26 0.23 0.24 0.3 0.3 0.3 0.25 0.25 0.32 0.28 0.25 0.25 0.167 0.24 0.28 0.28 0.26 0.16 0.22 0.107 -9999 -9999 -9999 -9999 -9999 -9999 -9999 -9999 -9999 -9999 -9999 -9999 -9999 -9999 -9999 -9999 -9999 -9999 -9999 -9999
0.092 0.128 0.116 0.124 0.127 0.142 0.1415 0.119 0.14 0.121 0.133 0.135 0.123 0.121 0.148 0.125 0.135 0.143 0.148 0.148 0.1485 0.17 0.174 0.21 0.178 0.25 0.26 0.21 0.29 0.25 0.25 0.26 0.23 0.24 0.23 0.24 0.29 0.24 0.27 0.24 0.28 0.24 0.25 0.29 0.32 0.37 0.31 0.24 0.3 0.3 0.26 0.24 0.31 0.23 0.26 0.19 0.21 0.22 0.074 0.061 -9999 -9999 -9999 -9999 -9999 -9999 -9999 -9999 -9999 -9999 -9999 -9999 -9999 -9999 -9999 -9999 -9999 -9999
-9999 0.108 0.118 0.127 0.13 0.121 0.118 0.119 0.105 0.121 0.129 0.135 0.125 0.14 0.136 0.131 0.173 0.119 0.16 0.173 0.119 0.15 0.119 0.169 0.21 0.23 0.23 0.26 0.22 0.22 0.37 0.24 0.29 0.167 0.167 0.25 0.22 0.24 0.24 0.24 0.31 0.35 0.3 0.28 0.31 0.31 0.33 0.33 0.33 0.38 0.26 0.26 0.24 0.24 0.22 0.2 0.23 0.24 0.178 -9999 -9999 -9999 -9999 -9999 -9999 -9999 -9999 -9999 -9999 -9999 -9999 -9999 -9999 -9999 -9999 -9999 -9999 -9999
