GIS/bfa_beta.asc
ncols         173
nrows         126
xllcorner     224227.65281
yllcorner     1039207.04677
cellsize      5000
NODATA_value  -9999
[rows 0 to 31 of 126, columns 72 to 143 of 173]
-9999 -9999 -9999 -9999 -9999 -9999 -9999 -9999 -9999 -9999 -9999 -9999 -9999 -9999 -9999 -9999 -9999 -9999 -9999 -9999 -9999 -9999 -9999 -9999 -9999 -9999 -9999 -9999 -9999 -9999 -9999 -9999 0.1705 0.1705 0.1454 0.1435 0.1083 0.1125 -9999 -9999 -9999 0.11265 0.0889 -9999 -9999 -9999 -9999 -9999 -9999 -9999 -9999 -9999 -9999 -9999 -9999 -9999 -9999 -9999 -9999 -9999 -9999 -9999 -9999 -9999 -9999 -9999 -9999 -9999 -9999 -9999 -9999 -9999
-9999 -9999 -9999 -9999 -9999 -9999 -9999 -9999 -9999 -9999 -9999 -9999 -9999 -9999 -9999 -9999 -9999 -9999 -9999 -9999 -9999 -9999 -9999 -9999 -9999 -9999 -9999 -9999 -9999 -9999 0.1453 0.1452 0.1837 0.129 0.1472 0.1095 0.0975 0.1371 0.126 -9999 0.119 0.1112 0.0995 0.0922 0.0864 0.0831 -9999 -9999 -9999 -9999 -9999 -9999 -9999 -9999 -9999 -9999 -9999 -9999 -9999 -9999 -9999 -9999 -9999 -9999 -9999 -9999 -9999 -9999 -9999 -9999 -9999 -9999
-9999 -9999 -9999 -9999 -9999 -9999 -9999 -9999 -9999 -9999 -9999 -9999 -9999 -9999 -9999 -9999 -9999 -9999 -9999 -9999 -9999 -9999 -9999 -9999 -9999 -9999 -9999 -9999 -9999 0.2033 0.1453 0.1595 0.149 0.132 0.1392 0.1354 0.1437 0.1435 0.1221 0.1129 0.1377 0.1004 0.1038 0.1011 0.0808 0.0851 0.0994 0.0862 0.1008 0.0839 0.083 0.083 0.0842 -9999 -9999 -9999 -9999 -9999 -9999 -9999 -9999 -9999 -9999 -9999 -9999 -9999 -9999 -9999 -9999 -9999 -9999 -9999
-9999 -9999 -9999 -9999 -9999 -9999 -9999 -9999 -9999 -9999 -9999 -9999 -9999 -9999 -9999 -9999 -9999 -9999 -9999 -9999 -9999 -9999 -9999 -9999 -9999 -9999 -9999 -9999 0.1695 0.2033 0.1452 0.1824 0.18088889 0.1855 0.1452 0.142 0.1471 0.1386 0.1205 0.1098 0.1146 0.1111 0.126 0.1206 0.1084 0.11525 0.0996 0.106 0.0846 0.0783 0.0844 0.0844 0.09145 -9999 -9999 -9999 -9999 -9999 -9999 -9999 -9999 -9999 -9999 -9999 -9999 -9999 -9999 -9999 -9999 -9999 -9999 -9999
-9999 -9999 -9999 -9999 -9999 -9999 -9999 -9999 -9999 -9999 -9999 -9999 -9999 -9999 -9999 -9999 -9999 -9999 -9999 -9999 -9999 -9999 -9999 -9999 -9999 -9999 -9999 0.1874 0.1936 0.2035 0.1489 0.1926 0.1489 0.181 0.1912 0.1591 0.1378 0.1407 0.1343 0.1185 0.1424 0.1038 0.1357 0.115 0.1265 0.0964 0.0971 0.1124 0.0915 0.089 0.0827 0.0817 -9999 -9999 -9999 -9999 -9999 -9999 -9999 -9999 -9999 -9999 -9999 -9999 -9999 -9999 -9999 -9999 -9999 -9999 -9999 -9999
-9999 -9999 -9999 -9999 -9999 -9999 -9999 -9999 -9999 -9999 -9999 -9999 -9999 -9999 -9999 -9999 -9999 -9999 -9999 -9999 -9999 -9999 -9999 -9999 -9999 -9999 0.2023 0.2503 0.1913 0.2046 0.18088889 0.1603 0.1806 0.187 0.1458 0.1861 0.129 0.1394 0.1311 0.1435 0.1353 0.1105 0.1197 0.1288 0.1175 0.1111 0.1092 0.1199 0.0949 0.1012 0.091 0.091 -9999 -9999 -9999 -9999 -9999 -9999 -9999 -9999 -9999 -9999 -9999 -9999 -9999 -9999 -9999 -9999 -9999 -9999 -9999 -9999
-9999 -9999 -9999 -9999 -9999 -9999 -9999 -9999 -9999 -9999 -9999 -9999 -9999 -9999 -9999 -9999 -9999 -9999 -9999 -9999 -9999 -9999 -9999 -9999 0.1699 0.1849 0.1707 0.1962 0.1939 0.2063 0.1962 0.2198 0.2065 0.2094 0.2029 0.1856 0.1606 0.1707 0.1837 0.142 0.1377 0.1593 0.1423 0.1174 0.1202 0.12115 0.1233 0.1233 0.1038 0.1112 0.0917 0.0917 0.0875 -9999 -9999 -9999 -9999 -9999 -9999 -9999 -9999 -9999 -9999 -9999 -9999 -9999 -9999 -9999 -9999 -9999 -9999 -9999
-9999 -9999 -9999 -9999 -9999 -9999 -9999 -9999 -9999 -9999 -9999 -9999 -9999 -9999 -9999 -9999 -9999 -9999 -9999 -9999 -9999 0.1905 0.1703 0.1902 0.1835 0.1871 0.1703 0.1874 0.1489 0.1829 0.2053 0.1835 0.1946 0.1707 0.1829 0.1452 0.1489 0.1457 0.1456 0.1343 0.132 0.1311 0.1436 0.1377 0.1268 0.1089 0.1112 0.1229 0.0944 0.1018 0.0915 0.0915 0.0921 -9999 -9999 -9999 -9999 -9999 -9999 -9999 -9999 -9999 -9999 -9999 -9999 -9999 -9999 -9999 -9999 -9999 -9999 -9999
-9999 -9999 -9999 -9999 -9999 -9999 -9999 -9999 -9999 -9999 -9999 -9999 -9999 -9999 -9999 -9999 -9999 -9999 -9999 0.1874 0.1996 0.2539 0.2439 0.2604 0.1953 0.1908 0.1906 0.1904 0.1825 0.1875 0.1875 0.209 0.181 0.1834 0.13565 0.1388 0.1479 0.1415 0.1213 0.1377 0.14975 0.1425 0.1381 0.1246 0.1057 0.0962 0.1 0.1197 0.1288 0.0957 0.0837 0.0837 0.0832 -9999 -9999 -9999 -9999 -9999 -9999 -9999 -9999 -9999 -9999 -9999 -9999 -9999 -9999 -9999 -9999 -9999 -9999 -9999
-9999 -9999 -9999 -9999 -9999 -9999 -9999 -9999 -9999 -9999 -9999 -9999 -9999 -9999 -9999 -9999 -9999 0.2404 0.2519 0.2804 0.2495 0.219 0.1973 0.2093 0.2417 0.2002 0.209 0.19 0.18088889 0.18088889 0.1692 0.2107 0.2017 0.1912 0.143 0.1321 0.1375 0.1229 0.1333 0.127 0.114 0.114 0.1201 0.1221 0.1127 0.1007 0.1011 0.1286 0.0993 0.1093 0.10475 0.10475 -9999 -9999 -9999 -9999 -9999 -9999 -9999 -9999 -9999 -9999 -9999 -9999 -9999 -9999 -9999 -9999 -9999 -9999 -9999 -9999
-9999 -9999 -9999 -9999 -9999 -9999 -9999 -9999 -9999 -9999 -9999 -9999 -9999 -9999 -9999 -9999 0.26875 0.25145 0.24 0.2103 0.2064 0.2422 0.2512 0.1846 0.1807 0.2001 0.2507 0.1972 0.2204 0.2049 0.2024 0.1935 0.1805 0.1936 0.1437 0.135 0.1267 0.1597 0.1394 0.1378 0.1593 0.1428 0.1342 0.1266 0.1111 0.124 0.1018 0.0997 0.1097 0.1037 0.1034 0.0889 -9999 -9999 -9999 -9999 -9999 -9999 -9999 -9999 -9999 -9999 -9999 -9999 -9999 -9999 -9999 -9999 -9999 -9999 -9999 -9999
-9999 -9999 -9999 -9999 -9999 -9999 -9999 -9999 -9999 -9999 -9999 -9999 -9999 -9999 0.1828 0.2544 0.26875 0.25145 0.24 0.2103 0.2064 0.2422 0.2512 0.1846 0.1807 0.2001 0.2507 0.1972 0.2204 0.2049 0.2024 0.1935 0.1805 0.1936 0.1437 0.135 0.1267 0.1597 0.1394 0.1378 0.1424 0.1346 0.1342 0.1266 0.1111 0.1111 0.1018 0.0997 0.1097 0.1037 0.1034 0.0889 -9999 -9999 -9999 -9999 -9999 -9999 -9999 -9999 -9999 -9999 -9999 -9999 -9999 -9999 -9999 -9999 -9999 -9999 -9999 -9999
-9999 -9999 -9999 -9999 -9999 -9999 -9999 -9999 -9999 -9999 -9999 -9999 0.2536 0.2531 0.2502 0.2712 0.2712 0.2452 0.2009 0.1846 0.24 0.258 0.2539 0.202 0.1985 0.2023 0.197 0.192 0.2201 0.206 0.188 0.2029 0.1456 0.1605 0.1327 0.1435 0.1193 0.1371 0.1377 0.1471 0.1597 0.1343 0.1221 0.1281 0.1224 0.1211 0.1122 0.1233 0.11455 0.11435 0.1035 0.1035 -9999 -9999 -9999 -9999 -9999 -9999 -9999 -9999 -9999 -9999 -9999 -9999 -9999 -9999 -9999 -9999 -9999 -9999 -9999 -9999
-9999 -9999 -9999 -9999 -9999 -9999 0.2404 0.2465 0.2539 -9999 0.2107 0.25425 0.25575 0.2582 0.24725 0.2307 0.2538 0.2104 0.255 0.2584 0.2478 0.3003 0.2578 0.2503 0.199 0.2404 0.2469 0.2073 0.2198 0.2106 0.2022 0.2102 0.2061 0.1834 0.1454 0.1311 0.1267 0.1245 0.1376 0.14 0.13565 0.1442 0.128 0.1268 0.1371 0.1357 0.109 0.115 0.0964 0.1308 0.1239 0.0971 -9999 -9999 -9999 -9999 -9999 -9999 -9999 -9999 -9999 -9999 -9999 -9999 -9999 -9999 -9999 -9999 -9999 -9999 -9999 -9999
-9999 -9999 -9999 -9999 -9999 0.2472 0.293 0.2505 0.2965 0.25106667 0.2431 0.2472 0.2439 0.304 0.2502 0.2503 0.2442 0.22026667 0.2093 0.2404 0.26 0.2307 0.2505 0.2073 0.2397 0.2009 0.2392 0.1983 0.2053 0.2079 0.2003 0.1904 0.2108 0.2497 0.1299 0.1354 0.1478 0.143 0.1412 0.135 0.143 0.1344 0.1252 0.1258 0.1285 0.1277 0.1197 0.1202 0.105 0.1037 0.1 0.0948 0.0924 -9999 -9999 -9999 -9999 -9999 -9999 -9999 -9999 -9999 -9999 -9999 -9999 -9999 -9999 -9999 -9999 -9999 -9999 -9999
-9999 -9999 -9999 -9999 -9999 0.302 0.3017 0.2439 0.3051 0.2618 0.2523 0.202 0.2464 0.2456 0.3051 0.2516 0.2605 0.2572 0.2965 0.1983 0.2578 0.22915 0.21435 0.1917 0.2404 0.21435 0.2196 0.2259 0.2022 0.1983 0.2407 0.2204 0.207 0.19 0.2041 0.1591 0.14295 0.1592 0.1407 0.1597 0.1344 0.1339 0.115 0.1183 0.1228 0.1228 0.1122 0.1178 0.1202 0.1122 0.0976 0.0973 0.0893 0.0844 -9999 -9999 -9999 -9999 -9999 -9999 -9999 -9999 -9999 -9999 -9999 -9999 -9999 -9999 -9999 -9999 -9999 -9999
-9999 -9999 -9999 -9999 -9999 0.251 0.2967 0.2919 0.2618 0.25805 0.2555 0.1927 0.2468 0.25575 0.2927 0.26285 0.2418 0.2996 0.3066 0.257 0.2598 0.1828 0.188 0.1951 0.2604 0.2108 0.2043 0.1973 0.1983 0.2438 0.1925 0.2464 0.2417 0.1591 0.1836 0.2046 0.1744 0.1499 0.1441 0.1641 0.1281 0.1355 0.1262 0.1047 0.1308 0.1115 0.0989 0.0969 0.1108 0.0968 0.0986 0.0904 0.0876 0.0843 0.0941 -9999 -9999 -9999 -9999 -9999 -9999 -9999 -9999 -9999 -9999 -9999 -9999 -9999 -9999 -9999 -9999 -9999
-9999 -9999 -9999 -9999 -9999 0.2712 0.2964 0.2742 0.30285 0.2508 0.2465 0.26 0.2408 0.2501 0.2445 0.2282 0.2513 0.2573 0.3055 0.2809 0.25425 0.1833 0.2011 0.2021 0.255 0.2582 0.2044 0.2536 0.2809 0.2484 0.2108 0.2006 0.2008 0.191 0.2034 0.1918 0.1699 0.1405 0.1469 0.1193 0.1381 0.115 0.1142 0.1119 0.1047 0.1225 0.119 0.1273 0.1027 0.0962 0.0969 0.0993 0.1108 0.0899 0.0828 0.1075 -9999 -9999 -9999 -9999 -9999 -9999 -9999 -9999 -9999 -9999 -9999 -9999 -9999 -9999 -9999 -9999
-9999 -9999 -9999 -9999 -9999 0.2494 0.2454 0.3398 0.26285 0.303 0.2968 0.2582 0.2512 0.25 0.279 0.261 0.2486 0.2796 0.3035 0.2742 0.25145 0.2434 0.2484 0.2518 0.25015 0.2555 0.2079 0.2469 0.25 0.25 0.2117 0.2 0.1812 0.2474 0.1874 0.1994 0.1299 0.1412 0.1267 0.1386 0.1595 0.142 0.161 0.1321 0.1251 0.1039 0.0991 0.1047 0.097 0.1112 0.0865 0.0837 0.0935 0.1054 0.10475 0.1045 -9999 -9999 -9999 -9999 -9999 -9999 -9999 -9999 -9999 -9999 -9999 -9999 -9999 -9999 -9999 -9999
-9999 -9999 -9999 -9999 -9999 0.2797 0.2399 0.3 0.2499 0.3068 0.3007 0.295 0.2396 0.2481 0.252 0.299 0.2788 0.3066 0.2964 0.2967 0.2434 0.3066 0.2958 0.25575 0.2559 0.242 0.2391 0.2683 0.275 0.289 0.25 0.1999 0.2004 0.209 0.1947 0.1707 0.1485 0.1855 0.1695 0.1446 0.1696 0.1486 0.1267 0.122 0.114 0.107 0.1079 0.1263 0.0971 0.0957 0.0862 0.0771 0.0898 0.1006 0.0951 0.1096 -9999 -9999 -9999 -9999 -9999 -9999 -9999 -9999 -9999 -9999 -9999 -9999 -9999 -9999 -9999 -9999
0.25425 0.2439 -9999 0.205 0.22316667 0.2805 0.2499 0.2675 0.25575 0.2424 0.3044 0.3059 0.2508 0.2599 0.2677 0.2465 0.25106667 0.24685 0.257 0.296 0.2439 0.2912 0.3052 0.25575 0.3045 0.2712 0.2485 0.2501 0.1828 0.2531 0.2033 0.2 0.1993 0.1889 0.1846 0.2094 0.1414 0.1418 0.1457 0.1454 0.1478 0.1324 0.1312 0.1346 0.1174 0.1234 0.1112 0.105 0.1124 0.1301 0.1066 0.1178 0.1007 0.106 0.0954 0.1082 -9999 -9999 -9999 -9999 -9999 -9999 -9999 -9999 -9999 -9999 -9999 -9999 -9999 -9999 -9999 -9999
0.25615 0.2287 0.2003 0.1876 0.2206 0.2589 0.22203333 0.2408 0.2438 0.2604 0.2482 0.2293 0.24 0.2497 0.2508 0.296 0.2702 0.3067 0.2419 0.3049 0.2511 0.26875 0.2742 0.2539 0.22505 0.2439 0.2022 0.2513 0.1846 0.2038 0.188 0.1986 0.2003 0.2073 0.2285 0.1832 0.1714 0.1603 0.1477 0.1448 0.1393 0.1691 0.146 0.1425 0.1174 0.1122 0.1227 0.113 0.1377 0.1029 0.1043 0.1103 0.1038 0.1063 0.1124 0.088 -9999 -9999 -9999 -9999 -9999 -9999 -9999 -9999 -9999 -9999 -9999 -9999 -9999 -9999 -9999 -9999
0.18435 0.1802 0.1719 0.22 0.2555 0.2423 0.2404 0.2009 0.1846 0.2468 0.224 0.2513 0.2391 0.2 0.2508 0.3001 0.2911 0.3049 0.2958 0.2608 0.2742 0.3395 0.2931 0.2792 0.2451 0.1927 0.2792 0.2044 0.2004 0.2105 0.2507 0.2053 0.196 0.25565 0.2045 0.178 0.189 0.2033 0.1336 0.1261 0.1393 0.1457 0.1425 0.1234 0.1283 0.1207 0.128 0.1406 0.1421 0.1274 0.1283 0.11435 0.1048 0.0978 0.0976 0.0859 -9999 -9999 -9999 -9999 -9999 -9999 -9999 -9999 -9999 -9999 -9999 -9999 -9999 -9999 -9999 -9999
0.1394 0.1819 0.1807 0.2018 0.22505 0.2519 0.2404 0.2438 0.2465 0.273 0.2479 0.2292 0.241 0.1873 0.2451 0.2919 0.303 0.29805 0.3017 0.246 0.2552 0.3012 0.2503 0.3035 0.26875 0.3012 0.27935 0.2512 0.2022 0.2041 0.2604 0.1983 0.2041 0.1836 0.2038 0.1875 0.1726 0.1453 0.1604 0.1396 0.147 0.1313 0.1399 0.1178 0.1057 0.1377 0.107 0.112 0.143 0.1294 0.1211 0.1077 0.1057 0.1249 0.0991 0.0931 0.0866 -9999 -9999 -9999 -9999 -9999 -9999 -9999 -9999 -9999 -9999 -9999 -9999 -9999 -9999 -9999
0.1604 0.1958 0.183 0.199 0.2422 0.25575 0.2551 0.25145 0.2398 0.2677 0.2793 0.2598 0.2481 0.271 0.25575 0.2965 0.26285 0.2437 0.34 0.2938 0.2501 0.2915 0.2915 0.25575 0.2605 0.2618 0.2391 0.2283 0.2484 0.2397 0.2507 0.2003 0.2105 0.1953 0.205 0.1948 0.1443 0.1702 0.1834 0.1407 0.149 0.1342 0.1057 0.1119 0.114 0.1412 0.1241 0.1124 0.1378 0.1459 0.1083 0.126 0.1266 0.1237 0.1363 0.0976 0.0922 0.1089 -9999 -9999 -9999 -9999 -9999 -9999 -9999 -9999 -9999 -9999 -9999 -9999 -9999 -9999
0.178 0.1874 0.2 0.2094 0.2503 0.2391 0.2552 0.2618 0.2447 0.273 0.2003 0.2518 0.2498 0.2491 0.3395 0.26285 0.2396 0.2996 0.2702 0.2958 0.3008 0.2527 0.2702 0.2456 0.1927 0.2795 0.2438 0.1809 0.19295 0.2422 0.2407 0.1835 0.1958 0.1925 0.18305 0.1939 0.1483 0.18088889 0.1474 0.2034 0.1276 0.147 0.1377 0.1425 0.1691 0.1252 0.1461 0.1125 0.1351 0.1321 0.1381 0.1436 0.1317 0.1223 0.1129 0.0952 0.1107 0.1021 -9999 -9999 -9999 -9999 -9999 -9999 -9999 -9999 -9999 -9999 -9999 -9999 -9999 -9999
0.1563 0.1489 0.1957 0.1835 0.206 0.2503 0.2397 0.2093 0.2492 0.2592 0.2593 0.218 0.2501 0.2483 0.2493 0.2515 0.2543 0.2965 0.2424 0.2997 0.279 0.277 0.3009 0.2502 0.265 0.2493 0.2501 0.1927 0.186 0.2198 0.2403 0.1848 0.1599 0.1928 0.1907 0.1958 0.1601 0.1707 0.1486 0.1706 0.1453 0.136 0.1505 0.1437 0.1487 0.1388 0.1361 0.14306667 0.1432 0.1412 0.1281 0.1247 0.1247 0.1057 0.0923 0.0815 0.1005 0.1004 0.0771 -9999 -9999 -9999 -9999 -9999 -9999 -9999 -9999 -9999 -9999 -9999 -9999 -9999
0.1581 0.1616 0.1663 0.1561 0.18 0.1945 0.2029 0.1979 0.2438 0.1743 0.2479 0.25 0.2393 0.2907 0.248 0.22513333 0.1893 0.24 0.1977 0.1876 0.2295 0.2677 0.2902 0.239 0.25 0.2009 0.2538 0.1959 0.2067 0.1971 0.2604 0.201 0.1923 0.1845 0.2109 0.1919 0.1875 0.1834 0.1879 0.1485 0.1489 0.1702 0.1376 0.1456 0.161 0.1432 0.1325 0.1417 0.1441 0.1593 0.1482 0.1242 0.1183 0.12515 0.0875 0.1051 0.1107 0.1108 0.1023 0.1027 -9999 -9999 -9999 -9999 -9999 -9999 -9999 -9999 -9999 -9999 -9999 -9999
0.1385 0.1607 0.144 0.1322 0.1802 0.1597 0.1595 0.1861 0.2083 0.1889 0.1731 0.2599 0.2395 0.2457 0.2123 0.2599 0.2402 0.1832 0.2003 0.2107 0.216 0.2003 0.2113 0.1597 0.2104 0.1673 0.205 0.1875 0.188 0.2046 0.1902 0.1591 0.18088889 0.2024 0.1958 0.19 0.2012 0.1483 0.1709 0.2047 0.1598 0.2074 0.1418 0.148 0.1392 0.1372 0.1314 0.1275 0.1304 0.0975 0.1417 0.1318 0.1318 0.1175 0.0997 0.0931 0.1111 0.1122 0.1108 0.0893 0.0965 -9999 -9999 -9999 -9999 -9999 -9999 -9999 -9999 -9999 -9999 -9999
0.1446 0.1454 0.1511 0.1234 0.1702 0.1601 0.1548 0.1549 0.1873 0.187 0.205 0.2099 0.2532 0.1926 0.1776 0.1903 0.2088 0.2116 0.1992 0.19185 0.2001 0.2137 0.206 0.2007 0.16735 0.2091 0.19153333 0.1642 0.1774 0.2107 0.1534 0.1613 0.1456 0.1467 0.18088889 0.1601 0.181 0.1933 0.1909 0.1874 0.1605 0.1837 0.15 0.13556667 0.1482 0.1343 0.13985 0.1597 0.125 0.1189 0.161 0.1193 0.1456 0.104 0.0963 0.1093 0.1062 0.1039 0.1077 0.1001 0.0839 -9999 -9999 -9999 -9999 -9999 -9999 -9999 -9999 -9999 -9999 -9999
0.1428 0.1408 0.1248 0.1099 0.1584 0.1451 0.1561 0.1364 0.1968 0.16735 0.1686 0.202 0.2442 0.2094 0.1796 0.1979 0.2082 0.2008 0.1922 0.2003 0.21695 0.1974 0.193 0.2048 0.1757 0.1736 0.1889 0.1638 0.16735 0.197 0.1599 0.1563 0.1385 0.1613 0.1452 0.1702 0.2102 0.1797 0.1289 0.1376 0.1616 0.1241 0.1479 0.1495 0.14695 0.1423 0.1475 0.143 0.1371 0.1271 0.1428 0.1117 0.1117 0.0971 0.124 0.0858 0.1103 0.1097 0.0962 0.0861 0.0909 0.0863 0.081 0.0894 0.0867 -9999 -9999 -9999 -9999 -9999 -9999 -9999
0.1277 0.1255 0.1358 0.1257 0.1322 0.141 0.1543 0.1567 0.1517 0.2113 0.1907 0.187 0.2047 0.1972 0.1997 0.1968 0.195 0.1835 0.2088 0.1967 0.1893 0.1606 0.1402 0.154 0.1679 0.1642 0.1711 0.1409 0.1639 0.1563 0.1507 0.1693 0.176 0.1458 0.1455 0.1584 0.1701 0.1417 0.1409 0.1639 0.1561 0.1625 0.1508 0.1598 0.1504 0.13175 0.1285 0.1226 0.1424 0.1171 0.1191 0.10755 0.1113 0.096133333 0.0932 0.08995 0.1151 0.1045 0.0935 0.10475 0.0872 0.0781 0.096 0.0772 0.0932 -9999 -9999 -9999 -9999 -9999 -9999 -9999
