GIS/bfa_beta.asc
ncols         173
nrows         126
xllcorner     224227.65281
yllcorner     1039207.04677
cellsize      5000
NODATA_value  -9999
[rows 32 to 63 of 126, columns 0 to 71 of 173]
-9999 -9999 -9999 -9999 -9999 -9999 -9999 -9999 -9999 -9999 -9999 -9999 -9999 -9999 -9999 -9999 -9999 -9999 -9999 -9999 -9999 -9999 -9999 -9999 -9999 -9999 -9999 -9999 -9999 -9999 -9999 -9999 -9999 -9999 -9999 -9999 -9999 -9999 -9999 -9999 -9999 -9999 -9999 -9999 -9999 -9999 -9999 -9999 -9999 -9999 0.1934 0.1705 0.1987 0.1766 0.1911 0.1899 0.1936 0.1798 0.1734 0.15065 0.1458 0.1418 0.1648 0.149 0.1223 0.1347 0.1252 0.1303 0.12025 0.1043 0.1137 0.1039
-9999 -9999 -9999 -9999 -9999 -9999 -9999 -9999 -9999 -9999 -9999 -9999 -9999 -9999 -9999 -9999 -9999 -9999 -9999 -9999 -9999 -9999 -9999 -9999 -9999 -9999 -9999 -9999 -9999 -9999 -9999 -9999 -9999 -9999 -9999 -9999 -9999 -9999 -9999 -9999 -9999 -9999 -9999 -9999 -9999 -9999 -9999 -9999 -9999 -9999 0.1893 0.2096 0.17885 0.16735 0.1694 0.1669 0.1457 0.1604 0.1328 0.1321 0.1309 0.1312 0.1299 0.1335 0.1031 0.1155 0.12 0.0891 0.1005 0.1094 0.1104 0.1113
-9999 -9999 -9999 -9999 -9999 -9999 -9999 -9999 -9999 -9999 -9999 -9999 -9999 -9999 -9999 -9999 -9999 -9999 -9999 -9999 -9999 -9999 -9999 -9999 -9999 -9999 -9999 -9999 -9999 -9999 -9999 -9999 -9999 -9999 -9999 -9999 -9999 -9999 -9999 -9999 -9999 -9999 -9999 -9999 -9999 -9999 -9999 -9999 -9999 0.196 0.1992 0.19 0.1992 0.1778 0.1855 0.146 0.1392 0.1279 0.137 0.1226 0.1204 0.13 0.1247 0.111 0.101 0.1091 0.1089 0.0795 0.085 0.1015 0.0979 0.1108
-9999 -9999 -9999 -9999 -9999 -9999 -9999 -9999 -9999 -9999 -9999 -9999 -9999 -9999 -9999 -9999 -9999 -9999 -9999 -9999 -9999 -9999 -9999 -9999 -9999 -9999 -9999 -9999 -9999 -9999 -9999 -9999 -9999 -9999 -9999 -9999 -9999 -9999 -9999 -9999 -9999 -9999 -9999 -9999 -9999 -9999 -9999 -9999 -9999 0.1636 0.1726 0.15534286 0.1431 0.2107 0.17875 0.1308 0.1558 0.13763333 0.1171 0.1163 0.1184 0.126 0.1113 0.1107 0.1111 0.0937 0.1063 0.101 0.1005 0.095 0.0987 0.1083
-9999 -9999 -9999 -9999 -9999 -9999 -9999 -9999 -9999 -9999 -9999 -9999 -9999 -9999 -9999 -9999 -9999 -9999 -9999 -9999 -9999 -9999 -9999 -9999 -9999 -9999 -9999 -9999 -9999 -9999 -9999 -9999 -9999 -9999 0.2539 -9999 -9999 -9999 -9999 -9999 -9999 -9999 -9999 -9999 -9999 -9999 -9999 -9999 -9999 0.1673 0.1854 0.1289 0.1417 0.14045 0.1563 0.1399 0.1292 0.104 0.1135 0.1226 0.1284 0.1152 0.1001 0.1196 0.113 0.0972 0.0892 0.0986 0.091 0.1003 0.1181 0.1039
-9999 -9999 -9999 -9999 -9999 -9999 -9999 -9999 -9999 -9999 -9999 -9999 -9999 -9999 -9999 -9999 -9999 -9999 -9999 -9999 -9999 -9999 -9999 -9999 -9999 -9999 -9999 -9999 -9999 -9999 -9999 -9999 0.2057 0.2119 -9999 -9999 -9999 -9999 -9999 -9999 -9999 -9999 -9999 -9999 -9999 -9999 -9999 -9999 -9999 0.1868 0.1604 0.1684 0.1633 0.1368 0.1563 0.1374 0.1141 0.12505 0.10415 0.1052 0.1052 0.1163 0.108 0.138 0.1008 0.0868 0.0937 0.1033 0.0939 0.0986 0.1002 0.0882
-9999 -9999 -9999 -9999 -9999 -9999 -9999 -9999 -9999 -9999 -9999 -9999 -9999 -9999 -9999 -9999 -9999 -9999 -9999 -9999 -9999 -9999 -9999 -9999 -9999 -9999 -9999 -9999 -9999 -9999 -9999 0.2397 0.2577 0.2099 0.2115 0.2575 0.2573 0.2495 -9999 -9999 -9999 -9999 -9999 -9999 -9999 -9999 -9999 -9999 -9999 -9999 0.1743 0.1449 0.1221 0.1322 0.1267 0.1288 0.1291 0.1085 0.1041 0.1207 0.111 0.1204 0.1028 0.12505 0.0966 0.1022 0.1019 0.0999 0.091 0.09385 0.0952 0.0921
-9999 -9999 -9999 -9999 -9999 -9999 -9999 -9999 -9999 -9999 -9999 -9999 -9999 -9999 -9999 -9999 -9999 -9999 -9999 -9999 -9999 -9999 -9999 -9999 -9999 -9999 -9999 -9999 -9999 -9999 -9999 0.2458 0.2549 0.1979 0.2123 0.2534 0.2596 0.2706 0.2407 -9999 -9999 -9999 -9999 -9999 -9999 -9999 -9999 -9999 -9999 -9999 0.1663 0.15534286 0.162 0.1438 0.1444 0.1167 0.1001 0.1152 0.102 0.1131 0.12505 0.1284 0.0941 0.1107 0.0998 0.1009 0.1059 0.0999 0.09205 0.1033 0.0953 0.0939
-9999 -9999 -9999 -9999 -9999 -9999 -9999 -9999 -9999 -9999 -9999 -9999 -9999 -9999 -9999 -9999 -9999 -9999 -9999 -9999 -9999 -9999 -9999 -9999 -9999 -9999 -9999 -9999 -9999 0.249 0.255 0.25 0.2534 0.1934 0.2601 0.2803 0.2991 0.2596 0.26025 0.27 -9999 -9999 -9999 -9999 -9999 -9999 0.1516 0.1642 0.16843333 0.1713 0.1664 0.1367 0.1726 0.1762 0.1399 0.1322 0.1429 0.1025 0.1026 0.1156 0.1109 0.109 0.1016 0.0988 0.1096 0.0966 0.0994 0.0999 0.0937 0.1044 0.1043 0.1014
-9999 -9999 -9999 -9999 -9999 -9999 -9999 -9999 -9999 -9999 -9999 -9999 -9999 -9999 -9999 -9999 -9999 -9999 -9999 -9999 -9999 -9999 -9999 -9999 -9999 -9999 -9999 -9999 0.196 0.28 0.247 0.2073 0.1941 0.1747 0.2799 0.27 0.2808 0.2696 0.3008 0.3 0.2113 0.1714 -9999 -9999 -9999 -9999 0.1599 0.15 0.1691 0.1683 0.1684 0.1276 0.1594 0.1278 0.1368 0.1155 0.1424 0.1207 0.0958 0.1083 0.1159 0.0961 0.0934 0.0881 0.0938 0.0938 0.0962 0.1044 0.0958 0.0972 0.0984 0.0839
-9999 -9999 -9999 -9999 -9999 -9999 -9999 -9999 -9999 -9999 -9999 -9999 -9999 -9999 -9999 -9999 -9999 -9999 -9999 -9999 -9999 -9999 -9999 -9999 -9999 -9999 -9999 0.1631 0.185 0.2173 0.22 0.253 0.16 0.1991 0.2553 0.26015 0.2808 0.2407 0.2407 0.2407 0.2397 0.196 0.1895 -9999 -9999 -9999 0.1369 0.1595 0.15534286 0.1434 0.123 0.1684 0.1669 0.1448 0.16055 0.0901 0.1084 0.0887 0.1153 0.1068 0.1081 0.0809 0.0719 0.071 0.0938 0.0966 0.0991 0.1053 0.0936 0.0825 0.0849 0.0819
-9999 -9999 -9999 -9999 -9999 -9999 -9999 -9999 -9999 -9999 -9999 -9999 -9999 -9999 -9999 -9999 -9999 -9999 -9999 -9999 -9999 -9999 -9999 -9999 -9999 -9999 0.1613 0.1738 0.1705 0.2115 0.2199 0.245 0.1998 0.2402 0.24 0.2495 0.2804 0.2507 0.25 0.2992 0.2799 0.2504 0.25 0.2012 0.2095 0.2107 0.1501 0.1642 0.1776 0.1617 0.1765 0.16055 0.1367 0.151 0.1325 0.1014 0.1077 0.104 0.1291 0.1357 0.0779 0.1032 0.07855 0.0835 0.0805 0.1027 0.0874 0.0835 0.0936 0.0772 0.0916 0.0845
-9999 -9999 -9999 -9999 -9999 -9999 -9999 -9999 -9999 -9999 -9999 -9999 -9999 -9999 -9999 -9999 -9999 -9999 -9999 -9999 -9999 -9999 -9999 -9999 -9999 -9999 -9999 0.1998 0.1779 0.19 0.213 0.2127 0.1985 0.2084 0.2402 0.2075 0.209 0.2106 0.2605 0.2101 0.1863 0.183 0.1895 0.2605 0.19153333 0.1533 0.1498 0.1426 0.1554 0.1491 0.1241 0.1625 0.1467 0.1702 0.118 0.1204 0.1084 0.1053 0.0945 0.0954 0.1101 0.106 0.1193 0.0991 0.09205 0.10053333 0.09825 0.0868 0.083 0.0791 0.0813 0.0954
-9999 -9999 -9999 -9999 -9999 -9999 -9999 -9999 -9999 -9999 -9999 -9999 -9999 -9999 -9999 -9999 -9999 -9999 -9999 -9999 -9999 -9999 -9999 -9999 -9999 -9999 -9999 0.16055 0.1742 0.2043 0.2094 0.16735 0.1796 0.2104 0.2081 0.2099 0.1923 0.2498 0.1923 0.1906 0.183 0.1848 0.1609 0.1642 0.1544 0.1602 0.1312 0.1357 0.1299 0.1325 0.1545 0.1789 0.1563 0.13903333 0.1137 0.1392 0.0945 0.1068 0.104 0.128 0.0958 0.1099 0.1106 0.109 0.0915 0.0969 0.087 0.0966 0.1003 0.0857 0.0905 0.0864
-9999 -9999 -9999 -9999 -9999 -9999 -9999 -9999 -9999 -9999 -9999 -9999 -9999 -9999 -9999 -9999 -9999 -9999 -9999 -9999 -9999 -9999 -9999 -9999 -9999 -9999 -9999 -9999 0.2068 0.1979 0.2032 0.2098 0.1717 0.1885 0.1835 0.2101 0.2058 0.1893 0.2405 0.1926 0.1851 0.2393 0.188 0.2114 0.1556 0.1387 0.1582 0.1425 0.149 0.14045 0.1726 0.15534286 0.1574 0.1418 0.1698 0.1424 0.1403 0.1214 0.1115 0.1213 0.1027 0.1 0.1107 0.1042 0.1011 0.1013 0.0967 0.0962 0.1035 0.0887 0.0926 0.0812
-9999 -9999 -9999 -9999 -9999 -9999 -9999 -9999 -9999 -9999 -9999 -9999 -9999 -9999 -9999 -9999 -9999 -9999 -9999 -9999 -9999 -9999 -9999 -9999 -9999 -9999 -9999 -9999 0.1919 0.2094 0.2032 0.191 0.174 0.1644 0.1644 0.197 0.205 0.1868 0.1998 0.2096 0.1919 0.1922 0.1835 0.2394 0.1689 0.1477 0.1539 0.1613 0.1669 0.1481 0.1443 0.1545 0.1401 0.1167 0.131 0.1151 0.1056 0.1016 0.1105 0.1083 0.1011 0.10686 0.1025 0.09535 0.0916 0.0922 0.099 0.0948 0.0971 0.0868 0.0989 0.077
-9999 -9999 -9999 -9999 -9999 -9999 -9999 -9999 -9999 -9999 -9999 -9999 -9999 -9999 -9999 -9999 -9999 -9999 -9999 -9999 -9999 -9999 -9999 -9999 -9999 -9999 -9999 -9999 0.15534286 0.1974 0.1967 0.205 0.2076 0.18016667 0.16735 0.1848 0.147 0.19185 0.1848 0.1726 0.1939 0.1485 0.1815 0.1929 0.157 0.1603 0.1507 0.1446 0.1454 0.1409 0.1724 0.1617 0.127 0.1475 0.1282 0.1196 0.125 0.1022 0.1049 0.1101 0.10755 0.10955 0.0982 0.0868 0.095 0.0868 0.0958 0.0953 0.0821 0.0734 0.0804 0.0755
-9999 -9999 -9999 -9999 -9999 -9999 -9999 -9999 -9999 -9999 -9999 -9999 -9999 -9999 -9999 -9999 -9999 -9999 -9999 -9999 -9999 -9999 -9999 -9999 -9999 -9999 -9999 -9999 0.1633 0.1544 0.1807 0.207 0.186 0.217 0.2098 0.1834 0.1448 0.17875 0.2059 0.1603 0.1807 0.1587 0.1647 0.19185 0.1608 0.1921 0.1273 0.1561 0.1617 0.1637 0.16 0.1658 0.1362 0.1392 0.138 0.11 0.1123 0.125 0.099 0.1101 0.0906 0.1015 0.0928 0.0961 0.0992 0.0971 0.081 0.0752 0.0872 0.0788 0.0727 0.0836
-9999 -9999 -9999 -9999 -9999 -9999 -9999 -9999 -9999 -9999 -9999 -9999 -9999 -9999 -9999 -9999 -9999 -9999 -9999 -9999 -9999 -9999 -9999 -9999 -9999 -9999 -9999 -9999 0.1568 0.1595 0.1711 0.1768 0.1556 0.1997 0.205 0.1431 0.107 0.1793 0.1848 0.151 0.1552 0.1577 0.2074 0.1661 0.16945 0.1597 0.1898 0.14916 0.1409 0.1276 0.1451 0.1337 0.1212 0.1263 0.115 0.1139 0.1142 0.0997 0.0988 0.1166 0.1104 0.0953 0.0942 0.0966 0.0932 0.1006 0.0857 0.0745 0.0737 0.0756 0.0858 0.0864
-9999 -9999 -9999 -9999 -9999 -9999 -9999 -9999 -9999 -9999 -9999 -9999 -9999 -9999 -9999 -9999 -9999 -9999 -9999 -9999 -9999 -9999 -9999 -9999 -9999 -9999 -9999 -9999 0.1768 0.147 0.1642 0.1534 0.1946 0.2074 0.191 0.2074 0.18 0.1703 0.1599 0.1486 0.1384 0.1724 0.1857 0.1869 0.1665 0.1642 0.14916 0.1433 0.1705 0.1379 0.1204 0.1315 0.1369 0.1276 0.1188 0.1014 0.1089 0.1092 0.0979 0.1107 0.1003 0.1063 0.0953 0.0982 0.1129 0.0956 0.0816 0.0844 0.0761 0.085 0.0806 0.0841
-9999 -9999 -9999 -9999 -9999 -9999 -9999 -9999 -9999 -9999 -9999 -9999 -9999 -9999 -9999 -9999 -9999 -9999 -9999 -9999 -9999 -9999 -9999 -9999 0.1698 0.1658 -9999 -9999 0.15534286 0.1431 0.171 0.15534286 0.1663 0.156 0.1799 0.1797 0.156 0.1606 0.1637 0.116 0.1939 0.1473 0.188 0.1747 0.1473 0.1958 0.1532 0.1289 0.1642 0.1606 0.1242 0.1648 0.1322 0.1053 0.1093 0.1047 0.1015 0.0925 0.1159 0.0979 0.0824 0.0962 0.1033 0.0861 0.0926 0.0817 0.0744 0.0884 0.0751 0.0828 0.0648 0.0741
-9999 -9999 -9999 -9999 -9999 -9999 -9999 -9999 -9999 -9999 -9999 -9999 -9999 -9999 -9999 -9999 -9999 -9999 -9999 -9999 -9999 -9999 -9999 0.1315 0.1383 0.1669 0.1666 0.1259 0.1593 0.1551 0.157 0.1669 0.1681 0.15534286 0.1595 0.1394 0.1393 0.1243 0.13245 0.175 0.1908 0.187 0.1774 0.1783 0.1797 0.1797 0.1538 0.1836 0.1684 0.1475 0.1264 0.1204 0.1476 0.1104 0.0992 0.1097 0.1039 0.0994 0.0947 0.0818 0.1003 0.0878 0.0878 0.0901 0.0917 0.0921 0.0929 0.0898 0.0686 0.0675 0.06455 0.0654
-9999 -9999 -9999 -9999 -9999 -9999 -9999 -9999 -9999 -9999 -9999 -9999 -9999 -9999 -9999 -9999 -9999 -9999 -9999 -9999 -9999 -9999 -9999 0.112 0.1363 0.1684 0.1247 0.1324 0.1557 0.1633 0.1691 0.1516 0.1491 0.156 0.1683 0.1477 0.1396 0.1413 0.1241 0.1604 0.1778 0.1743 0.1708 0.1861 0.1948 0.1432 0.1454 0.1683 0.1607 0.1453 0.1221 0.1195 0.1319 0.1059 0.1242 0.1025 0.093 0.1137 0.1064 0.10395 0.1003 0.0806 0.0938 0.0813 0.0811 0.0828 0.0851 0.0751 0.0683 0.0773 0.0683 0.0769
-9999 -9999 -9999 -9999 -9999 -9999 -9999 -9999 -9999 -9999 -9999 -9999 -9999 -9999 -9999 -9999 -9999 -9999 -9999 -9999 -9999 -9999 -9999 -9999 0.14 0.1467 0.1642 0.1289 0.1643 0.1643 0.1224 0.1404 0.1328 0.107 0.1204 0.1358 0.1302 0.1648 0.1666 0.1376 0.1643 0.1458 0.1643 0.1453 0.1608 0.1217 0.1454 0.1453 0.1314 0.1289 0.1284 0.1317 0.1163 0.1213 0.1001 0.1202 0.0963 0.1085 0.1098 0.0984 0.1129 0.1003 0.0948 0.0864 0.0844 0.0869 0.0761 0.0745 0.0749 0.0648 0.0647 0.0508
-9999 -9999 -9999 -9999 -9999 -9999 -9999 -9999 -9999 -9999 -9999 -9999 -9999 -9999 -9999 -9999 -9999 -9999 -9999 -9999 -9999 -9999 -9999 -9999 -9999 0.1563 0.1443 0.1307 0.1666 0.116 0.1397 0.1225 0.1399 0.1268 0.1397 0.112 0.1308 0.1392 0.1223 0.1279 0.1257 0.123 0.1698 0.131 0.134 0.1212 0.1499 0.1648 0.1133 0.1218 0.1363 0.14815 0.119 0.1228 0.1038 0.095 0.1064 0.10955 0.1081 0.1082 0.0948 0.1057 0.087 0.0973 0.0835 0.0814 0.0711 0.0663 0.0675 0.0728 0.0693 0.074
-9999 -9999 -9999 -9999 -9999 -9999 -9999 -9999 -9999 -9999 -9999 -9999 -9999 -9999 -9999 -9999 -9999 -9999 -9999 -9999 -9999 -9999 -9999 -9999 0.1436 0.16055 0.1289 0.1389 0.1643 0.1434 0.1324 0.1158 0.1371 0.1449 0.1388 0.1643 0.1378 0.1221 0.1288 0.124 0.1262 0.1476 0.1219 0.1248 0.1364 0.1447 0.131 0.1259 0.138 0.1256 0.115 0.1326 0.1424 0.122 0.10965 0.1193 0.0818 0.0946 0.1027 0.0958 0.0987 0.1002 0.09 0.0929 0.0921 0.08925 0.0833 0.0668 0.0838 0.0754 0.069 0.0776
-9999 -9999 -9999 -9999 -9999 -9999 -9999 -9999 -9999 -9999 -9999 -9999 -9999 -9999 -9999 -9999 -9999 -9999 -9999 -9999 -9999 -9999 -9999 -9999 0.1445 0.1241 0.1379 0.1607 0.1613 0.1306 0.14 0.1217 0.116 0.1437 0.1606 0.1399 0.1418 0.134 0.121 0.1213 0.127 0.1424 0.0992 0.1122 0.1154 0.112 0.1298 0.14695 0.1391 0.1225 0.129 0.1262 0.0975 0.0818 0.0974 0.0985 0.0958 0.1145 0.1024 0.1027 0.1004 0.09825 0.089 0.1049 0.0958 0.1008 0.0927 0.0785 0.0849 0.0767 0.0768 0.078
-9999 -9999 -9999 -9999 -9999 -9999 -9999 -9999 -9999 -9999 -9999 -9999 -9999 -9999 -9999 -9999 -9999 -9999 -9999 -9999 -9999 -9999 -9999 -9999 0.1513 0.1518 0.1666 0.16055 0.1278 0.1276 0.1453 0.1358 0.1608 0.1609 0.1446 0.14815 0.12965 0.1327 0.127 0.1025 0.1048 0.094 0.1162 0.111 0.1049 0.1039 0.1406 0.1397 0.1382 0.1399 0.1475 0.1427 0.1106 0.1085 0.1024 0.1054 0.1139 0.0836 0.1045 0.1166 0.0919 0.0977 0.0834 0.0777 0.0943 0.0847 0.0936 0.0733 0.0706 0.0737 0.0788 0.0749
-9999 -9999 -9999 -9999 -9999 -9999 -9999 -9999 -9999 -9999 -9999 -9999 -9999 -9999 -9999 -9999 -9999 -9999 -9999 -9999 -9999 -9999 -9999 -9999 0.1367 0.1454 0.1613 0.17 0.1371 0.1312 0.1407 0.1406 0.1263 0.1509 0.149 0.1266 0.10955 0.1132 0.1154 0.1105 0.1115 0.0982 0.1167 0.1152 0.1138 0.1127 0.1202 0.1096 0.1351 0.1453 0.1399 0.1288 0.1213 0.1084 0.1156 0.094 0.1169 0.1027 0.1065 0.105 0.1117 0.0974 0.0923 0.0931 0.07645 0.0828 0.0869 0.0798 0.0714 0.0884 0.0772 0.0772
-9999 -9999 -9999 -9999 -9999 -9999 -9999 -9999 -9999 -9999 -9999 -9999 -9999 -9999 -9999 -9999 -9999 -9999 -9999 -9999 -9999 -9999 -9999 0.1643 0.1364 0.1409 0.144 0.133 0.1163 0.1267 0.1428 0.1365 0.1279 0.149 0.1258 0.1263 0.10415 0.108 0.1297 0.1084 0.1062 0.10955 0.119 0.1034 0.1077 0.1167 0.1167 0.1052 0.1311 0.1391 0.1188 0.1139 0.104 0.1272 0.11315 0.1123 0.1101 0.0954 0.0787 0.1035 0.10387143 0.0908 0.094 0.0938 0.0739 0.0874 0.0821 0.0859 0.087 0.089 0.0806 0.0851
-9999 -9999 -9999 -9999 -9999 -9999 -9999 -9999 -9999 -9999 -9999 -9999 -9999 -9999 -9999 -9999 -9999 -9999 -9999 -9999 -9999 -9999 0.17796667 0.1925 0.1603 0.1292 0.14 0.1367 0.175 0.14 0.141 0.1324 0.1337 0.1141 0.1296 0.1283 0.118 0.1312 0.1013 0.1201 0.0992 0.13495 0.1269 0.1101 0.1178 0.1072 0.1177 0.1206 0.1312 0.1255 0.12 0.1333 0.1099 0.1239 0.1123 0.1041 0.1039 0.1137 0.1053 0.0958 0.0958 0.0958 0.108 0.1153 0.0875 0.0757 0.0786 0.0828 0.0898 0.0996 0.092 0.0783
-9999 -9999 -9999 -9999 -9999 -9999 -9999 -9999 -9999 -9999 -9999 -9999 -9999 -9999 -9999 -9999 -9999 -9999 -9999 -9999 -9999 0.1603 0.1724 0.1862 0.16055 0.1224 0.127 0.1502 0.1454 0.1563 0.1297 0.1335 0.1506 0.1452 0.1368 0.128 0.1222 0.1041 0.1143 0.1122 0.1175 0.10415 0.111 0.1122 0.1472 0.1538 0.1295 0.1195 0.134 0.1698 0.1315 0.1319 0.126 0.0989 0.0886 0.114 0.1011 0.0967 0.122 0.1297 0.1116 0.1424 0.0836 0.0806 0.0938 0.0878 0.0756 0.0844 0.074 0.066 0.0856 0.0817
