GIS/bfa_beta.asc
ncols         173
nrows         126
xllcorner     224227.65281
yllcorner     1039207.04677
cellsize      5000
NODATA_value  -9999
[rows 35 to 69 of 126, columns 78 to 155 of 173]
0.114 0.118 0.122 0.153 0.175 0.136 0.158 0.135 0.137 0.113 0.113 0.101 0.137 0.12 0.112 0.14 0.148 0.129 0.14 0.127 0.14 0.161 0.1555 0.158 0.148 0.145 0.132 0.145 0.12 0.153 0.123 0.131 0.175 0.142 0.132 0.146 0.175 0.175 0.127 0.13 0.145 0.135 0.145 0.12 0.109 0.109 0.109 0.119 0.09 0.098 0.08 0.082 0.066 0.082 0.092 0.083 0.066 0.065 0.059 0.057 0.07 0.076 0.067 0.069 0.071 0.066 -9999 -9999 -9999 -9999 -9999 -9999 -9999 -9999 -9999 -9999 -9999 -9999
0.098 0.112 0.118 0.146 0.129 0.147 0.14 0.125 0.112 0.11 0.084 0.102 0.101 0.111 0.111 0.112 0.112 0.126 0.124 0.13 0.112 0.157 0.132 0.144 0.14 0.12 0.131 0.13 0.167 0.167 0.141 0.175 0.154 0.16 0.161 0.132 0.116 0.175 0.127 0.134 0.167 0.12 0.12 0.129 0.126 0.126 0.126 0.128 0.109 0.093 0.092 0.085 0.085 0.077 0.072 0.072 0.077 0.057 0.055 0.072 0.06 0.057 0.055 0.055 0.057 0.057 0.055 -9999 -9999 -9999 -9999 -9999 -9999 -9999 -9999 -9999 -9999 -9999
0.097 0.103 0.111 0.114 0.116 0.11 0.118 0.103 0.091 0.094 0.088 0.103 0.115 0.093 0.106 0.105 0.097 0.116 0.114 0.118 0.117 0.141 0.133 0.116 0.127 0.129 0.13 0.127 0.14 0.127 0.143 0.1555 0.154 0.156 0.144 0.132 0.132 0.133 0.132 0.122 0.142 0.139 0.145 0.137 0.131 0.12 0.12 0.126 0.111 0.093 0.085 0.076 0.097 0.068 0.072 0.072 0.059 0.072 0.072 0.066 0.062 0.072 0.055 0.055 0.059 0.054 0.072 0.07 -9999 0.055 -9999 -9999 -9999 -9999 -9999 -9999 -9999 -9999
0.105 0.099 0.103 0.105 0.105 0.112 0.12 0.088 0.104 0.083 0.083 0.105 0.116 0.094 0.098 0.1 0.097 0.103 0.111 0.113 0.113 0.129 0.153 0.157 0.148 0.126 0.129 0.123 0.142 0.153 0.147 0.16 0.134 0.107 0.149 0.16 0.18 0.159 0.12 0.126 0.132 0.137 0.137 0.167 0.146 0.167 0.167 0.11 0.108 0.106 0.073 0.078 0.082 0.067 0.083 0.081 0.09 0.07 0.066 0.068 0.066 0.059 0.059 0.057 -9999 -9999 -9999 0.057 -9999 -9999 -9999 -9999 -9999 -9999 -9999 -9999 -9999 -9999
0.089 0.099 0.094 0.106 0.097 0.101 0.091 0.081 0.097 0.073 0.078 0.096 0.088 0.086 0.099 0.105 0.106 0.089 0.096 0.102 0.109 0.117 0.146 0.146 0.134 0.113 0.12 0.128 0.14 0.16 0.147 0.135 0.156 0.161 0.136 0.138 0.147 0.139 0.15 0.12 0.104 0.137 0.132 0.145 0.129 0.14 0.14 0.119 0.091 0.099 0.091 0.084 0.075 0.067 0.082 0.068 0.089 0.082 0.07 0.074 0.073 0.059 0.072 0.059 -9999 -9999 -9999 -9999 -9999 -9999 -9999 -9999 -9999 -9999 -9999 -9999 -9999 -9999
0.099 0.101 0.11 0.105 0.093 0.083 0.084 0.071 0.075 0.063 0.067 0.069 0.092 0.094 0.086 0.088 0.1 0.103 0.09 0.095 0.098 0.103 0.117 0.097 0.097 0.113 0.134 0.119 0.149 0.145 0.109 0.125 0.186 0.1555 0.14 0.119 0.119 0.115 0.112 0.127 0.14 0.118 0.126 0.12 0.11 0.114 0.114 0.109 0.098 0.098 0.074 0.081 0.084 0.074 0.076 0.066 0.078 0.065 0.074 0.059 0.066 0.059 0.064 0.06 -9999 -9999 -9999 -9999 -9999 -9999 -9999 -9999 -9999 -9999 -9999 -9999 -9999 -9999
0.092 0.091 0.091 0.09 0.079 0.078 0.074 0.075 0.076 0.069 0.064 0.074 0.069 0.073 0.078 0.084 0.088 0.107 0.079 0.099 0.091 0.103 0.114 0.127 0.114 0.109 0.117 0.12 0.133 0.144 0.17 0.148 0.141 0.142 0.116 0.14 0.13 0.119 0.108 0.122 0.144 0.137 0.104 0.097 0.096 0.106 0.105 0.09 0.094 0.09 0.076 0.068 0.082 0.09 0.098 0.089 0.085 0.076 0.074 0.062 0.069 0.063 0.069 0.059 -9999 -9999 -9999 -9999 -9999 -9999 -9999 -9999 -9999 -9999 -9999 -9999 -9999 -9999
0.081 0.09 0.081 0.083 0.076 0.064 0.075 0.068 0.067 0.066 0.062 0.068 0.074 0.068 0.066 0.07 0.093 0.083 0.093 0.092 0.093 0.095 0.119 0.112 0.094 0.129 0.097 0.101 0.171 0.136 0.169 0.13 0.134 0.13 0.167 0.133 0.132 0.122 0.135 0.101 0.112 0.12 0.145 0.121 0.115 0.093 0.093 0.098 0.086 0.071 0.09 0.098 0.09 0.105 0.089 0.093 0.089 0.081 0.071 0.062 0.069 0.066 0.066 0.071 -9999 -9999 -9999 -9999 -9999 -9999 -9999 -9999 -9999 -9999 -9999 -9999 -9999 -9999
0.076 0.079 0.082 0.09 0.091 0.073 0.07 0.071 0.057 0.057 0.053 0.053 0.053 0.055 0.053 0.057 0.063 0.071 0.068 0.078 0.081 0.09 0.117 0.105 0.081 0.107 0.117 0.12 0.14 0.133 0.145 0.126 0.13 0.146 0.128 0.132 0.119 0.122 0.146 0.101 0.167 0.137 0.121 0.126 0.126 0.11 0.117 0.109 0.098 0.099 0.106 0.106 0.108 0.106 0.09 0.087 0.082 0.079 0.087 0.089 0.082 0.07 0.075 0.067 -9999 -9999 -9999 -9999 -9999 -9999 -9999 -9999 -9999 -9999 -9999 -9999 -9999 -9999
0.093 0.091 0.073 0.077 0.076 0.07 0.058 0.055 0.055 0.059 0.054 0.059 0.059 0.045 0.053 0.054 0.054 0.064 0.07 0.059 0.082 0.08 0.095 0.116 0.082 0.108 0.11 0.139 0.131 0.096 0.145 0.122 0.148 0.139 0.122 0.149 0.122 0.132 0.122 0.122 0.167 0.126 0.11 0.109 0.09 0.113 0.113 0.1 0.086 0.087 0.094 0.106 0.098 0.074 0.073 0.089 0.089 0.09 0.068 0.078 0.078 0.082 0.077 0.066 -9999 -9999 -9999 -9999 -9999 -9999 -9999 -9999 -9999 -9999 -9999 -9999 -9999 -9999
0.094 0.092 0.087 0.078 0.068 0.063 0.053 0.059 0.049 0.048 0.045 0.052 0.046 0.051 0.05 0.051 0.05 0.053 0.059 0.054 0.069 0.075 0.101 0.105 0.116 0.116 0.117 0.125 0.128 0.111 0.101 0.137 0.146 0.132 0.119 0.114 0.119 0.153 0.119 0.122 0.115 0.103 0.109 0.108 0.1 0.111 0.116 0.108 0.108 0.098 0.074 0.085 0.076 0.085 0.073 0.099 0.087 0.089 0.076 0.076 0.076 0.076 0.078 0.084 -9999 -9999 -9999 -9999 -9999 -9999 -9999 -9999 -9999 -9999 -9999 -9999 -9999 -9999
0.093 0.092 0.09 0.079 0.067 0.063 0.057 0.059 0.051 0.038 0.043 0.045 0.051 0.05 0.05 0.047 0.046 0.058 0.061 0.053 0.057 0.068 0.089 0.091 0.111 0.116 0.118 0.137 0.126 0.124 0.104 0.131 0.134 0.146 0.146 0.13 0.132 0.135 0.13 0.144 0.139 0.12 0.12 0.118 0.113 0.09 0.096 0.109 0.109 0.102 0.091 0.098 0.106 0.106 0.09 0.089 0.106 0.089 0.098 0.09 0.085 0.076 0.068 0.084 0.084 0.09 0.098 0.073 -9999 -9999 -9999 -9999 -9999 -9999 -9999 -9999 -9999 -9999
0.088 0.088 0.093 0.082 0.066 0.057 0.053 0.055 0.046 0.044 0.044 0.047 0.05 0.046 0.042 0.047 0.042 0.046 0.053 0.06 0.068 0.077 0.083 0.09 0.102 0.116 0.118 0.122 0.132 0.131 0.15 0.102 0.088 0.153 0.12 0.126 0.123 0.139 0.133 0.096 0.122 0.121 0.13 0.113 0.116 0.099 0.099 0.094 0.126 0.109 0.108 0.098 0.106 0.106 0.08 0.076 0.085 0.091 0.098 0.08 0.095 0.073 0.073 0.091 0.099 0.089 0.089 0.106 0.099 -9999 -9999 -9999 -9999 -9999 -9999 -9999 -9999 -9999
0.1 0.1 0.09 0.072 0.063 0.057 0.053 0.058 0.059 0.055 0.052 0.047 0.053 0.047 0.047 0.045 0.042 0.045 0.053 0.059 0.064 0.081 0.081 0.092 0.106 0.112 0.125 0.113 0.114 0.118 0.122 0.095 0.1 0.142 0.133 0.153 0.126 0.114 0.101 0.137 0.129 0.125 0.114 0.09 0.114 0.117 0.117 0.128 0.128 0.11 0.098 0.09 0.085 0.076 0.09 0.073 0.106 0.098 0.098 0.098 0.098 0.106 0.106 0.108 0.106 0.098 0.106 0.106 0.106 0.106 -9999 -9999 -9999 -9999 -9999 -9999 -9999 -9999
0.088 0.108 0.098 0.092 0.064 0.064 0.055 0.05 0.045 0.05 0.058 0.049 0.046 0.044 0.046 0.05 0.051 0.051 0.055 0.054 0.063 0.07 0.074 0.072 0.075 0.1 0.113 0.105 0.105 0.116 0.125 0.123 0.146 0.153 0.141 0.157 0.143 0.141 0.12 0.126 0.129 0.113 0.114 0.103 0.11 0.101 0.101 0.111 0.097 0.1 0.098 0.082 0.09 0.089 0.089 0.106 0.106 0.106 0.108 0.098 0.106 0.108 0.105 0.106 0.105 0.106 0.093 0.106 0.084 0.085 0.085 -9999 -9999 -9999 -9999 -9999 -9999 -9999
0.104 0.1 0.094 0.079 0.065 0.056 0.057 0.055 0.048 0.059 0.058 0.047 0.047 0.047 0.05 0.045 0.054 0.057 0.062 0.057 0.056 0.063 0.069 0.085 0.099 0.098 0.103 0.094 0.098 0.11 0.113 0.117 0.141 0.137 0.167 0.112 0.127 0.119 0.127 0.129 0.135 0.11 0.116 0.112 0.128 0.129 0.116 0.116 0.106 0.108 0.073 0.098 0.098 0.098 0.117 0.105 0.098 0.1 0.117 0.093 0.106 0.108 0.108 0.11 0.121 0.11 0.114 0.114 0.076 0.09 0.09 0.089 0.099 -9999 -9999 -9999 -9999 -9999
0.087 0.077 0.073 0.064 0.062 0.057 0.054 0.054 0.051 0.059 0.05 0.053 0.049 0.042 0.052 0.059 0.059 0.063 0.061 0.053 0.054 0.06 0.066 0.078 0.086 0.1 0.103 0.109 0.095 0.088 0.116 0.122 0.127 0.131 0.12 0.134 0.122 0.12 0.153 0.114 0.129 0.103 0.136 0.126 0.109 0.103 0.103 0.114 0.098 0.09 0.089 0.098 0.098 0.106 0.109 0.108 0.114 0.103 0.126 0.106 0.114 0.094 0.126 0.123 0.119 0.126 0.093 0.106 0.089 0.095 0.09 0.098 0.106 0.108 -9999 -9999 -9999 -9999
0.073 0.068 0.071 0.063 0.059 0.053 0.046 0.047 0.047 0.051 0.044 0.05 0.046 0.052 0.05 0.053 0.054 0.057 0.06 0.07 0.07 0.074 0.074 0.081 0.074 0.095 0.087 0.105 0.085 0.081 0.109 0.117 0.128 0.126 0.118 0.134 0.113 0.1195 0.109 0.117 0.117 0.097 0.102 0.098 0.089 0.098 0.094 0.095 0.089 0.09 0.102 0.097 0.106 0.111 0.128 0.126 0.11 0.119 0.111 0.11 0.126 0.128 0.128 0.131 0.097 0.1 0.109 0.106 0.099 0.098 0.098 0.106 0.106 0.098 0.098 -9999 -9999 -9999
0.064 0.06 0.065 0.053 0.059 0.046 0.047 0.055 0.042 0.048 0.044 0.044 0.042 0.052 0.059 0.049 0.05 0.056 0.063 0.069 0.07 0.059 0.068 0.076 0.098 0.085 0.092 0.104 0.109 0.109 0.109 0.125 0.11 0.128 0.126 0.117 0.114 0.117 0.087 0.103 0.105 0.084 0.087 0.084 0.089 0.088 0.099 0.098 0.106 0.1 0.128 0.128 0.123 0.112 0.129 0.125 0.121 0.129 0.101 0.11 0.09 0.111 0.094 0.09 0.09 0.126 0.106 0.098 0.106 0.117 0.093 0.106 0.109 0.108 0.117 0.099 -9999 -9999
0.071 0.058 0.053 0.056 0.054 0.045 0.044 0.048 0.044 0.046 0.044 0.038 0.044 0.055 0.051 0.055 0.045 0.045 0.05 0.048 0.057 0.06 0.062 0.084 0.082 0.089 0.09 0.091 0.111 0.109 0.099 0.117 0.114 0.096 0.128 0.114 0.102 0.11 0.118 0.1 0.072 0.09 0.099 0.086 0.087 0.081 0.09 0.1 0.114 0.117 0.138 0.12 0.137 0.111 0.12 0.101 0.13 0.139 0.138 0.118 0.114 0.093 0.111 0.126 0.122 0.114 0.098 0.098 0.093 0.111 0.11 0.102 0.097 0.126 0.108 0.089 0.085 0.099
0.059 0.053 0.052 0.052 0.044 0.04 0.039 0.045 0.044 0.043 0.04 0.046 0.043 0.046 0.05 0.049 0.05 0.048 0.05 0.05 0.061 0.063 0.055 0.072 0.067 0.082 0.087 0.097 0.123 0.112 0.105 0.114 0.109 0.126 0.11 0.09 0.099 0.109 0.082 0.082 0.064 0.085 0.097 0.087 0.105 0.097 0.108 0.11 0.096 0.12 0.133 0.101 0.119 0.137 0.132 0.112 0.137 0.131 0.129 0.129 0.11 0.096 0.11 0.103 0.126 0.114 0.105 0.106 0.109 0.125 0.111 0.097 0.097 0.093 0.108 0.106 0.106 0.098
0.055 0.049 0.046 0.042 0.051 0.041 0.046 0.047 0.044 0.033 0.028 0.036 0.042 0.047 0.047 0.059 0.058 0.057 0.055 0.055 0.069 0.06 0.069 0.074 0.077 0.082 0.09 0.1 0.093 0.109 0.1 0.11 0.114 0.116 0.117 0.089 0.073 0.089 0.08 0.098 0.081 0.097 0.12 0.108 0.116 0.126 0.126 0.133 0.101 0.167 0.139 0.101 0.138 0.139 0.141 0.175 0.131 0.12 0.137 0.137 0.114 0.102 0.128 0.128 0.103 0.106 0.1 0.11 0.103 0.126 0.125 0.093 0.114 0.114 0.093 0.105 0.09 0.098
0.054 0.059 0.05 0.05 0.052 0.044 0.041 0.039 0.041 0.049 0.042 0.036 0.037 0.048 0.056 0.059 0.056 0.048 0.05 0.057 0.063 0.059 0.073 0.076 0.104 0.098 0.109 0.105 0.108 0.12 0.098 0.09 0.098 0.09 0.087 0.087 0.09 0.114 0.097 0.088 0.099 0.08 0.077 0.118 0.113 0.128 0.128 0.139 0.167 0.116 0.14 0.167 0.112 0.136 0.171 0.141 0.112 0.138 0.128 0.11 0.097 0.114 0.122 0.128 0.114 0.108 0.097 0.104 0.102 0.111 0.117 0.108 0.114 0.09 0.106 0.086 0.082 0.098
0.067 0.059 0.053 0.05 0.047 0.046 0.049 0.047 0.044 0.045 0.042 0.036 0.035 0.052 0.055 0.055 0.063 0.053 0.045 0.046 0.055 0.072 0.059 0.072 0.082 0.086 0.099 0.104 0.086 0.092 0.09 0.086 0.092 0.104 0.087 0.098 0.103 0.111 0.116 0.086 0.079 0.08 0.077 0.097 0.111 0.136 0.136 0.131 0.137 0.12 0.142 0.125 0.167 0.127 0.141 0.141 0.14 0.175 0.126 0.11 0.117 0.128 0.128 0.093 0.113 0.09 0.126 0.121 0.102 0.11 0.093 0.098 0.09 0.106 0.098 0.099 0.091 0.099
0.055 0.053 0.055 0.045 0.045 0.05 0.049 0.046 0.041 0.042 0.039 0.042 0.045 0.044 0.059 0.061 0.055 0.055 0.067 0.07 0.072 0.059 0.059 0.07 0.081 0.087 0.086 0.091 0.09 0.096 0.079 0.114 0.105 0.09 0.096 0.1 0.098 0.103 0.091 0.092 0.084 0.089 0.086 0.11 0.126 0.108 0.108 0.121 0.125 0.137 0.135 0.137 0.167 0.175 0.141 0.175 0.175 0.138 0.142 0.12 0.171 0.127 0.131 0.126 0.108 0.126 0.118 0.128 0.113 0.12 0.103 0.074 0.108 0.093 0.109 0.106 0.106 0.106
0.045 0.053 0.064 0.059 0.05 0.052 0.046 0.042 0.03 0.03 0.03 0.034 0.043 0.047 0.053 0.055 0.057 0.057 0.055 0.065 0.068 0.068 0.077 0.069 0.082 0.071 0.071 0.092 0.091 0.105 0.105 0.116 0.081 0.094 0.09 0.091 0.088 0.116 0.084 0.089 0.098 0.106 0.111 0.122 0.128 0.129 0.129 0.137 0.133 0.135 0.145 0.13 0.131 0.141 0.139 0.145 0.129 0.124 0.137 0.133 0.161 0.141 0.138 0.131 0.118 0.117 0.126 0.167 0.127 0.12 0.122 0.093 0.114 0.109 0.108 0.1 0.1 0.093
0.066 0.064 0.063 0.058 0.05 0.051 0.047 0.04 0.03 0.03 0.03 0.039 0.042 0.051 0.064 0.055 0.059 0.059 0.063 0.066 0.07 0.064 0.078 0.078 0.08 0.072 0.079 0.084 0.09 0.116 0.103 0.107 0.1 0.096 0.088 0.11 0.103 0.114 0.093 0.093 0.105 0.102 0.111 0.125 0.104 0.12 0.12 0.14 0.147 0.141 0.141 0.141 0.141 0.138 0.112 0.171 0.139 0.12 0.135 0.171 0.141 0.169 0.127 0.171 0.145 0.101 0.101 0.116 0.136 0.132 0.12 0.129 0.111 0.117 0.094 0.117 0.122 0.097
0.072 0.067 0.068 0.057 0.053 0.046 0.043 0.04 0.033 0.032 0.039 0.046 0.045 0.051 0.055 0.055 0.057 0.071 0.062 0.066 0.064 0.064 0.079 0.073 0.066 0.077 0.086 0.091 0.115 0.106 0.107 0.097 0.112 0.1 0.107 0.104 0.098 0.114 0.106 0.135 0.114 0.108 0.129 0.137 0.13 0.147 0.147 0.157 0.14 0.161 0.144 0.169 0.112 0.141 0.171 0.136 0.146 0.107 0.169 0.175 0.136 0.175 0.161 0.176 0.123 0.139 0.112 0.161 0.141 0.175 0.137 0.12 0.126 0.128 0.118 0.126 0.09 0.126
0.07 0.069 0.067 0.067 0.053 0.052 0.051 0.048 0.048 0.043 0.045 0.051 0.049 0.059 0.072 0.055 0.055 0.069 0.071 0.073 0.074 0.075 0.078 0.076 0.068 0.078 0.104 0.098 0.091 0.1 0.095 0.097 0.1 0.09 0.103 0.099 0.12 0.109 0.117 0.114 0.113 0.11 0.13 0.167 0.135 0.146 0.16 0.158 0.148 0.17 0.169 0.169 0.136 0.143 0.136 0.116 0.169 0.162 0.172 0.149 0.171 0.171 0.161 0.176 0.171 0.136 0.116 0.144 0.141 0.175 0.112 0.167 0.126 0.11 0.11 0.126 0.097 0.103
0.074 0.082 0.065 0.063 0.054 0.052 0.057 0.05 0.048 0.044 0.059 0.054 0.055 0.049 0.055 0.055 0.061 0.069 0.063 0.08 0.08 0.075 0.085 0.086 0.093 0.093 0.088 0.088 0.094 0.098 0.09 0.096 0.094 0.08 0.07 0.089 0.111 0.101 0.113 0.113 0.13 0.126 0.115 0.124 0.141 0.132 0.132 0.158 0.164 0.18 0.139 0.126 0.144 0.163 0.176 0.161 0.149 0.161 0.107 0.107 0.144 0.132 0.131 0.12 0.14 0.169 0.143 0.107 0.169 0.146 0.132 0.145 0.145 0.167 0.139 0.104 0.114 0.093
0.08 0.07 0.063 0.068 0.057 0.064 0.053 0.055 0.054 0.046 0.056 0.05 0.055 0.057 0.073 0.08 0.073 0.071 0.064 0.057 0.07 0.07 0.075 0.087 0.085 0.071 0.092 0.099 0.094 0.079 0.081 0.071 0.08 0.077 0.096 0.109 0.091 0.105 0.116 0.125 0.109 0.119 0.11 0.129 0.131 0.14 0.151 0.14 0.14 0.158 0.16 0.132 0.172 0.173 0.154 0.169 0.171 0.172 0.162 0.141 0.127 0.112 0.13 0.138 0.13 0.133 0.169 0.136 0.138 0.14 0.14 0.129 0.125 0.101 0.129 0.122 0.113 0.128
0.08 0.073 0.076 0.074 0.074 0.071 0.071 0.056 0.064 0.06 0.06 0.061 0.056 0.06 0.065 0.075 0.082 0.059 0.078 0.077 0.07 0.077 0.078 0.078 0.072 0.082 0.086 0.099 0.092 0.092 0.082 0.077 0.082 0.074 0.109 0.1 0.092 0.112 0.113 0.116 0.098 0.098 0.124 0.139 0.153 0.132 0.132 0.158 0.143 0.157 0.16 0.151 0.18 0.15 0.177 0.189 0.173 0.15 0.14 0.157 0.136 0.127 0.141 0.107 0.14 0.142 0.101 0.137 0.12 0.104 0.101 0.14 0.14 0.115 0.114 0.109 0.126 0.104
0.08 0.082 0.075 0.077 0.066 0.074 0.057 0.062 0.056 0.057 0.066 0.066 0.062 0.067 0.067 0.085 0.068 0.057 0.054 0.084 0.064 0.07 0.093 0.093 0.079 0.072 0.083 0.079 0.073 0.079 0.104 0.092 0.086 0.083 0.094 0.088 0.105 0.105 0.109 0.116 0.125 0.106 0.137 0.148 0.127 0.135 0.153 0.147 0.147 0.16 0.185 0.088 0.16 0.18 0.198 0.156 0.141 0.142 0.14 0.175 0.14 0.144 0.177 0.107 0.141 0.171 0.116 0.137 0.119 0.12 0.101 0.103 0.126 0.117 0.113 0.09 0.123 0.114
0.076 0.083 0.082 0.07 0.072 0.059 0.055 0.055 0.07 0.064 0.07 0.08 0.076 0.079 0.068 0.07 0.088 0.093 0.076 0.066 0.076 0.08 0.082 0.079 0.075 0.083 0.083 0.078 0.089 0.09 0.105 0.089 0.086 0.075 0.078 0.091 0.088 0.103 0.109 0.116 0.127 0.113 0.129 0.112 0.132 0.135 0.135 0.175 0.148 0.18 0.15 0.155 0.18 0.173 0.136 0.151 0.136 0.158 0.141 0.176 0.169 0.127 0.17 0.133 0.167 0.127 0.127 0.175 0.141 0.13 0.167 0.104 0.126 0.104 0.102 0.109 0.114 0.116
0.09 0.085 0.085 0.075 0.084 0.066 0.072 0.072 0.074 0.073 0.057 0.08 0.075 0.074 0.07 0.077 0.092 0.076 0.074 0.092 0.072 0.077 0.07 0.077 0.08 0.074 0.09 0.079 0.078 0.09 0.094 0.089 0.096 0.089 0.085 0.099 0.097 0.097 0.109 0.119 0.116 0.125 0.127 0.123 0.139 0.127 0.127 0.148 0.158 0.155 0.144 0.15 0.179 0.147 0.162 0.173 0.155 0.15 0.149 0.141 0.141 0.171 0.139 0.175 0.169 0.171 0.133 0.12 0.131 0.13 0.132 0.13 0.131 0.129 0.126 0.126 0.122 0.114
