GIS/bfa_beta.asc
ncols         173
nrows         126
xllcorner     224227.65281
yllcorner     1039207.04677
cellsize      5000
NODATA_value  -9999
[rows 64 to 95 of 126, columns 72 to 143 of 173]
0.0872 0.0771 0.0768 0.0728 0.08 0.0764 0.0776 0.082 0.065 0.0642 0.0552 0.0498 0.0531 0.0521 0.048 0.0464 0.0506 0.0573 0.0555 0.0425 0.0512 0.0509 0.0629 0.0626 0.0618 0.0734 0.0731 0.0766 0.0749 0.0797 0.0871 0.0924 0.09535 0.0992 0.1008 0.0991 0.0899 0.0881 0.0821 0.0806 0.0694 0.089 0.1098 0.1009 0.1089 0.1254 0.13645 0.126 0.115 0.1291 0.14415 0.1394 0.1394 0.1535 0.1806 0.1858 0.1287 0.1135 0.1568 0.1611 0.1545 0.1593 0.1471 0.1409 0.107 0.1603 0.144 0.1444 0.1229 0.1226 0.1458 0.1471
0.071 0.0821 0.078 0.0839 0.0782 0.0652 0.0731 0.0736 0.0618 0.0724 0.0619 0.0624 0.0564 0.0499 0.0552 0.0486 0.056 0.0533 0.0551 0.0619 0.0651 0.0686 0.0648 0.0682 0.0665 0.0647 0.0691 0.0666 0.0757 0.087 0.085 0.071 0.0788 0.0988 0.0974 0.0748 0.0863 0.0746 0.0773 0.0858 0.0946 0.0988 0.0948 0.1092 0.1117 0.1218 0.1175 0.1172 0.1103 0.129 0.1298 0.1539 0.1548 0.1374 0.1458 0.1457 0.1609 0.1407 0.17796667 0.1921 0.1544 0.1789 0.1672 0.1637 0.1598 0.1368 0.1385 0.1371 0.1316 0.1308 0.1402 0.133
0.0986 0.0882 0.0909 0.0818 0.0844 0.0751 0.0731 0.0709 0.0738 0.074 0.0737 0.0675 0.0656 0.0613 0.064 0.0536 0.0589 0.0513 0.056 0.06 0.0705 0.0759 0.0778 0.0682 0.0724 0.0733 0.0647 0.0693 0.0783 0.0772 0.0829 0.0789 0.0868 0.0837 0.0839 0.0885 0.0789 0.0721 0.0789 0.0776 0.109 0.1067 0.0933 0.1083 0.1167 0.1141 0.0962 0.1053 0.1279 0.1287 0.1414 0.1396 0.1396 0.1802 0.143 0.157 0.1601 0.1501 0.1707 0.1578 0.1762 0.1683 0.1854 0.1569 0.1539 0.1451 0.1434 0.1397 0.1241 0.1604 0.1282 0.1283
0.095 0.0999 0.0999 0.0989 0.0689 0.0743 0.0686 0.0789 0.075 0.0728 0.0745 0.0626 0.058033333 0.062 0.0613 0.0556 0.0662 0.066 0.0553 0.0663 0.0679 0.0754 0.0808 0.0684 0.0698 0.0761 0.0747 0.0691 0.0897 0.0884 0.0788 0.0751 0.0843 0.0853 0.0763 0.0849 0.0914 0.0841 0.09825 0.0819 0.094 0.088 0.1092 0.0874 0.10605 0.1171 0.1222 0.0981 0.137 0.1248 0.127 0.1249 0.1247 0.1362 0.1438 0.1601 0.185 0.0937 0.1702 0.18 0.1807 0.156 0.1412 0.1408 0.1606 0.15485 0.1446 0.1488 0.1708 0.1438 0.1486 0.1299
0.1015 0.0978 0.1163 0.102 0.0705 0.0858 0.0816 0.083 0.0726 0.0745 0.0774 0.0695 0.05875 0.0565 0.0646 0.0777 0.07 0.0664 0.0669 0.0788 0.0643 0.0676 0.1008 0.0976 0.09065 0.0745 0.0762 0.0738 0.0778 0.0853 0.0766 0.0804 0.0866 0.0823 0.0835 0.0964 0.0974 0.089 0.0868 0.0727 0.0755 0.0995 0.1043 0.1087 0.1093 0.1112 0.1357 0.1188 0.1333 0.1302 0.1407 0.1205 0.1205 0.1481 0.15534286 0.1793 0.15 0.1797 0.1795 0.1589 0.1616 0.1558 0.14045 0.1598 0.1367 0.1545 0.1871 0.1324 0.17 0.1221 0.14815 0.1324
0.1042 0.0817 0.0949 0.0821 0.08025 0.089 0.1044 0.0827 0.0872 0.0754 0.0689 0.0778 0.0749 0.0554 0.0657 0.0709 0.0696 0.0734 0.075 0.0706 0.0706 0.0779 0.0841 0.0748 0.0931 0.0885 0.0742 0.0847 0.0706 0.0689 0.0734 0.0776 0.0989 0.0748 0.0861 0.0815 0.0841 0.0879 0.0859 0.0835 0.0918 0.0939 0.0973 0.1059 0.1166 0.1172 0.1045 0.1223 0.127 0.1303 0.1399 0.127 0.127 0.15534286 0.1571 0.1534 0.1568 0.1364 0.1721 0.1665 0.1639 0.1791 0.1797 0.1969 0.149 0.1666 0.1454 0.171 0.139 0.1453 0.1265 0.1368
0.0915 0.0778 0.0916 0.0817 0.1024 0.096133333 0.0999 0.1022 0.0887 0.083 0.0838 0.0728 0.0749 0.0669 0.0637 0.0684 0.0702 0.0789 0.0746 0.074 0.0743 0.0772 0.092 0.0864 0.0916 0.0813 0.074 0.0643 0.0652 0.06805 0.0742 0.0771 0.0835 0.0908 0.0915 0.0868 0.0938 0.0962 0.0821 0.09205 0.0865 0.09 0.1118 0.1116 0.1254 0.1202 0.1259 0.1257 0.1231 0.1221 0.1418 0.1265 0.1265 0.1848 0.1795 0.1524 0.1631 0.1633 0.1738 0.16843333 0.1806 0.1886 0.157 0.1555 0.1401 0.1091 0.1141 0.1315 0.1442 0.1289 0.1379 0.1352
0.1039 0.0825 0.104 0.0983 0.0894 0.1039 0.0999 0.0915 0.0854 0.078 0.0773 0.066 0.076 0.0777 0.0727 0.0689 0.0762 0.0809 0.0778 0.0811 0.0725 0.0652 0.0738 0.081 0.078 0.0769 0.1044 0.0924 0.093 0.0829 0.0864 0.0825 0.0877 0.0883 0.0883 0.0901 0.0995 0.1001 0.0797 0.08575 0.0835 0.1095 0.1119 0.1126 0.1105 0.1361 0.1306 0.143 0.1258 0.1606 0.1558 0.1789 0.1789 0.157 0.1694 0.157 0.15534286 0.18796667 0.1548 0.1848 0.2107 0.1702 0.1833 0.1485 0.1454 0.157 0.1768 0.17325 0.1726 0.1663 0.1557 0.1371
0.0996 0.0946 0.108 0.1004 0.087 0.10053333 0.1063 0.0807 0.0836 0.0945 0.08925 0.0804 0.0733 0.0734 0.0712 0.0707 0.072 0.0757 0.0675 0.0675 0.0781 0.06455 0.0753 0.0669 0.0828 0.082 0.0743 0.0742 0.0731 0.0731 0.0706 0.0858 0.0888 0.0909 0.0937 0.0872 0.0896 0.0854 0.06885 0.0823 0.0871 0.0946 0.1 0.1098 0.1361 0.1234 0.1357 0.1511 0.127 0.1502 0.1371 0.1302 0.1416 0.15534286 0.1708 0.1593 0.157 0.1807 0.1983 0.1705 0.156 0.1759 0.1779 0.1724 0.14045 0.1862 0.1556 0.1928 0.2041 0.1759 0.15534286 0.15365
0.0982 0.1193 0.0941 0.1064 0.0932 0.0928 0.0991 0.0798 0.0935 0.1022 0.0852 0.0711 0.0689 0.0751 0.072 0.0724 0.0706 0.0684 0.0621 0.0734 0.0791 0.0691 0.075 0.0699 0.0809 0.0833 0.0669 0.0743 0.0738 0.0752 0.0789 0.064 0.0731 0.0849 0.0766 0.0745 0.0664 0.054 0.0654 0.0778 0.071 0.09 0.0908 0.1051 0.1296 0.129 0.1243 0.1489 0.1495 0.122 0.1157 0.1393 0.1393 0.1416 0.1265 0.15534286 0.1844 0.17325 0.1534 0.1567 0.1448 0.1384 0.1551 0.112 0.1683 0.1679 0.1473 0.18 0.1854 0.1663 0.1636 0.1454
0.1125 0.0946 0.0905 0.1097 0.0962 0.0921 0.1027 0.0936 0.1057 0.1051 0.0991 0.0829 0.0808 0.08 0.0776 0.0928 0.0899 0.0847 0.0633 0.0606 0.0625 0.0725 0.0759 0.0847 0.0828 0.0686 0.0753 0.0737 0.0652 0.0705 0.0866 0.0562 0.0593 0.0772 0.0834 0.0786 0.065 0.0755 0.069 0.0686 0.0898 0.0969 0.1012 0.0974 0.0972 0.1113 0.1167 0.1483 0.1378 0.1327 0.1294 0.1441 0.1304 0.1313 0.1432 0.1523 0.14916 0.1482 0.1471 0.1703 0.1524 0.1399 0.1743 0.1617 0.1848 0.17415 0.1852 0.1939 0.155 0.1409 0.1384 0.1384
0.0941 0.0941 0.0954 0.0928 0.095 0.0993 0.0857 0.0885 0.1069 0.1116 0.0919 0.0993 0.1011 0.0929 0.0857 0.0936 0.0958 0.0894 0.066 0.0561 0.058033333 0.0789 0.0783 0.0858 0.0863 0.0778 0.0767 0.0772 0.0729 0.0827 0.0497 0.0546 0.0587 0.0669 0.0679 0.0713 0.0709 0.0663 0.0757 0.0706 0.0891 0.0934 0.1081 0.0818 0.0989 0.1101 0.0958 0.1262 0.1318 0.1394 0.1386 0.126 0.1277 0.148 0.1481 0.1516 0.14916 0.1588 0.1692 0.1599 0.1309 0.133 0.1836 0.194 0.1939 0.1919 0.1431 0.1885 0.1919 0.1595 0.1768 0.1551
0.0997 0.0916 0.1024 0.1117 0.0949 0.1037 0.0958 0.1081 0.10925 0.1026 0.0919 0.099 0.0772 0.0816 0.0903 0.0904 0.0985 0.0953 0.1075 0.0883 0.0695 0.0526 0.078 0.094 0.0807 0.06625 0.0759 0.0877 0.0818 0.0885 0.0534 0.0539 0.0557 0.0669 0.0688 0.0641 0.0687 0.0683 0.0652 0.0762 0.0849 0.0784 0.0924 0.0852 0.1122 0.096133333 0.0898 0.0998 0.1243 0.13 0.1365 0.1385 0.1385 0.1407 0.1471 0.1416 0.156 0.1692 0.15065 0.1545 0.1151 0.1759 0.1861 0.1711 0.1661 0.1841 0.205 0.1775 0.1753 0.1636 0.1604 0.1608
0.1161 0.1069 0.11445 0.1101 0.1248 0.1258 0.1099 0.123 0.1194 0.1324 0.0967 0.0908 0.1009 0.1125 0.1078 0.0928 0.1073 0.0899 0.1063 0.0941 0.0745 0.072 0.0721 0.0662 0.0802 0.0833 0.079 0.0866 0.0764 0.072 0.0598 0.0491 0.048 0.0545 0.0713 0.068 0.0513 0.0533 0.0777 0.0791 0.0822 0.0924 0.0841 0.1013 0.1125 0.1108 0.1028 0.1118 0.1099 0.121 0.1256 0.1348 0.1406 0.148 0.1394 0.138 0.141 0.1247 0.1631 0.1603 0.1094 0.1384 0.1898 0.1743 0.157 0.1718 0.1855 0.197 0.1998 0.1633 0.1708 0.15534286
0.1249 0.1032 0.0744 0.0836 0.1258 0.1099 0.1334 0.1139 0.1119 0.1117 0.0948 0.084 0.1137 0.0941 0.0857 0.0932 0.0932 0.0928 0.0779 0.0776 0.0767 0.0618 0.076 0.0702 0.0812 0.0872 0.0832 0.0713 0.0651 0.0708 0.0715 0.0514 0.0451 0.0404 0.039 0.0524 0.0541 0.0579 0.0525 0.0676 0.0772 0.0788 0.0839 0.0932 0.1108 0.0928 0.108 0.0987 0.1094 0.115 0.1258 0.1365 0.1221 0.1446 0.1302 0.1288 0.1392 0.175 0.1354 0.1289 0.104 0.1692 0.15534286 0.1598 0.1707 0.1289 0.1451 0.1773 0.1776 0.1448 0.1438 0.1241
0.1286 0.1166 0.1199 0.10955 0.1291 0.1275 0.1209 0.1453 0.1312 0.1119 0.0868 0.10955 0.10686 0.0982 0.1027 0.0851 0.0808 0.0894 0.0904 0.0834 0.0827 0.0752 0.0664 0.0724 0.0829 0.0756 0.0778 0.0685 0.0725 0.0668 0.0731 0.0482 0.0407 0.0446 0.0409 0.042 0.0495 0.048 0.063 0.07 0.071 0.0737 0.071 0.0855 0.0967 0.0947 0.1107 0.0991 0.116 0.1119 0.1246 0.1299 0.1299 0.1224 0.149 0.1705 0.1663 0.1511 0.1684 0.1401 0.1256 0.14 0.1488 0.1442 0.1564 0.1603 0.1384 0.1762 0.1775 0.1265 0.14045 0.15534286
0.1173 0.1115 0.1366 0.1203 0.11315 0.13495 0.1365 0.11715 0.1296 0.1093 0.1161 0.108 0.1097 0.0886 0.1193 0.0913 0.1405 0.1391 0.1402 0.1619 0.08245 0.0728 0.0777 0.0762 0.0639 0.067 0.0663 0.0682 0.0696 0.0653 0.0652 0.06815 0.0485 0.0443 0.0393 0.0434 0.0423 0.0474 0.0524 0.0669 0.0681 0.0861 0.0751 0.0664 0.0928 0.1125 0.0977 0.0744 0.1119 0.116 0.1343 0.124 0.124 0.139 0.1616 0.1467 0.1607 0.1407 0.1363 0.1241 0.1306 0.131 0.1517 0.1617 0.1289 0.1639 0.1616 0.1438 0.1554 0.176 0.1734 0.1738
0.1087 0.1141 0.1036 0.1156 0.1001 0.1392 0.1362 0.1407 0.1093 0.1034 0.1131 0.093 0.1156 0.096133333 0.0971 0.1665 0.1602 0.1776 0.16775 0.1706 0.14 0.0736 0.069 0.0765 0.0663 0.0646 0.0711 0.0838 0.06 0.0626 0.0647 0.0483 0.0543 0.0547 0.0508 0.0551 0.052 0.0535 0.0525 0.0579 0.0767 0.0861 0.0661 0.074566667 0.0946 0.1024 0.0806 0.0977 0.1137 0.1316 0.1257 0.1312 0.1166 0.131 0.1454 0.1563 0.1444 0.1316 0.1255 0.1363 0.1672 0.1272 0.1446 0.1789 0.1789 0.15534286 0.149 0.1705 0.16055 0.15534286 0.1241 0.1458
0.1045 0.1131 0.1067 0.12505 0.137 0.1392 0.1226 0.1192 0.2394 0.1131 0.1087 0.1027 0.1681 0.164 0.1498 0.167 0.1686 0.1707 0.1406 0.139 0.1231 0.1601 0.0745 0.0569 0.0554 0.0661 0.0745 0.0805 0.0778 0.0576 0.067 0.0523 0.0516 0.0543 0.0554 0.0549 0.0486 0.0482 0.0521 0.0553 0.0733 0.0807 0.0698 0.0748 0.0948 0.1073 0.0926 0.0812 0.084 0.1178 0.1159 0.1158 0.1014 0.1392 0.1633 0.1563 0.112 0.1684 0.1382 0.1322 0.1141 0.138 0.1273 0.1434 0.116 0.146 0.1684 0.1443 0.14 0.1563 0.1221 0.123
0.1067 0.1019 0.1098 0.0963 0.1216 0.0958 0.1297 0.1152 0.1025 0.10705 0.1679 0.1998 0.1698 0.1404 0.1601 0.1663 0.171 0.1683 0.1304 0.125 0.1177 0.1391 0.1286 0.1075 0.1207 0.0746 0.0717 0.0695 0.0777 0.054 0.0546 0.0603 0.045 0.0533 0.0486 0.0497 0.0551 0.0523 0.0588 0.0685 0.0729 0.0721 0.0754 0.0771 0.10053333 0.0987 0.08245 0.1045 0.1129 0.1132 0.1056 0.2701 0.2805 0.129 0.3295 0.3497 0.3706 0.3494 0.1316 0.1231 0.1016 0.1053 0.1137 0.11145 0.1204 0.1301 0.1298 0.1224 0.1765 0.1446 0.1264 0.1326
0.0919 0.0845 0.0991 0.0941 0.1045 0.18 0.2103 0.1109 0.2 0.2301 0.2301 0.1766 0.1746 0.1684 0.1677 0.1592 0.1225 0.1208 0.1392 0.1254 0.1223 0.0906 0.1221 0.1064 0.1222 0.1222 0.0689 0.0594 0.0618 0.0662 0.0486 0.0629 0.0508 0.0512 0.0512 0.0505 0.0509 0.0532 0.0624 0.0659 0.0526 0.0686 0.0714 0.0872 0.0952 0.0985 0.0969 0.1006 0.1177 0.1091 0.2504 0.2602 0.2493 0.3402 0.3102 0.3093 0.2805 0.3207 0.3406 0.2797 0.23 0.1991 0.1992 0.3298 0.3204 0.3606 0.129 0.3995 0.3296 0.1609 0.1422 0.129
0.08645 0.10053333 0.0928 0.1004 0.1893 0.1693 0.1637 0.2405 0.1593 0.1995 0.1786 0.1662 0.1767 0.1627 0.1606 0.1285 0.1229 0.1208 0.1204 0.1287 0.0988 0.0968 0.102 0.096 0.1276 0.124 0.0917 0.0702 0.0551 0.0591 0.0527 0.0485 0.0517 0.0457 0.0544 0.0496 0.05285 0.0474 0.058 0.063 0.0635 0.0563 0.0696 0.0694 0.0721 0.0719 0.0756 0.0954 0.1084 0.2095 0.2192 0.2495 0.2395 0.2602 0.259 0.2993 0.2695 0.3196 0.2699 0.2403 0.2104 0.174 0.1752 0.1996 0.2893 0.36 0.2893 0.2598 0.2593 0.3407 0.1229 0.3092
0.165 0.1901 0.1904 0.1904 0.2297 0.1891 0.1771 0.2308 0.1775 0.2304 0.2593 0.2598 0.16 0.1292 0.1284 0.1599 0.1591 0.1784 0.1628 0.1686 0.1182 0.0974 0.0968 0.1 0.1011 0.0913 0.09185 0.08 0.0627 0.0486 0.0562 0.0501 0.0536 0.0406 0.0419 0.0405 0.0449 0.0478 0.0507 0.0523 0.0558 0.0693 0.0575 0.066 0.0639 0.0635 0.0776 0.1426 0.1893 0.1903 0.1894 0.2298 0.2298 0.2094 0.2697 0.2406 0.2405 0.2796 0.2509 0.2306 0.2793 0.1377 0.1292 0.1596 0.1687 0.2107 0.2308 0.2102 0.2304 0.2891 0.3393 0.1436
0.17 0.18 0.18 0.2093 0.21985 0.1673 0.1752 0.2007 0.2301 0.2102 0.2603 0.2103 0.1591 0.1389 0.1509 0.1796 0.1634 0.2006 0.1777 0.1706 0.1663 0.104 0.0913 0.0524 0.0917 0.0707 0.087 0.0706 0.0687 0.0685 0.0712 0.0604 0.0434 0.0555 0.0567 0.049 0.0454 0.0555 0.0551 0.0602 0.058 0.0579 0.0381 -9999 -9999 -9999 -9999 0.1667 0.1909 0.1797 0.2108 0.2095 0.2095 0.2394 0.2407 0.2404 0.1899 0.1739 0.3202 0.3196 0.2494 0.1909 0.1488 0.1666 0.1369 0.1994 0.2502 0.2305 0.3207 0.249 0.4291 0.3695
0.149 0.1697 0.1101 0.1796 0.1693 0.1606 0.1741 0.1663 0.1704 0.1596 0.1663 0.2 0.2304 0.199 0.1598 0.1622 0.1231 0.1231 0.14 0.1408 0.1608 0.0924 0.0926 0.075 0.081 0.0707 0.0645 0.0496 0.0496 0.0499 0.0645 0.059 0.0494 0.0644 0.0712 0.0644 0.0496 0.0724 0.075 -9999 -9999 -9999 -9999 -9999 -9999 -9999 -9999 -9999 -9999 -9999 -9999 -9999 0.1999 0.2107 0.2493 0.2497 0.2291 0.18 0.249 0.249 0.2706 0.21985 0.1606 0.1504 0.14565 0.133 0.2005 0.3298 0.3595 0.2706 -9999 0.3498
0.189 0.189 0.1354 0.1597 0.1596 0.1997 0.1904 0.1593 0.1727 0.1405 0.1804 0.1597 0.1759 0.1702 0.1758 0.1787 0.1202 0.1236 0.1753 0.1713 0.12 0.0904 0.0917 0.084 0.0744 0.0719 0.0498 0.0505 0.0501 0.0496 0.055 0.0491 0.0496 0.0639 0.067 0.0621 0.0612 0.0725 0.0645 -9999 -9999 -9999 -9999 -9999 -9999 -9999 -9999 -9999 -9999 -9999 -9999 -9999 -9999 -9999 -9999 -9999 -9999 0.2005 0.2401 0.2494 0.2907 0.2391 0.2503 0.2592 0.1289 0.143 0.2991 0.3103 0.3992 -9999 -9999 -9999
0.1604 0.2291 0.1429 0.1655 0.1596 0.1606 0.1601 0.1766 0.1602 0.1756 0.1713 0.1391 0.1618 0.1754 -9999 -9999 -9999 -9999 0.124 0.1182 0.0919 0.0921 0.081 0.079 -9999 -9999 0.0545 0.05 0.0527 0.05575 -9999 0.0523 0.0511 0.059 0.0621 0.063 0.0522 0.0505 -9999 -9999 -9999 -9999 -9999 -9999 -9999 -9999 -9999 -9999 -9999 -9999 -9999 -9999 -9999 -9999 -9999 -9999 -9999 -9999 -9999 0.1731 0.2392 0.2294 -9999 -9999 -9999 -9999 -9999 -9999 -9999 -9999 -9999 -9999
-9999 -9999 -9999 -9999 -9999 -9999 -9999 -9999 -9999 -9999 -9999 -9999 -9999 -9999 -9999 -9999 -9999 -9999 -9999 -9999 -9999 -9999 -9999 -9999 -9999 -9999 -9999 -9999 -9999 -9999 -9999 -9999 -9999 -9999 0.063 0.0621 -9999 -9999 -9999 -9999 -9999 -9999 -9999 -9999 -9999 -9999 -9999 -9999 -9999 -9999 -9999 -9999 -9999 -9999 -9999 -9999 -9999 -9999 -9999 -9999 -9999 -9999 -9999 -9999 -9999 -9999 -9999 -9999 -9999 -9999 -9999 -9999
-9999 -9999 -9999 -9999 -9999 -9999 -9999 -9999 -9999 -9999 -9999 -9999 -9999 -9999 -9999 -9999 -9999 -9999 -9999 -9999 -9999 -9999 -9999 -9999 -9999 -9999 -9999 -9999 -9999 -9999 -9999 -9999 -9999 -9999 -9999 0.0532 -9999 -9999 -9999 -9999 -9999 -9999 -9999 -9999 -9999 -9999 -9999 -9999 -9999 -9999 -9999 -9999 -9999 -9999 -9999 -9999 -9999 -9999 -9999 -9999 -9999 -9999 -9999 -9999 -9999 -9999 -9999 -9999 -9999 -9999 -9999 -9999
-9999 -9999 -9999 -9999 -9999 -9999 -9999 -9999 -9999 -9999 -9999 -9999 -9999 -9999 -9999 -9999 -9999 -9999 -9999 -9999 -9999 -9999 -9999 -9999 -9999 -9999 -9999 -9999 -9999 -9999 -9999 -9999 -9999 -9999 -9999 -9999 -9999 -9999 -9999 -9999 -9999 -9999 -9999 -9999 -9999 -9999 -9999 -9999 -9999 -9999 -9999 -9999 -9999 -9999 -9999 -9999 -9999 -9999 -9999 -9999 -9999 -9999 -9999 -9999 -9999 -9999 -9999 -9999 -9999 -9999 -9999 -9999
-9999 -9999 -9999 -9999 -9999 -9999 -9999 -9999 -9999 -9999 -9999 -9999 -9999 -9999 -9999 -9999 -9999 -9999 -9999 -9999 -9999 -9999 -9999 -9999 -9999 -9999 -9999 -9999 -9999 -9999 -9999 -9999 -9999 -9999 -9999 -9999 -9999 -9999 -9999 -9999 -9999 -9999 -9999 -9999 -9999 -9999 -9999 -9999 -9999 -9999 -9999 -9999 -9999 -9999 -9999 -9999 -9999 -9999 -9999 -9999 -9999 -9999 -9999 -9999 -9999 -9999 -9999 -9999 -9999 -9999 -9999 -9999
-9999 -9999 -9999 -9999 -9999 -9999 -9999 -9999 -9999 -9999 -9999 -9999 -9999 -9999 -9999 -9999 -9999 -9999 -9999 -9999 -9999 -9999 -9999 -9999 -9999 -9999 -9999 -9999 -9999 -9999 -9999 -9999 -9999 -9999 -9999 -9999 -9999 -9999 -9999 -9999 -9999 -9999 -9999 -9999 -9999 -9999 -9999 -9999 -9999 -9999 -9999 -9999 -9999 -9999 -9999 -9999 -9999 -9999 -9999 -9999 -9999 -9999 -9999 -9999 -9999 -9999 -9999 -9999 -9999 -9999 -9999 -9999
