GIS/bfa_beta.asc
ncols         173
nrows         126
xllcorner     224227.65281
yllcorner     1039207.04677
cellsize      5000
NODATA_value  -9999
[rows 78 to 116 of 126, columns 0 to 86 of 173]
-9999 -9999 -9999 -9999 -9999 -9999 -9999 0.5 0.7 0.6 0.85 0.6 0.85 0.75 0.75 0.8 0.8 0.8 0.8 0.85 0.7 0.6 0.65 0.5 0.4 0.6 0.4 0.5 0.5 0.45 0.45 0.45 0.5 0.4 0.4 0.35 0.4 0.4 0.35 0.4 0.4 0.35 0.35 0.4 0.4 0.4 0.35 0.3 0.3 0.25 0.3 0.4 0.35 0.35 0.5 0.55 0.6 0.6 0.65 0.4 0.4 0.45 0.45 0.35 0.625 0.575 0.625 0.675 0.675 0.875 0.875 0.75 0.725 0.55 0.625 0.625 0.725 0.675 0.75 0.7 0.65 0.65 0.45 0.6 0.525 0.6 0.55
-9999 -9999 -9999 -9999 -9999 -9999 -9999 0.65 0.7 0.7 0.85 0.6 0.6 0.85 0.9 1.05 0.8 0.8 0.75 0.85 0.7 0.55 0.4 0.4 0.4 0.4 0.45 0.35 0.45 0.45 0.45 0.3 0.4 0.45 0.3 0.5 0.45 0.4 0.35 0.4 0.35 0.35 0.35 0.35 0.35 0.35 0.3 0.35 0.3 0.4 0.4 0.5 0.4 0.4 0.5 0.6 0.6 0.45 0.45 0.35 0.4 0.4 0.6 0.6 0.575 0.625 0.675 0.65 0.7 0.875 0.75 0.875 0.75 0.625 0.575 0.725 0.725 0.725 0.725 0.75 0.7 0.55 0.45 0.525 0.625 0.625 0.6
-9999 -9999 -9999 -9999 -9999 -9999 -9999 0.6 0.55 0.7 0.6 0.6 0.6 0.75 0.8 0.8 0.8 0.9 0.95 0.6 0.6 0.5 0.45 0.4 0.45 0.45 0.35 0.3 0.4 0.4 0.35 0.45 0.35 0.35 0.35 0.4 0.45 0.4 0.3 0.3 0.35 0.4 0.4 0.35 0.3 0.4 0.35 0.3 0.35 0.3 0.35 0.4 0.4 0.45 0.5 0.5 0.5 0.5 0.35 0.35 0.4 0.4 0.4 0.45 0.575 0.575 0.575 0.575 0.675 0.675 0.675 0.575 0.65 0.575 0.725 0.675 0.675 0.875 0.85 0.75 0.725 0.625 0.575 0.525 0.525 0.525 0.525
-9999 -9999 -9999 -9999 -9999 -9999 -9999 0.6 0.55 0.4 0.7 0.6 0.85 0.6 0.85 0.75 0.7 0.7 0.55 0.65 0.5 0.4 0.45 0.4 0.35 0.45 0.45 0.4 0.45 0.45 0.45 0.45 0.45 0.35 0.35 0.45 0.4 0.3 0.35 0.45 0.35 0.35 0.3 0.35 0.3 0.35 0.3 0.3 0.35 0.35 0.35 0.4 0.4 0.45 0.4 0.35 0.35 0.35 0.35 0.35 0.35 0.35 0.4 0.4 0.5 0.45 0.575 0.525 0.675 0.525 0.575 0.625 0.525 0.575 0.575 0.575 0.65 0.7 0.875 0.7 0.625 0.625 0.625 0.625 0.575 0.6 0.6
-9999 -9999 -9999 -9999 -9999 -9999 0.5 0.6 0.7 0.4 0.5 0.6 0.9 0.95 0.95 0.75 0.55 0.5 0.5 0.7 0.4 0.5 0.5 0.5 0.3 0.25 0.35 0.45 0.35 0.35 0.3 0.35 0.3 0.35 0.3 0.3 0.35 0.35 0.35 0.35 0.35 0.3 0.25 0.25 0.3 0.35 0.25 0.2 0.35 0.35 0.35 0.4 0.4 0.3 0.35 0.4 0.5 0.35 0.35 0.35 0.35 0.4 0.4 0.6 0.525 0.55 0.575 0.625 0.625 0.575 0.575 0.575 0.625 0.625 0.525 0.675 0.875 0.7 0.7 0.675 0.5 0.625 0.525 0.6 0.45 0.45 0.35
-9999 -9999 -9999 -9999 -9999 -9999 0.5 0.55 0.7 0.7 0.7 0.6 0.6 0.85 0.6 0.6 0.45 0.5 0.7 0.7 0.55 0.55 0.5 0.45 0.35 0.25 0.3 0.3 0.35 0.3 0.3 0.3 0.35 0.45 0.3 0.3 0.35 0.35 0.35 0.35 0.35 0.25 0.25 0.3 0.35 0.3 0.2 0.25 0.35 0.3 0.35 0.35 0.35 0.25 0.3 0.45 0.5 0.4 0.35 0.3 0.375 0.45 0.475 0.475 0.6 0.425 0.525 0.525 0.6 0.525 0.6 0.525 0.525 0.6 0.525 0.525 0.725 0.575 0.675 0.575 0.625 0.625 0.5 0.45 0.45 0.4 0.45
-9999 -9999 -9999 -9999 -9999 -9999 0.55 0.5 0.5 0.55 0.7 0.7 0.7 0.65 0.65 0.5 0.4 0.55 0.5 0.5 0.5 0.5 0.4 0.45 0.35 0.25 0.35 0.3 0.25 0.25 0.25 0.3 0.35 0.35 0.35 0.45 0.45 0.35 0.35 0.35 0.3 0.2 0.25 0.25 0.3 0.25 0.25 0.25 0.3 0.35 0.35 0.45 0.25 0.3 0.35 0.45 0.45 0.45 0.35 0.375 0.45 0.55 0.45 0.45 0.625 0.675 0.6 0.575 0.525 0.525 0.6 0.525 0.525 0.6 0.6 0.6 0.625 0.45 0.5 0.525 0.45 0.5 0.5 0.45 0.45 0.45 0.35
-9999 -9999 -9999 -9999 -9999 0.5 0.5 0.5 0.5 0.55 0.55 0.7 0.65 0.6 0.7 0.55 0.55 0.7 0.5 0.4 0.4 0.35 0.35 0.3 0.25 0.3 0.25 0.25 0.25 0.3 0.3 0.3 0.3 0.25 0.3 0.45 0.35 0.3 0.3 0.3 0.25 0.25 0.25 0.25 0.25 0.3 0.3 0.3 0.35 0.45 0.35 0.35 0.3 0.25 0.3 0.45 0.35 0.35 0.35 0.35 0.35 0.35 0.45 0.45 0.55 0.525 0.525 0.6 0.525 0.525 0.525 0.6 0.475 0.6 0.6 0.6 0.5 0.45 0.45 0.45 0.45 0.5 0.45 0.4 0.45 0.35 0.35
-9999 -9999 -9999 -9999 0.35 0.45 0.55 0.5 0.5 0.5 0.55 0.6 0.6 0.7 0.6 0.85 0.7 0.5 0.5 0.35 0.35 0.3 0.3 0.3 0.25 0.3 0.15 0.2 0.25 0.25 0.3 0.3 0.3 0.25 0.35 0.35 0.35 0.3 0.2 0.25 0.25 0.25 0.3 0.3 0.25 0.35 0.35 0.35 0.35 0.35 0.3 0.35 0.25 0.25 0.3 0.35 0.35 0.25 0.35 0.35 0.375 0.4 0.35 0.425 0.55 0.6 0.525 0.6 0.55 0.6 0.35 0.4 0.45 0.45 0.45 0.45 0.5 0.45 0.4 0.6 0.5 0.5 0.55 0.65 0.4 0.35 0.4
-9999 -9999 -9999 -9999 0.35 0.45 0.4 0.4 0.5 0.7 0.7 0.65 0.7 0.7 0.6 0.7 0.7 0.7 0.5 0.45 0.35 0.35 0.35 0.35 0.3 0.25 0.1 0.1 0.2 0.25 0.25 0.25 0.3 0.3 0.3 0.35 0.3 0.25 0.2 0.2 0.25 0.2 0.2 0.25 0.35 0.25 0.35 0.35 0.35 0.35 0.25 0.25 0.25 0.25 0.2 0.4 0.35 0.35 0.35 0.35 0.35 0.45 0.45 0.4 0.4 0.6 0.55 0.425 0.575 0.45 0.4 0.45 0.4 0.35 0.45 0.45 0.5 0.4 0.4 0.5 0.5 0.65 0.6 0.5 0.4 0.4 0.35
-9999 -9999 0.45 0.4 0.45 0.45 0.5 0.5 0.5 0.6 0.6 0.6 0.55 0.5 0.85 0.7 0.5 0.4 0.5 0.4 0.3 0.3 0.35 0.35 0.25 0.3 0.2 0.25 0.25 0.3 0.3 0.3 0.3 0.35 0.45 0.4 0.35 0.3 0.3 0.35 0.5 0.4 0.35 0.25 0.25 0.25 0.35 0.35 0.45 0.35 0.3 0.25 0.25 0.25 0.2 0.3 0.35 0.35 0.35 0.35 0.35 0.45 0.45 0.45 0.4 0.4 0.4 0.4 0.5 0.45 0.4 0.4 0.4 0.45 0.25 0.4 0.4 0.35 0.4 0.4 0.4 0.4 0.4 0.45 0.5 0.45 0.45
-9999 0.35 0.45 0.4 0.35 0.45 0.4 0.4 0.4 0.5 0.5 0.55 0.55 0.55 0.7 0.5 0.4 0.35 0.5 0.4 0.45 0.35 0.35 0.35 0.35 0.3 0.25 0.3 0.3 0.4 0.4 0.35 0.35 0.4 0.4 0.4 0.45 0.3 0.4 0.35 0.35 0.35 0.45 0.35 0.35 0.35 0.45 0.45 0.25 0.35 0.25 0.3 0.4 0.35 0.45 0.3 0.25 0.25 0.35 0.35 0.35 0.25 0.35 0.35 0.4 0.3 0.3 0.45 0.45 0.4 0.45 0.4 0.45 0.45 0.3 0.4 0.4 0.4 0.45 0.45 0.4 0.35 0.4 0.4 0.5 0.45 0.45
-9999 0.35 0.4 0.45 0.45 0.4 0.55 0.7 0.6 0.7 0.55 0.6 0.55 0.5 0.55 0.5 0.5 0.4 0.4 0.5 0.35 0.35 0.35 0.35 0.35 0.25 0.35 0.4 0.4 0.4 0.4 0.4 0.4 0.4 0.4 0.45 0.45 0.45 0.35 0.3 0.3 0.3 0.45 0.35 0.35 0.4 0.45 0.45 0.35 0.3 0.3 0.3 0.4 0.4 0.35 0.35 0.45 0.45 0.35 0.35 0.4 0.3 0.3 0.3 0.4 0.4 0.35 0.4 0.45 0.4 0.45 0.45 0.45 0.45 0.35 0.35 0.4 0.4 0.4 0.45 0.4 0.4 0.4 0.35 0.4 0.4 -9999
-9999 0.4 0.4 0.35 0.4 0.4 0.45 0.6 0.6 0.6 0.75 0.65 0.65 0.4 0.4 0.5 0.5 0.45 0.35 0.45 0.35 0.35 0.3 0.35 0.3 0.3 0.45 0.45 0.4 0.4 0.4 0.4 0.5 0.4 0.45 0.45 0.4 0.4 0.3 0.35 0.35 0.35 0.45 0.35 0.4 0.45 0.4 0.3 0.25 0.35 0.25 0.3 0.3 0.35 0.45 0.4 0.3 0.4 0.35 -9999 -9999 -9999 -9999 -9999 -9999 -9999 -9999 -9999 -9999 -9999 -9999 -9999 -9999 -9999 -9999 -9999 -9999 -9999 -9999 -9999 -9999 -9999 -9999 -9999 -9999 -9999 -9999
-9999 0.4 0.3 0.4 0.35 0.45 0.4 0.5 0.55 0.7 0.6 0.6 0.65 0.65 0.5 0.5 0.4 0.5 0.3 0.3 0.35 0.3 0.35 0.3 0.35 0.35 0.4 0.4 0.45 0.4 0.4 0.5 0.5 0.5 0.5 0.35 0.35 0.35 0.35 0.35 0.3 0.25 0.45 0.35 0.35 0.4 0.45 0.35 0.4 0.25 0.35 0.35 0.3 0.35 0.45 0.35 0.3 0.4 0.45 -9999 -9999 -9999 -9999 -9999 -9999 -9999 -9999 -9999 -9999 -9999 -9999 -9999 -9999 -9999 -9999 -9999 -9999 -9999 -9999 -9999 -9999 -9999 -9999 -9999 -9999 -9999 -9999
-9999 -9999 0.4 0.4 0.35 0.35 0.4 0.4 0.5 0.7 0.7 0.55 0.5 0.5 0.55 0.55 0.45 0.45 0.35 0.35 0.35 0.35 0.3 0.4 0.4 0.4 0.4 0.4 0.4 0.5 0.4 0.5 0.5 0.5 0.4 0.4 0.45 0.4 0.4 0.35 0.45 0.45 0.4 0.35 0.35 0.55 0.45 0.45 0.35 0.25 0.25 0.35 0.45 0.35 0.45 0.45 0.4 0.45 -9999 -9999 -9999 -9999 -9999 -9999 -9999 -9999 -9999 -9999 -9999 -9999 -9999 -9999 -9999 -9999 -9999 -9999 -9999 -9999 -9999 -9999 -9999 -9999 -9999 -9999 -9999 -9999 -9999
-9999 -9999 0.3 0.4 0.4 0.3 0.35 0.4 0.4 0.5 0.6 0.55 0.45 0.45 0.6 0.5 0.5 0.4 0.45 0.35 0.3 0.3 0.3 0.35 0.4 0.4 0.4 0.5 0.55 0.5 0.5 0.5 0.55 0.4 0.4 0.4 0.4 0.4 0.4 0.4 0.45 0.4 0.4 0.4 0.4 0.4 0.4 0.55 0.4 0.3 0.35 0.35 0.4 0.4 0.45 0.5 0.55 0.4 -9999 -9999 -9999 -9999 -9999 -9999 -9999 -9999 -9999 -9999 -9999 -9999 -9999 -9999 -9999 -9999 -9999 -9999 -9999 -9999 -9999 -9999 -9999 -9999 -9999 -9999 -9999 -9999 -9999
-9999 -9999 0.3 0.3 0.4 0.4 0.4 0.35 0.55 0.5 0.55 0.55 0.35 0.3 0.55 0.5 0.45 0.4 0.35 0.4 0.3 0.3 0.4 0.35 0.5 0.4 0.4 0.5 0.7 0.65 0.55 0.5 0.5 0.5 0.5 0.45 0.45 0.45 0.4 0.4 0.4 0.5 0.5 0.4 0.4 0.55 0.65 0.65 0.55 0.45 0.4 0.45 0.45 0.4 0.45 0.4 0.55 0.55 -9999 -9999 -9999 -9999 -9999 -9999 -9999 -9999 -9999 -9999 -9999 -9999 -9999 -9999 -9999 -9999 -9999 -9999 -9999 -9999 -9999 -9999 -9999 -9999 -9999 -9999 -9999 -9999 -9999
-9999 0.275 0.275 0.3 0.3 0.3 0.4 0.35 0.5 0.55 0.45 0.55 0.35 0.3 0.4 0.35 0.3 0.35 0.3 0.3 0.35 0.35 0.35 0.45 0.5 0.45 0.45 0.5 0.65 0.6 0.55 0.55 0.6 0.55 0.65 0.4 0.45 0.4 0.45 0.45 0.5 0.45 0.4 0.45 0.4 0.55 0.55 0.4 0.4 0.4 0.4 0.4 0.4 0.4 0.4 0.4 0.5 -9999 -9999 -9999 -9999 -9999 -9999 -9999 -9999 -9999 -9999 -9999 -9999 -9999 -9999 -9999 -9999 -9999 -9999 -9999 -9999 -9999 -9999 -9999 -9999 -9999 -9999 -9999 -9999 -9999 -9999
-9999 0.225 0.2 0.2 0.3 0.4 0.4 0.3 0.35 0.45 0.35 0.35 0.35 0.4 0.35 0.35 0.3 0.3 0.3 0.3 0.4 0.35 0.45 0.45 0.45 0.45 0.5 0.55 0.55 0.55 0.6 0.55 0.6 0.5 0.5 0.35 0.4 0.35 0.35 0.45 0.5 0.4 0.45 0.45 0.55 0.55 0.55 0.55 0.55 0.55 0.55 0.65 0.75 0.55 0.6 0.5 0.55 -9999 -9999 -9999 -9999 -9999 -9999 -9999 -9999 -9999 -9999 -9999 -9999 -9999 -9999 -9999 -9999 -9999 -9999 -9999 -9999 -9999 -9999 -9999 -9999 -9999 -9999 -9999 -9999 -9999 -9999
-9999 0.225 0.225 0.2 0.275 0.275 0.3 0.3 0.35 0.3 0.3 0.4 0.4 0.35 0.4 0.25 0.25 0.3 0.35 0.4 0.35 0.35 0.45 0.45 0.45 0.55 0.5 0.5 0.6 0.6 0.55 0.55 0.7 0.55 0.45 0.35 0.45 0.35 0.45 0.5 0.4 0.55 0.4 0.55 0.5 0.6 0.75 0.7 0.7 0.5 0.55 0.65 0.75 0.8 0.8 0.55 -9999 -9999 -9999 -9999 -9999 -9999 -9999 -9999 -9999 -9999 -9999 -9999 -9999 -9999 -9999 -9999 -9999 -9999 -9999 -9999 -9999 -9999 -9999 -9999 -9999 -9999 -9999 -9999 -9999 -9999 -9999
-9999 0.2 0.3 0.2 0.2 0.3 0.4 0.3 0.3 0.3 0.4 0.4 0.3 0.3 0.35 0.3 0.3 0.35 0.4 0.35 0.4 0.35 0.35 0.4 0.35 0.55 0.6 0.7 0.7 0.6 0.55 0.6 0.75 0.6 0.7 0.6 0.7 0.6 0.55 0.55 0.4 0.4 0.4 0.65 0.6 0.7 0.7 0.8 0.75 0.7 0.65 0.6 0.7 0.75 0.6 0.5 0.55 -9999 -9999 -9999 -9999 -9999 -9999 -9999 -9999 -9999 -9999 -9999 -9999 -9999 -9999 -9999 -9999 -9999 -9999 -9999 -9999 -9999 -9999 -9999 -9999 -9999 -9999 -9999 -9999 -9999 -9999
-9999 0.2 0.25 0.25 0.25 0.35 0.3 0.3 0.4 0.3 0.4 0.4 0.3 0.3 0.35 0.3 0.3 0.35 0.4 0.4 0.45 0.35 0.45 0.35 0.45 0.6 0.6 0.7 0.6 0.6 0.6 0.5 0.5 0.7 0.7 0.7 0.75 0.6 0.55 0.55 0.65 0.6 0.6 0.8 0.7 0.55 0.6 0.75 0.75 0.75 0.55 0.5 0.6 0.6 0.7 0.55 0.6 -9999 -9999 -9999 -9999 -9999 -9999 -9999 -9999 -9999 -9999 -9999 -9999 -9999 -9999 -9999 -9999 -9999 -9999 -9999 -9999 -9999 -9999 -9999 -9999 -9999 -9999 -9999 -9999 -9999 -9999
-9999 0.275 0.3 0.225 0.3 0.3 0.4 0.4 0.4 0.3 0.3 0.35 0.3 0.3 0.4 0.3 0.3 0.4 0.4 0.35 0.35 0.45 0.45 0.35 0.35 0.6 0.7 0.6 0.55 0.65 0.7 0.6 0.55 0.6 0.6 0.7 0.75 0.7 0.6 0.6 0.7 0.7 0.7 0.7 0.6 0.65 0.75 0.75 0.6 0.6 0.55 0.6 0.75 0.75 0.7 0.4 0.55 -9999 -9999 -9999 -9999 -9999 -9999 -9999 -9999 -9999 -9999 -9999 -9999 -9999 -9999 -9999 -9999 -9999 -9999 -9999 -9999 -9999 -9999 -9999 -9999 -9999 -9999 -9999 -9999 -9999 -9999
0.2 0.25 0.3 0.25 0.3 0.3 0.35 0.4 0.35 0.3 0.3 0.35 0.3 0.3 0.4 0.3 0.3 0.4 0.4 0.35 0.35 0.45 0.45 0.35 0.35 0.6 0.7 0.6 0.55 0.65 0.7 0.6 0.55 0.6 0.6 0.7 0.75 0.7 0.6 0.6 0.7 0.7 0.7 0.7 0.6 0.65 0.75 0.75 0.6 0.6 0.55 0.6 0.75 0.75 0.7 0.5 0.55 0.3 -9999 -9999 -9999 -9999 -9999 -9999 -9999 -9999 -9999 -9999 -9999 -9999 -9999 -9999 -9999 -9999 -9999 -9999 -9999 -9999 -9999 -9999 -9999 -9999 -9999 -9999 -9999 -9999 -9999
0.2 0.25 0.3 0.25 0.3 0.3 0.35 0.4 0.4 0.3 0.4 0.3 0.3 0.3 0.4 0.3 0.3 0.35 0.4 0.4 0.4 0.35 0.35 0.45 0.5 0.7 0.6 0.55 0.65 0.7 0.7 0.6 0.6 0.7 0.6 0.7 0.65 0.7 0.6 0.65 0.75 0.7 0.6 0.8 0.75 0.8 0.9 0.7 0.7 0.7 0.7 0.6 0.75 0.65 0.55 0.4 0.55 0.55 0.2 0.25 -9999 -9999 -9999 -9999 -9999 -9999 -9999 -9999 -9999 -9999 -9999 -9999 -9999 -9999 -9999 -9999 -9999 -9999 -9999 -9999 -9999 -9999 -9999 -9999 -9999 -9999 -9999
-9999 0.275 0.25 0.3 0.3 0.3 0.3 0.4 0.3 0.3 0.3 0.3 0.3 0.4 0.4 0.3 0.35 0.4 0.4 0.35 0.4 0.4 0.4 0.45 0.45 0.6 0.6 0.55 0.6 0.6 0.75 0.7 0.65 0.55 0.55 0.7 0.6 0.7 0.7 0.7 0.9 0.9 0.7 0.75 0.9 0.9 0.95 0.9 0.8 0.9 0.65 0.6 0.6 0.5 0.5 0.55 0.5 0.6 0.4 -9999 -9999 -9999 -9999 -9999 -9999 -9999 -9999 -9999 -9999 -9999 -9999 -9999 -9999 -9999 -9999 -9999 -9999 -9999 -9999 -9999 -9999 -9999 -9999 -9999 -9999 -9999 -9999
-9999 -9999 0.275 0.25 0.3 0.3 0.3 0.4 0.4 0.4 0.4 0.4 0.3 0.35 0.4 0.4 0.4 0.4 0.35 0.35 0.35 0.4 0.35 0.45 0.5 0.6 0.6 0.7 0.65 0.75 0.7 0.7 0.7 0.6 0.7 0.65 0.6 0.65 0.75 0.9 0.95 0.95 0.9 0.75 0.75 0.9 0.9 0.9 0.7 0.8 0.65 0.5 0.6 0.65 0.65 0.55 0.55 0.4 -9999 -9999 -9999 -9999 -9999 -9999 -9999 -9999 -9999 -9999 -9999 -9999 -9999 -9999 -9999 -9999 -9999 -9999 -9999 -9999 -9999 -9999 -9999 -9999 -9999 -9999 -9999 -9999 -9999
-9999 -9999 -9999 -9999 -9999 -9999 -9999 -9999 -9999 0.4 0.3 0.4 0.35 0.3 0.35 0.3 0.4 0.4 0.4 0.4 0.35 0.4 0.35 0.35 0.45 0.55 0.6 0.7 0.65 0.65 0.65 0.7 0.7 0.7 0.75 0.8 0.75 0.8 0.8 0.9 0.8 0.9 0.9 0.7 0.95 0.9 0.95 0.8 0.75 0.65 0.55 0.5 0.7 0.65 0.5 0.55 0.4 0.55 0.4 -9999 -9999 -9999 -9999 -9999 -9999 -9999 -9999 -9999 -9999 -9999 -9999 -9999 -9999 -9999 -9999 -9999 -9999 -9999 -9999 -9999 -9999 -9999 -9999 -9999 -9999 -9999 -9999
-9999 -9999 -9999 -9999 -9999 -9999 -9999 -9999 -9999 0.3 0.4 0.3 0.35 0.3 0.3 0.3 0.4 0.35 0.4 0.4 0.4 0.4 0.4 0.5 0.45 0.6 0.6 0.65 0.7 0.65 0.7 0.55 0.7 0.7 0.8 0.8 0.75 0.8 0.75 0.8 0.75 0.9 0.75 0.7 0.75 0.95 0.9 0.9 0.8 0.5 0.65 0.4 0.55 0.6 0.55 0.55 0.4 0.55 0.55 0.3 -9999 -9999 -9999 -9999 -9999 -9999 -9999 -9999 -9999 -9999 -9999 -9999 -9999 -9999 -9999 -9999 -9999 -9999 -9999 -9999 -9999 -9999 -9999 -9999 -9999 -9999 -9999
-9999 -9999 -9999 -9999 -9999 -9999 -9999 -9999 -9999 0.3 0.4 0.3 0.3 0.3 0.225 0.3 0.4 0.35 0.35 0.4 0.35 0.35 0.45 0.4 0.35 0.6 0.65 0.7 0.65 0.7 0.65 0.65 0.65 0.75 0.8 0.75 0.8 0.85 0.8 0.9 0.8 0.85 0.95 0.75 0.7 1 0.95 0.85 0.9 0.7 0.6 0.7 0.7 0.55 0.55 0.55 0.65 0.5 0.55 0.4 -9999 -9999 -9999 -9999 -9999 -9999 -9999 -9999 -9999 -9999 -9999 -9999 -9999 -9999 -9999 -9999 -9999 -9999 -9999 -9999 -9999 -9999 -9999 -9999 -9999 -9999 -9999
-9999 -9999 -9999 -9999 -9999 -9999 -9999 -9999 -9999 -9999 0.3 0.3 0.3 0.3 0.3 0.3 0.4 0.35 0.35 0.35 0.45 0.35 0.5 0.35 0.35 0.6 0.7 0.75 0.65 0.7 0.65 0.75 0.9 0.85 0.8 0.8 0.8 0.8 0.95 0.95 0.9 0.95 0.95 0.95 0.9 0.95 1.05 0.8 0.75 0.75 0.6 0.7 0.8 0.5 0.55 0.65 0.6 0.6 0.55 0.4 -9999 -9999 -9999 -9999 -9999 -9999 -9999 -9999 -9999 -9999 -9999 -9999 -9999 -9999 -9999 -9999 -9999 -9999 -9999 -9999 -9999 -9999 -9999 -9999 -9999 -9999 -9999
-9999 -9999 -9999 -9999 -9999 -9999 -9999 -9999 -9999 -9999 0.3 0.275 0.3 0.3 0.275 0.3 0.4 0.4 0.35 0.35 0.35 0.45 0.7 0.7 0.55 0.6 0.75 0.75 0.75 0.65 0.75 0.8 1 0.8 0.85 0.95 0.85 1.15 0.95 0.85 0.85 1.2 1.25 1.05 0.95 0.75 0.75 0.9 0.95 0.75 0.9 0.7 0.8 0.75 0.9 0.65 0.75 0.75 0.4 0.35 -9999 -9999 -9999 -9999 -9999 -9999 -9999 -9999 -9999 -9999 -9999 -9999 -9999 -9999 -9999 -9999 -9999 -9999 -9999 -9999 -9999 -9999 -9999 -9999 -9999 -9999 -9999
-9999 -9999 -9999 -9999 -9999 -9999 -9999 -9999 -9999 -9999 -9999 -9999 0.3 0.3 0.3 0.4 0.4 0.4 0.45 0.45 0.35 0.45 0.6 0.5 0.5 0.55 0.65 0.75 0.75 0.75 0.8 0.85 0.85 0.9 0.95 1.05 0.85 0.9 1.05 1.2 1.05 1.05 1.15 1.15 0.9 0.7 0.9 0.9 0.95 0.9 0.9 0.75 0.7 0.75 0.75 0.75 0.75 0.5 0.4 0.45 -9999 -9999 -9999 -9999 -9999 -9999 -9999 -9999 -9999 -9999 -9999 -9999 -9999 -9999 -9999 -9999 -9999 -9999 -9999 -9999 -9999 -9999 -9999 -9999 -9999 -9999 -9999
-9999 -9999 -9999 -9999 -9999 -9999 -9999 -9999 -9999 -9999 -9999 -9999 0.3 0.3 0.4 0.4 0.4 0.4 0.35 0.35 0.4 0.45 0.55 0.55 0.6 0.7 0.75 0.75 0.75 0.75 0.85 0.8 0.95 0.95 1.1 1.05 1.15 0.85 1.2 1.15 1.15 1 0.95 0.9 0.95 0.7 0.75 0.95 0.9 0.9 0.9 0.95 0.7 0.9 0.8 0.75 0.7 0.5 0.4 0.35 -9999 -9999 -9999 -9999 -9999 -9999 -9999 -9999 -9999 -9999 -9999 -9999 -9999 -9999 -9999 -9999 -9999 -9999 -9999 -9999 -9999 -9999 -9999 -9999 -9999 -9999 -9999
-9999 -9999 -9999 -9999 -9999 -9999 -9999 -9999 -9999 -9999 -9999 -9999 0.075 0.3 0.3 0.3 0.3 0.4 0.35 0.35 0.4 0.5 0.55 0.55 0.7 0.65 0.85 0.75 0.75 0.8 0.8 0.75 0.85 1.3 1.25 1.25 1 1.15 1.2 1 1.05 1 1.25 1.05 1 0.85 0.9 0.85 0.95 0.9 0.9 0.95 0.7 0.8 0.9 0.75 0.6 0.55 0.55 0.4 -9999 -9999 -9999 -9999 -9999 -9999 -9999 -9999 -9999 -9999 -9999 -9999 -9999 -9999 -9999 -9999 -9999 -9999 -9999 -9999 -9999 -9999 -9999 -9999 -9999 -9999 -9999
-9999 -9999 -9999 -9999 -9999 -9999 -9999 -9999 -9999 -9999 -9999 -9999 0.3 0.4 0.35 0.35 0.35 0.35 0.4 0.35 0.35 0.55 0.6 0.6 0.6 0.65 0.8 0.75 0.8 0.85 0.85 1.1 0.95 1.1 1.15 1.45 1.1 0.85 -9999 -9999 -9999 -9999 -9999 -9999 -9999 0.95 1.15 0.95 0.95 0.85 -9999 0.9 0.9 0.7 0.9 0.9 0.6 0.55 0.5 0.4 -9999 -9999 -9999 -9999 -9999 -9999 -9999 -9999 -9999 -9999 -9999 -9999 -9999 -9999 -9999 -9999 -9999 -9999 -9999 -9999 -9999 -9999 -9999 -9999 -9999 -9999 -9999
-9999 -9999 -9999 -9999 -9999 -9999 -9999 -9999 -9999 -9999 -9999 -9999 -9999 -9999 0.35 0.55 0.55 0.5 0.4 0.4 0.35 0.5 0.6 0.6 0.6 0.65 0.8 0.8 0.9 0.8 1 1.1 1.45 1.25 1.15 -9999 -9999 -9999 -9999 -9999 -9999 -9999 -9999 -9999 -9999 -9999 -9999 -9999 1.15 0.85 -9999 0.9 0.8 0.8 0.8 0.75 0.7 0.75 0.5 0.4 -9999 -9999 -9999 -9999 -9999 -9999 -9999 -9999 -9999 -9999 -9999 -9999 -9999 -9999 -9999 -9999 -9999 -9999 -9999 -9999 -9999 -9999 -9999 -9999 -9999 -9999 -9999
-9999 -9999 -9999 -9999 -9999 -9999 -9999 -9999 -9999 -9999 -9999 -9999 -9999 -9999 -9999 -9999 0.55 0.45 0.35 0.45 0.6 0.6 0.6 0.65 0.65 0.65 0.9 0.85 0.85 0.85 -9999 1.15 -9999 -9999 -9999 -9999 -9999 -9999 -9999 -9999 -9999 -9999 -9999 -9999 -9999 -9999 -9999 -9999 -9999 -9999 -9999 -9999 -9999 0.85 0.9 0.75 0.75 0.5 0.6 0.55 0.4 -9999 -9999 -9999 -9999 -9999 -9999 -9999 -9999 -9999 -9999 -9999 -9999 -9999 -9999 -9999 -9999 -9999 -9999 -9999 -9999 -9999 -9999 -9999 -9999 -9999 -9999
