GIS/bfa_beta.asc
ncols         173
nrows         126
xllcorner     224227.65281
yllcorner     1039207.04677
cellsize      5000
NODATA_value  -9999
[rows 39 to 77 of 126, columns 0 to 86 of 173]
-9999 -9999 -9999 -9999 -9999 -9999 -9999 -9999 -9999 -9999 -9999 -9999 -9999 -9999 -9999 -9999 -9999 -9999 -9999 -9999 -9999 -9999 -9999 -9999 -9999 -9999 -9999 -9999 -9999 -9999 -9999 2.025 1.875 1.55 1.775 2.025 2.1 2.1 2.15 -9999 -9999 -9999 -9999 -9999 -9999 -9999 -9999 -9999 -9999 -9999 1.1 0.9 1.1 0.9 0.75 0.8 0.8 0.6 0.55 0.65 0.6 0.6 0.45 0.55 0.6 0.45 0.6 0.6 0.45 0.5 0.5 0.5 0.5 0.5 0.5 0.375 0.45 0.45 0.4 0.5 0.5 0.45 0.45 0.5 0.45 0.4 0.45
-9999 -9999 -9999 -9999 -9999 -9999 -9999 -9999 -9999 -9999 -9999 -9999 -9999 -9999 -9999 -9999 -9999 -9999 -9999 -9999 -9999 -9999 -9999 -9999 -9999 -9999 -9999 -9999 -9999 1.75 2.125 1.95 1.9 1.55 2.075 2.1 2.1 2.1 2.15 2.15 -9999 -9999 -9999 -9999 -9999 -9999 1 1.2 1.15 1.2 1.15 0.95 1.15 1.15 0.85 0.85 0.75 0.65 0.65 0.65 0.6 0.6 0.5 0.4 0.5 0.45 0.4 0.6 0.5 0.55 0.55 0.55 0.45 0.45 0.5 0.375 0.375 0.375 0.375 0.5 0.55 0.55 0.4 0.4 0.4 0.4 0.3
-9999 -9999 -9999 -9999 -9999 -9999 -9999 -9999 -9999 -9999 -9999 -9999 -9999 -9999 -9999 -9999 -9999 -9999 -9999 -9999 -9999 -9999 -9999 -9999 -9999 -9999 -9999 -9999 1.5 1.95 2.075 1.725 1.4 1.55 1.975 2.15 2.1 2.1 2.1 2.1 1.75 1.8 -9999 -9999 -9999 -9999 1 1.35 1.15 1.1 0.95 0.95 1.15 1 0.95 0.85 0.7 0.6 0.65 0.5 0.5 0.45 0.4 0.4 0.4 0.4 0.5 0.55 0.45 0.45 0.5 0.45 0.4 0.45 0.45 0.45 0.425 0.45 0.4 0.45 0.45 0.45 0.35 0.3 0.3 0.3 0.3
-9999 -9999 -9999 -9999 -9999 -9999 -9999 -9999 -9999 -9999 -9999 -9999 -9999 -9999 -9999 -9999 -9999 -9999 -9999 -9999 -9999 -9999 -9999 -9999 -9999 -9999 -9999 0.9 1.7 1.775 1.775 1.75 1.2 1.6 1.825 1.95 2.1 2.15 1.975 2.15 1.9 1.5 1.775 -9999 -9999 -9999 0.8 1.15 0.9 1 0.85 0.95 1 0.9 0.9 0.5 0.65 0.6 0.55 0.65 0.5 0.4 0.35 0.35 0.4 0.55 0.5 0.5 0.45 0.35 0.35 0.4 0.45 0.4 0.4 0.425 0.45 0.4 0.4 0.45 0.4 0.4 0.3 0.3 0.3 0.25 0.25
-9999 -9999 -9999 -9999 -9999 -9999 -9999 -9999 -9999 -9999 -9999 -9999 -9999 -9999 -9999 -9999 -9999 -9999 -9999 -9999 -9999 -9999 -9999 -9999 -9999 -9999 1 1.15 1.55 1.65 1.7 1.8 1.3 1.825 1.75 1.925 1.95 1.975 2.125 2.1 1.975 1.925 2.125 1.6 1.6 1.2 0.8 1.2 1.2 1.1 0.95 0.9 0.95 1 0.85 0.8 0.6 0.7 0.7 0.6 0.4 0.4 0.4 0.4 0.5 0.5 0.6 0.45 0.4 0.35 0.4 0.4 0.4 0.35 0.35 0.4 0.35 0.35 0.3 0.375 0.425 0.45 0.45 0.3 0.25 0.25 0.2
-9999 -9999 -9999 -9999 -9999 -9999 -9999 -9999 -9999 -9999 -9999 -9999 -9999 -9999 -9999 -9999 -9999 -9999 -9999 -9999 -9999 -9999 -9999 -9999 -9999 -9999 -9999 1.3 1.2 1.3 1.45 1.5 1.45 1.775 1.825 1.775 2.075 1.875 2.175 1.4 1.3 1.35 1.775 2.025 1.25 0.75 0.85 1.1 1.15 1.05 0.95 1 1 0.9 0.7 0.7 0.8 0.65 0.6 0.45 0.5 0.6 0.6 0.5 0.45 0.5 0.45 0.55 0.425 0.4 0.35 0.5 0.35 0.25 0.3 0.35 0.4 0.375 0.375 0.45 0.55 0.35 0.3 0.25 0.2 0.15 0.2
-9999 -9999 -9999 -9999 -9999 -9999 -9999 -9999 -9999 -9999 -9999 -9999 -9999 -9999 -9999 -9999 -9999 -9999 -9999 -9999 -9999 -9999 -9999 -9999 -9999 -9999 -9999 0.9 1.2 1.25 1.4 1.3 1.2 1.25 1.45 1.45 1.775 1.775 1.775 1.55 1.35 1.2 1.35 1.2 1.1 1 0.85 1 0.95 0.75 1 1 0.95 0.85 0.65 0.7 0.6 0.65 0.7 0.7 0.65 0.7 0.75 0.65 0.45 0.55 0.5 0.55 0.5 0.55 0.4 0.4 0.4 0.2 0.3 0.3 0.5 0.5 0.4 0.45 0.55 0.4 0.3 0.225 0.2 0.2 0.15
-9999 -9999 -9999 -9999 -9999 -9999 -9999 -9999 -9999 -9999 -9999 -9999 -9999 -9999 -9999 -9999 -9999 -9999 -9999 -9999 -9999 -9999 -9999 -9999 -9999 -9999 -9999 -9999 1.4 1.55 1.4 1.45 1.3 1.35 1.25 1.4 1.8 1.7 1.45 1.45 1.45 1.55 1.25 1.7 1.35 0.85 1 0.75 1 1 1.15 0.9 0.9 0.75 0.85 0.7 0.85 0.5 0.6 0.8 0.45 0.5 0.65 0.65 0.5 0.475 0.45 0.5 0.6 0.45 0.45 0.35 0.45 0.45 0.25 0.3 0.4 0.45 0.35 0.45 0.45 0.35 0.25 0.2 0.2 0.2 0.15
-9999 -9999 -9999 -9999 -9999 -9999 -9999 -9999 -9999 -9999 -9999 -9999 -9999 -9999 -9999 -9999 -9999 -9999 -9999 -9999 -9999 -9999 -9999 -9999 -9999 -9999 -9999 -9999 1.3 1.45 1.4 1.35 1.3 1.35 1.35 1.35 1.3 1.4 1.3 1.45 1.3 1.4 1.25 1.75 0.9 0.75 0.95 1 1 0.95 1 1 0.75 0.8 0.85 0.8 0.6 0.5 0.65 0.5 0.55 0.65 0.65 0.475 0.5 0.5 0.375 0.45 0.375 0.4 0.45 0.3 0.4 0.45 0.4 0.3 0.425 0.55 0.4 0.4 0.375 0.3 0.25 0.225 0.225 0.2 0.175
-9999 -9999 -9999 -9999 -9999 -9999 -9999 -9999 -9999 -9999 -9999 -9999 -9999 -9999 -9999 -9999 -9999 -9999 -9999 -9999 -9999 -9999 -9999 -9999 -9999 -9999 -9999 -9999 0.9 1.2 1.3 1.35 1.35 1.35 1.3 1.2 1.35 1.4 1.2 1.15 1.35 1.15 1.3 1.6 1.15 0.9 0.95 0.75 0.95 1.05 1.1 1.1 0.75 0.85 0.75 0.6 0.6 0.8 0.5 0.5 0.55 0.65 0.5 0.45 0.5 0.55 0.45 0.45 0.4 0.35 0.35 0.3 0.4 0.45 0.4 0.55 0.6 0.6 0.6 0.6 0.45 0.3 0.225 0.225 0.225 0.225 0.2
-9999 -9999 -9999 -9999 -9999 -9999 -9999 -9999 -9999 -9999 -9999 -9999 -9999 -9999 -9999 -9999 -9999 -9999 -9999 -9999 -9999 -9999 -9999 -9999 -9999 -9999 -9999 -9999 1.1 1.1 1.2 1.3 1.35 1.55 1.45 1.2 0.9 1.3 1.3 0.9 1.2 1.1 1.1 1.4 1 1.2 0.85 0.9 1.1 1.15 1.15 1 0.85 0.7 0.85 0.6 0.8 0.6 0.45 0.5 0.6 0.6 0.5 0.55 0.475 0.375 0.45 0.35 0.4 0.35 0.3 0.425 0.45 0.5 0.45 0.55 0.55 0.55 0.55 0.5 0.475 0.375 0.25 0.225 0.225 0.225 0.175
-9999 -9999 -9999 -9999 -9999 -9999 -9999 -9999 -9999 -9999 -9999 -9999 -9999 -9999 -9999 -9999 -9999 -9999 -9999 -9999 -9999 -9999 -9999 -9999 -9999 -9999 -9999 -9999 1.05 1.15 1.1 1.1 1.35 1.45 1.3 1.2 0.9 1.15 1.2 1 0.9 1.1 1.2 1.2 1.2 1.05 1.1 0.9 1.05 0.95 0.9 0.85 0.85 0.7 0.7 0.7 0.6 0.45 0.45 0.5 0.5 0.5 0.375 0.55 0.4 0.45 0.45 0.35 0.35 0.3 0.4 0.4 0.35 0.45 0.45 0.375 0.5 0.5 0.5 0.5 0.4 0.375 0.3 0.25 0.225 0.225 0.15
-9999 -9999 -9999 -9999 -9999 -9999 -9999 -9999 -9999 -9999 -9999 -9999 -9999 -9999 -9999 -9999 -9999 -9999 -9999 -9999 -9999 -9999 -9999 -9999 -9999 -9999 -9999 -9999 1.1 1.35 0.95 0.9 1.2 1.2 1.35 1.2 1.05 1 1.15 0.95 0.9 1.1 0.9 1.3 1.35 1.2 0.9 1 1.05 0.75 0.7 0.7 0.8 0.65 0.7 0.65 0.6 0.55 0.5 0.5 0.45 0.4 0.45 0.6 0.525 0.45 0.4 0.35 0.35 0.4 0.425 0.45 0.35 0.4 0.375 0.4 0.325 0.35 0.4 0.4 0.3 0.25 0.2 0.2 0.2 0.2 0.15
-9999 -9999 -9999 -9999 -9999 -9999 -9999 -9999 -9999 -9999 -9999 -9999 -9999 -9999 -9999 -9999 -9999 -9999 -9999 -9999 -9999 -9999 -9999 -9999 0.85 1 -9999 -9999 0.9 1 0.95 0.9 1.1 1.1 1.2 1.1 0.85 0.95 1.15 0.95 1.35 1.35 1.25 1.55 1.35 1.35 0.95 1.025 0.95 0.75 0.7 0.85 0.85 0.65 0.5 0.5 0.5 0.45 0.5 0.5 0.5 0.45 0.6 0.5 0.4 0.4 0.35 0.4 0.4 0.35 0.3 0.3 0.35 0.4 0.4 0.35 0.35 0.25 0.3 0.25 0.25 0.25 0.2 0.2 0.15 0.175 0.175
-9999 -9999 -9999 -9999 -9999 -9999 -9999 -9999 -9999 -9999 -9999 -9999 -9999 -9999 -9999 -9999 -9999 -9999 -9999 -9999 -9999 -9999 -9999 0.7 0.75 1 0.95 0.75 0.9 0.95 1.15 1 1.2 0.9 0.9 0.75 0.85 0.75 1 0.95 1.55 1.4 1.3 1.3 1.1 1.1 0.75 1.3 0.95 0.85 0.85 0.7 0.85 0.8 0.6 0.5 0.5 0.45 0.45 0.45 0.45 0.4 0.4 0.45 0.4 0.4 0.425 0.45 0.3 0.3 0.25 0.25 0.25 0.4 0.35 0.3 0.25 0.25 0.25 0.2 0.3 0.225 0.15 0.175 0.15 0.15 0.15
-9999 -9999 -9999 -9999 -9999 -9999 -9999 -9999 -9999 -9999 -9999 -9999 -9999 -9999 -9999 -9999 -9999 -9999 -9999 -9999 -9999 -9999 -9999 0.75 0.85 0.95 1 0.75 0.9 1.1 1.15 1 1.05 0.9 1.1 0.75 0.95 0.95 0.95 0.9 1.35 1.2 1.15 1.2 1.35 1.05 0.95 1.1 0.95 0.95 0.7 0.65 0.8 0.5 0.7 0.65 0.5 0.5 0.45 0.5 0.6 0.4 0.35 0.35 0.375 0.35 0.4 0.4 0.3 0.3 0.3 0.3 0.3 0.375 0.3 0.3 0.3 0.3 0.25 0.25 0.2 0.25 0.225 0.15 0.15 0.15 0.15
-9999 -9999 -9999 -9999 -9999 -9999 -9999 -9999 -9999 -9999 -9999 -9999 -9999 -9999 -9999 -9999 -9999 -9999 -9999 -9999 -9999 -9999 -9999 -9999 0.75 1 0.95 1.05 0.95 0.95 0.95 0.75 0.75 0.8 0.8 0.85 0.75 0.85 0.95 1 0.95 0.75 0.95 0.95 0.95 0.85 0.95 0.95 0.7 0.85 0.7 0.7 0.7 0.8 0.8 0.6 0.5 0.5 0.5 0.55 0.525 0.6 0.45 0.35 0.375 0.4 0.375 0.375 0.3 0.3 0.25 0.2 0.25 0.3 0.25 0.2 0.2 0.2 0.2 0.2 0.15 0.15 0.175 0.15 0.15 0.15 0.1
-9999 -9999 -9999 -9999 -9999 -9999 -9999 -9999 -9999 -9999 -9999 -9999 -9999 -9999 -9999 -9999 -9999 -9999 -9999 -9999 -9999 -9999 -9999 -9999 -9999 0.95 1 0.75 0.95 0.95 0.75 0.8 0.85 0.85 0.75 0.75 0.85 0.7 0.7 0.75 0.85 0.85 0.85 0.85 0.7 0.85 0.75 0.85 0.7 0.7 0.85 0.85 0.7 0.6 0.65 0.4 0.45 0.5 0.5 0.65 0.45 0.6 0.55 0.45 0.35 0.4 0.375 0.3 0.375 0.375 0.375 0.3 0.25 0.2 0.2 0.2 0.2 0.15 0.15 0.15 0.15 0.15 0.15 0.15 0.15 0.15 0.15
-9999 -9999 -9999 -9999 -9999 -9999 -9999 -9999 -9999 -9999 -9999 -9999 -9999 -9999 -9999 -9999 -9999 -9999 -9999 -9999 -9999 -9999 -9999 -9999 0.75 0.9 1.05 0.75 0.95 1 0.75 0.8 0.75 0.75 0.75 0.95 0.85 0.85 0.85 0.7 0.7 0.85 0.8 0.6 0.7 0.8 0.8 0.75 0.85 0.7 0.7 0.7 0.85 0.8 0.5 0.5 0.45 0.45 0.45 0.65 0.45 0.6 0.5 0.425 0.4 0.55 0.375 0.3 0.375 0.35 0.3 0.35 0.3 0.2 0.25 0.2 0.25 0.2 0.2 0.2 0.2 0.175 0.15 0.15 0.15 0.1 0.1
-9999 -9999 -9999 -9999 -9999 -9999 -9999 -9999 -9999 -9999 -9999 -9999 -9999 -9999 -9999 -9999 -9999 -9999 -9999 -9999 -9999 -9999 -9999 -9999 1.05 0.95 0.75 0.95 1 0.75 0.75 0.85 0.95 0.75 0.75 0.85 0.75 0.7 0.7 0.8 0.8 0.7 0.6 0.6 0.6 0.5 0.8 0.85 0.7 0.6 0.7 0.7 0.8 0.45 0.45 0.45 0.65 0.65 0.45 0.45 0.6 0.45 0.5 0.55 0.45 0.5 0.35 0.35 0.35 0.3 0.3 0.35 0.3 0.3 0.3 0.25 0.2 0.25 0.25 0.225 0.225 0.175 0.175 0.15 0.15 0.125 0.1
-9999 -9999 -9999 -9999 -9999 -9999 -9999 -9999 -9999 -9999 -9999 -9999 -9999 -9999 -9999 -9999 -9999 -9999 -9999 -9999 -9999 -9999 -9999 -9999 0.95 0.75 0.95 0.9 1 0.95 0.7 0.85 0.95 0.95 0.95 0.85 0.7 0.8 0.8 0.65 0.65 0.6 0.65 0.6 0.65 0.5 0.85 0.8 0.7 0.85 0.85 0.75 0.6 0.5 0.45 0.5 0.6 0.55 0.55 0.625 0.525 0.45 0.45 0.35 0.4 0.35 0.4 0.3 0.3 0.35 0.3 0.35 0.35 0.35 0.3 0.3 0.25 0.2 0.2 0.2 0.225 0.15 0.15 0.15 0.15 0.15 0.1
-9999 -9999 -9999 -9999 -9999 -9999 -9999 -9999 -9999 -9999 -9999 -9999 -9999 -9999 -9999 -9999 -9999 -9999 -9999 -9999 -9999 -9999 -9999 -9999 0.95 0.95 1 1.1 0.75 0.7 0.85 0.85 0.85 0.85 0.8 0.7 0.8 0.6 0.6 0.65 0.6 0.5 0.8 0.6 0.6 0.6 0.6 0.8 0.7 0.7 0.85 0.85 0.8 0.65 0.6 0.6 0.6 0.45 0.45 0.525 0.55 0.55 0.45 0.4 0.35 0.35 0.35 0.35 0.3 0.35 0.3 0.35 0.4 0.3 0.25 0.25 0.275 0.2 0.15 0.2 0.2 0.2 0.15 0.15 0.125 0.1 0.05
-9999 -9999 -9999 -9999 -9999 -9999 -9999 -9999 -9999 -9999 -9999 -9999 -9999 -9999 -9999 -9999 -9999 -9999 -9999 -9999 -9999 -9999 -9999 0.95 1 1.05 1.05 0.85 0.7 0.85 0.85 0.75 0.75 0.85 0.7 0.7 0.8 0.7 0.6 0.65 0.6 0.8 0.7 0.55 0.6 0.8 0.8 0.6 0.7 0.8 0.8 0.8 0.7 0.85 0.8 0.8 0.5 0.45 0.525 0.525 0.675 0.525 0.6 0.4 0.3 0.35 0.35 0.35 0.35 0.4 0.35 0.35 0.35 0.25 0.3 0.3 0.3 0.3 0.25 0.3 0.2 0.2 0.15 0.15 0.125 0.1 0.05
-9999 -9999 -9999 -9999 -9999 -9999 -9999 -9999 -9999 -9999 -9999 -9999 -9999 -9999 -9999 -9999 -9999 -9999 -9999 -9999 -9999 -9999 1.1 1.35 0.9 1 0.95 0.95 0.95 0.75 0.85 0.8 0.85 0.7 0.8 0.85 0.7 0.7 0.5 0.6 0.6 0.85 0.65 0.65 0.6 0.7 0.8 0.7 0.7 0.85 0.7 0.7 0.6 0.7 0.8 0.55 0.5 0.5 0.575 0.575 0.575 0.575 0.525 0.5 0.35 0.3 0.3 0.35 0.4 0.45 0.4 0.3 0.35 0.25 0.3 0.35 0.3 0.3 0.3 0.25 0.25 0.2 0.2 0.15 0.1 0.1 0.075
-9999 -9999 -9999 -9999 -9999 -9999 -9999 -9999 -9999 -9999 -9999 -9999 -9999 -9999 -9999 -9999 -9999 -9999 -9999 -9999 -9999 0.9 1.1 1.2 0.9 0.95 0.75 0.95 0.95 0.95 0.85 0.8 0.85 0.75 0.75 0.75 0.6 0.55 0.5 0.65 0.8 0.8 0.6 0.6 0.85 0.85 0.8 0.7 0.7 0.85 0.7 0.8 0.6 0.45 0.5 0.65 0.55 0.45 0.8 0.875 0.875 0.725 0.625 0.6 0.35 0.4 0.3 0.35 0.3 0.25 0.35 0.35 0.35 0.3 0.3 0.3 0.35 0.35 0.3 0.25 0.25 0.2 0.2 0.15 0.15 0.15 0.15
-9999 -9999 -9999 -9999 -9999 -9999 -9999 -9999 -9999 -9999 -9999 -9999 -9999 -9999 -9999 -9999 -9999 -9999 -9999 -9999 -9999 0.95 1.35 1.15 1.1 0.9 0.95 0.95 0.95 0.9 1 0.75 0.85 0.95 0.85 0.8 0.6 0.55 0.5 0.6 0.7 0.8 0.65 0.7 0.85 0.75 0.7 0.7 0.7 0.85 0.6 0.55 0.8 0.65 0.65 0.6 0.65 0.5 0.55 0.875 0.75 0.9 0.525 0.55 0.45 0.35 0.35 0.4 0.3 0.2 0.35 0.4 0.35 0.35 0.35 0.3 0.3 0.3 0.35 0.3 0.25 0.25 0.2 0.15 0.2 0.15 0.15
-9999 -9999 -9999 -9999 -9999 -9999 -9999 -9999 -9999 -9999 -9999 -9999 -9999 -9999 -9999 -9999 -9999 -9999 -9999 -9999 -9999 1 1.05 1.15 1.15 0.9 0.9 1.15 1.1 1 0.85 0.7 0.7 0.7 0.85 0.7 0.6 0.55 0.6 0.8 0.7 0.6 0.7 0.85 0.85 0.85 0.8 0.85 0.7 0.7 0.6 0.65 0.7 0.7 0.6 0.8 0.5 0.5 0.6 0.6 0.625 0.525 0.625 0.575 0.55 0.35 0.4 0.55 0.5 0.35 0.35 0.45 0.35 0.35 0.35 0.35 0.35 0.3 0.3 0.325 0.225 0.25 0.25 0.2 0.2 0.2 0.175
-9999 -9999 -9999 -9999 -9999 -9999 -9999 -9999 -9999 -9999 -9999 -9999 -9999 -9999 -9999 -9999 -9999 -9999 -9999 1.1 1.15 1.15 1.35 1.25 1.05 0.9 1 1 0.75 0.95 0.75 0.75 0.85 0.8 0.7 0.8 0.6 0.6 0.8 0.8 0.6 0.8 0.7 0.7 0.8 0.8 0.7 0.8 0.7 0.7 0.45 0.8 0.85 0.85 0.8 0.8 0.8 0.7 0.75 0.675 0.575 0.65 0.625 0.6 0.45 0.6 0.525 0.6 0.6 0.55 0.35 0.35 0.45 0.4 0.4 0.4 0.35 0.375 0.3 0.275 0.3 0.275 0.275 0.3 0.25 0.2 0.2
-9999 -9999 -9999 -9999 -9999 -9999 -9999 -9999 -9999 -9999 -9999 -9999 -9999 -9999 -9999 -9999 -9999 -9999 1.05 1.1 1.1 1 1 1.1 1.35 0.95 0.95 0.95 0.95 0.75 0.6 0.75 0.85 0.7 0.8 0.6 0.6 0.7 0.8 0.8 0.65 0.6 0.6 0.8 0.6 0.7 0.6 0.6 0.6 0.6 0.65 0.5 0.7 0.65 0.65 0.8 0.65 0.725 0.7 0.9 0.675 0.625 0.575 0.525 0.6 0.55 0.6 0.55 0.35 0.4 0.35 0.4 0.45 0.4 0.45 0.45 0.3 0.275 0.3 0.3 0.3 0.3 0.3 0.275 0.25 0.2 0.2
-9999 -9999 -9999 -9999 -9999 -9999 -9999 -9999 -9999 -9999 -9999 -9999 0.8 0.8 0.9 0.9 0.8 0.8 0.8 0.8 0.9 0.95 1.05 1.3 1.15 0.95 0.85 0.95 0.85 0.75 0.7 0.85 0.85 0.85 0.55 0.65 0.8 0.6 0.6 0.65 0.6 0.6 0.8 0.8 0.6 0.6 0.7 0.65 0.8 0.8 0.5 0.55 0.8 0.6 0.8 0.6 0.6 0.7 0.875 0.875 0.675 0.525 0.625 0.575 0.6 0.6 0.6 0.6 0.4 0.45 0.4 0.45 0.5 0.45 0.55 0.45 0.35 0.3 0.375 0.35 0.325 0.3 0.3 0.325 0.25 0.25 0.325
-9999 -9999 -9999 -9999 -9999 -9999 -9999 -9999 0.6 0.75 0.8 0.8 0.8 0.8 0.8 1.05 0.8 1.05 1.05 1.05 0.8 0.85 1.05 1.3 1 0.95 0.9 0.95 0.95 0.9 0.75 0.8 0.8 0.85 0.5 0.5 0.8 0.55 0.5 0.55 0.6 0.6 0.7 0.6 0.6 0.55 0.5 0.65 0.6 0.6 0.6 0.65 0.8 0.6 0.6 0.6 0.7 0.8 0.725 0.725 0.525 0.625 0.625 0.575 0.525 0.55 0.6 0.525 0.45 0.45 0.5 0.5 0.5 0.35 0.6 0.425 0.35 0.45 0.375 0.375 0.4 0.3 0.35 0.3 0.275 0.275 0.275
-9999 -9999 -9999 -9999 -9999 -9999 -9999 0.85 0.9 0.9 0.8 0.8 0.8 0.8 0.8 0.8 0.8 1.05 1.15 1.35 1.05 0.9 0.9 1.3 1.05 1.05 0.8 0.75 0.95 0.75 0.8 0.75 0.85 0.65 0.5 0.5 0.5 0.65 0.5 0.45 0.65 0.65 0.6 0.6 0.6 0.5 0.55 0.8 0.6 0.5 0.45 0.8 0.8 0.8 0.6 0.8 0.7 0.8 0.65 0.625 0.6 0.6 0.525 0.675 0.6 0.5 0.5 0.6 0.55 0.6 0.525 0.6 0.35 0.35 0.6 0.55 0.55 0.6 0.525 0.6 0.35 0.4 0.35 0.3 0.275 0.325 0.225
-9999 -9999 -9999 -9999 -9999 -9999 0.6 0.75 0.8 0.9 0.95 0.95 1.05 0.8 0.8 1.35 1 1.15 1.05 1.15 1.15 1.05 1.25 1.05 1.15 0.9 0.7 0.85 0.8 0.75 0.75 0.8 0.8 0.6 0.5 0.6 0.45 0.5 0.5 0.5 0.45 0.5 0.5 0.6 0.65 0.45 0.45 0.65 0.45 0.5 0.45 0.8 0.8 0.6 0.6 0.6 0.6 0.6 0.5 0.575 0.75 0.525 0.525 0.675 0.6 0.525 0.6 0.6 0.45 0.525 0.575 0.675 0.525 0.45 0.35 0.425 0.475 0.525 0.525 0.35 0.35 0.375 0.4 0.35 0.3 0.325 0.325
-9999 -9999 -9999 0.4 0.5 0.55 0.55 0.75 0.8 0.85 0.8 1.05 1.05 0.8 0.9 0.8 0.8 1.05 1.15 1.35 1.35 1.2 1.15 0.95 0.9 0.8 0.9 0.85 0.7 0.95 0.75 0.55 0.6 0.45 0.45 0.6 0.45 0.45 0.45 0.45 0.45 0.45 0.4 0.5 0.5 0.4 0.5 0.45 0.45 0.45 0.45 0.65 0.6 0.6 0.6 0.5 0.65 0.8 0.625 0.625 0.65 0.575 0.75 0.675 0.575 0.575 0.625 0.625 0.525 0.6 0.6 0.625 0.525 0.6 0.6 0.6 0.35 0.6 0.55 0.4 0.4 0.4 0.425 0.375 0.3 0.3 0.3
-9999 -9999 -9999 -9999 -9999 0.6 0.75 0.75 0.9 0.95 0.8 1.05 1 1.2 0.8 0.85 1.05 0.8 1.2 1.15 1.15 1.15 1.05 1.05 0.95 0.95 0.9 0.8 0.75 0.85 0.8 0.55 0.45 0.45 0.6 0.6 0.45 0.55 0.45 0.4 0.5 0.45 0.5 0.4 0.4 0.4 0.5 0.5 0.45 0.55 0.5 0.6 0.7 0.8 0.6 0.6 0.6 0.55 0.575 0.525 0.575 0.675 0.525 0.6 0.75 0.675 0.625 0.575 0.625 0.525 0.575 0.575 0.625 0.525 0.6 0.6 0.55 0.6 0.6 0.45 0.6 0.6 0.55 0.375 0.3 0.35 0.275
-9999 -9999 -9999 -9999 -9999 -9999 0.85 0.85 0.9 0.85 0.9 0.8 1.2 1.15 0.8 1.05 0.8 1 1.15 1.05 1.05 1.2 0.9 0.95 0.8 0.8 0.9 0.8 0.95 0.85 0.6 0.6 0.45 0.45 0.6 0.6 0.45 0.5 0.4 0.4 0.4 0.45 0.45 0.5 0.4 0.45 0.5 0.45 0.45 0.45 0.45 0.6 0.5 0.65 0.55 0.6 0.55 0.45 0.6 0.45 0.55 0.6 0.575 0.625 0.75 0.625 0.575 0.575 0.575 0.575 0.675 0.675 0.525 0.6 0.6 0.525 0.6 0.4 0.6 0.45 0.6 0.6 0.6 0.4 0.4 0.3 0.4
-9999 -9999 -9999 -9999 -9999 -9999 0.75 0.95 0.9 0.8 0.8 0.75 0.85 0.9 0.8 0.8 0.8 0.8 1.05 1.05 1.05 1 0.8 0.95 0.85 0.8 0.85 0.85 0.85 0.65 0.45 0.6 0.45 0.6 0.6 0.6 0.5 0.4 0.6 0.5 0.4 0.5 0.4 0.4 0.45 0.4 0.4 0.4 0.4 0.4 0.45 0.65 0.5 0.55 0.6 0.5 0.45 0.65 0.45 0.6 0.55 0.575 0.875 0.875 0.575 0.575 0.625 0.725 0.65 0.725 0.575 0.575 0.6 0.6 0.6 0.6 0.6 0.45 0.55 0.6 0.525 0.625 0.525 0.5 0.6 0.425 0.55
-9999 -9999 -9999 -9999 -9999 0.7 0.6 0.75 0.9 0.95 0.8 0.95 0.9 0.8 0.8 1.05 1 1.05 1.05 0.8 0.7 0.7 0.8 0.85 0.95 0.8 0.6 0.6 0.6 0.65 0.5 0.5 0.5 0.45 0.6 0.6 0.4 0.4 0.5 0.4 0.45 0.5 0.5 0.4 0.35 0.4 0.4 0.45 0.4 0.4 0.45 0.5 0.45 0.5 0.4 0.45 0.6 0.45 0.5 0.8 0.45 0.425 0.575 0.575 0.675 0.675 0.65 0.75 0.7 0.65 0.675 0.575 0.6 0.6 0.6 0.525 0.5 0.525 0.575 0.525 0.525 0.575 0.525 0.4 0.35 0.4 0.6
-9999 -9999 -9999 -9999 -9999 -9999 -9999 0.7 0.85 0.95 0.9 0.9 0.8 0.8 0.8 0.8 1.05 1.05 1.05 0.6 0.65 0.5 0.8 0.9 0.6 0.7 0.5 0.55 0.5 0.45 0.45 0.4 0.55 0.4 0.4 0.4 0.45 0.5 0.4 0.35 0.35 0.35 0.4 0.5 0.4 0.5 0.45 0.35 0.4 0.4 0.4 0.4 0.4 0.45 0.45 0.5 0.5 0.6 0.8 0.6 0.45 0.45 0.525 0.675 0.575 0.675 0.65 0.725 0.75 0.875 0.875 0.875 0.575 0.55 0.625 0.525 0.65 0.725 0.675 0.725 0.725 0.675 0.5 0.45 0.6 0.525 0.525
