GIS/bfa_beta.asc
ncols         173
nrows         126
xllcorner     224227.65281
yllcorner     1039207.04677
cellsize      5000
NODATA_value  -9999
[rows 37 to 73 of 126, columns 0 to 81 of 173]
-9999 -9999 -9999 -9999 -9999 -9999 -9999 -9999 -9999 -9999 -9999 -9999 -9999 -9999 -9999 -9999 -9999 -9999 -9999 -9999 -9999 -9999 -9999 -9999 -9999 -9999 -9999 -9999 -9999 -9999 -9999 -9999 1.37 1.81 -9999 -9999 -9999 -9999 -9999 -9999 -9999 -9999 -9999 -9999 -9999 -9999 -9999 -9999 -9999 1.39 0.935 0.94 0.71 0.92 0.78 0.72 0.87 0.69 0.69 0.69 0.69 0.74 0.84 0.745 0.46 0.46 0.535 0.485 0.45 0.48 0.495 0.45 0.5 0.575 0.46 0.375 0.535 0.45 0.45 0.47 0.55 0.59
-9999 -9999 -9999 -9999 -9999 -9999 -9999 -9999 -9999 -9999 -9999 -9999 -9999 -9999 -9999 -9999 -9999 -9999 -9999 -9999 -9999 -9999 -9999 -9999 -9999 -9999 -9999 -9999 -9999 -9999 -9999 1.825 2.09 1.77 1.65 1.95 2.205 2.145 -9999 -9999 -9999 -9999 -9999 -9999 -9999 -9999 -9999 -9999 -9999 -9999 1.11 0.91 0.72 0.79 0.86 0.86 0.8 0.53 0.55 0.69 0.69 0.87 0.65 0.64 0.55 0.5 0.465 0.57 0.48 0.385 0.495 0.42 0.4 0.51 0.5 0.42 0.5 0.48 0.46 0.46 0.61 0.5
-9999 -9999 -9999 -9999 -9999 -9999 -9999 -9999 -9999 -9999 -9999 -9999 -9999 -9999 -9999 -9999 -9999 -9999 -9999 -9999 -9999 -9999 -9999 -9999 -9999 -9999 -9999 -9999 -9999 -9999 -9999 2.09 1.82 1.55 1.79 2.025 2.165 2.19 2.185 -9999 -9999 -9999 -9999 -9999 -9999 -9999 -9999 -9999 -9999 -9999 0.945 0.9 0.945 1.11 0.89 0.84 0.66 0.54 0.55 0.65 0.69 0.59 0.455 0.61 0.575 0.465 0.625 0.57 0.49 0.485 0.47 0.48 0.47 0.535 0.535 0.375 0.41 0.45 0.375 0.48 0.47 0.53
-9999 -9999 -9999 -9999 -9999 -9999 -9999 -9999 -9999 -9999 -9999 -9999 -9999 -9999 -9999 -9999 -9999 -9999 -9999 -9999 -9999 -9999 -9999 -9999 -9999 -9999 -9999 -9999 -9999 1.735 2.125 1.95 1.96 1.245 2.075 2.1 2.19 2.165 2.18 2.15 -9999 -9999 -9999 -9999 -9999 -9999 0.955 1.345 1.15 1.155 1.15 0.95 0.965 0.965 0.67 0.79 0.84 0.58 0.68 0.58 0.69 0.56 0.5 0.42 0.54 0.45 0.47 0.57 0.535 0.51 0.51 0.51 0.46 0.46 0.48 0.435 0.42 0.375 0.385 0.5 0.57 0.57
-9999 -9999 -9999 -9999 -9999 -9999 -9999 -9999 -9999 -9999 -9999 -9999 -9999 -9999 -9999 -9999 -9999 -9999 -9999 -9999 -9999 -9999 -9999 -9999 -9999 -9999 -9999 -9999 1.5 2.12 2.12 1.725 1.4 1.215 2.01 2.15 2.02 2.16 2.16 2.02 1.83 1.375 -9999 -9999 -9999 -9999 0.99 1.135 1.14 1.1 0.94 0.94 0.965 0.955 0.92 0.79 0.87 0.69 0.68 0.53 0.5 0.45 0.4 0.37 0.41 0.41 0.485 0.51 0.43 0.43 0.48 0.45 0.375 0.45 0.41 0.43 0.405 0.45 0.4 0.46 0.49 0.49
-9999 -9999 -9999 -9999 -9999 -9999 -9999 -9999 -9999 -9999 -9999 -9999 -9999 -9999 -9999 -9999 -9999 -9999 -9999 -9999 -9999 -9999 -9999 -9999 -9999 -9999 -9999 1.11 1.785 1.79 1.82 1.83 1.305 1.205 1.825 1.95 2.02 2.205 2.205 2.185 1.9 1.5 1.82 -9999 -9999 -9999 0.805 1.14 0.9 0.83 0.72 0.94 0.955 0.895 1.125 0.5 0.58 0.6 0.55 0.58 0.51 0.39 0.38 0.34 0.41 0.55 0.485 0.5 0.44 0.33 0.365 0.37 0.43 0.42 0.37 0.405 0.49 0.38 0.38 0.45 0.4 0.37
-9999 -9999 -9999 -9999 -9999 -9999 -9999 -9999 -9999 -9999 -9999 -9999 -9999 -9999 -9999 -9999 -9999 -9999 -9999 -9999 -9999 -9999 -9999 -9999 -9999 -9999 0.955 1.13 1.215 1.65 1.86 1.375 1.385 1.855 1.735 1.78 1.95 1.975 2.125 2.14 2.01 1.835 2.125 1.205 1.765 1.175 0.8 1.345 1.17 1.11 0.97 1.125 0.95 1 0.82 0.66 0.6 0.74 0.64 0.6 0.42 0.42 0.42 0.42 0.47 0.575 0.565 0.44 0.4 0.33 0.4 0.38 0.365 0.36 0.295 0.37 0.365 0.305 0.305 0.43 0.405 0.45
-9999 -9999 -9999 -9999 -9999 -9999 -9999 -9999 -9999 -9999 -9999 -9999 -9999 -9999 -9999 -9999 -9999 -9999 -9999 -9999 -9999 -9999 -9999 -9999 -9999 -9999 -9999 1.33 1.2 1.3 1.45 1.5 1.45 1.805 1.855 1.79 2.075 1.82 2.175 1.39 1.21 1.135 1.82 2.025 1.25 0.91 0.895 0.945 0.965 1.05 0.905 0.955 0.955 0.975 0.69 0.87 0.8 0.68 0.6 0.46 0.5 0.57 0.555 0.5 0.45 0.495 0.45 0.46 0.405 0.37 0.39 0.48 0.35 0.25 0.28 0.36 0.37 0.415 0.435 0.45 0.55 0.35
-9999 -9999 -9999 -9999 -9999 -9999 -9999 -9999 -9999 -9999 -9999 -9999 -9999 -9999 -9999 -9999 -9999 -9999 -9999 -9999 -9999 -9999 -9999 -9999 -9999 -9999 -9999 0.93 1.225 1.25 1.4 1.21 1.19 1.365 1.245 1.45 1.815 1.79 1.745 1.22 1.135 1.345 1.23 1.345 1.1 1 0.885 0.885 0.94 0.89 1 0.955 0.78 0.86 0.58 0.77 0.6 0.58 0.74 0.84 0.68 0.585 0.62 0.65 0.47 0.44 0.48 0.55 0.5 0.44 0.4 0.37 0.37 0.23 0.29 0.26 0.48 0.47 0.42 0.45 0.55 0.365
-9999 -9999 -9999 -9999 -9999 -9999 -9999 -9999 -9999 -9999 -9999 -9999 -9999 -9999 -9999 -9999 -9999 -9999 -9999 -9999 -9999 -9999 -9999 -9999 -9999 -9999 -9999 -9999 1.4 1.22 1.32 1.245 1.355 1.34 1.25 1.39 1.8 1.7 1.245 2.115 1.245 1.22 1.25 1.785 1.135 0.84 0.99 0.71 0.915 0.83 0.965 0.9 0.895 0.72 0.82 0.7 0.79 0.5 0.54 0.8 0.46 0.5 0.65 0.49 0.5 0.475 0.45 0.485 0.63 0.45 0.45 0.325 0.46 0.45 0.25 0.32 0.42 0.43 0.365 0.43 0.49 0.295
-9999 -9999 -9999 -9999 -9999 -9999 -9999 -9999 -9999 -9999 -9999 -9999 -9999 -9999 -9999 -9999 -9999 -9999 -9999 -9999 -9999 -9999 -9999 -9999 -9999 -9999 -9999 -9999 1.21 1.45 1.32 1.34 1.395 1.16 1.16 1.35 1.3 1.39 1.33 1.245 1.21 1.32 1.25 1.86 1.11 0.72 0.97 0.955 0.955 0.97 1 1 0.89 0.84 0.82 0.66 0.58 0.5 0.68 0.53 0.55 0.65 0.65 0.455 0.5 0.56 0.385 0.45 0.385 0.37 0.49 0.29 0.375 0.45 0.37 0.32 0.405 0.55 0.455 0.4 0.435 0.355
-9999 -9999 -9999 -9999 -9999 -9999 -9999 -9999 -9999 -9999 -9999 -9999 -9999 -9999 -9999 -9999 -9999 -9999 -9999 -9999 -9999 -9999 -9999 -9999 -9999 -9999 -9999 -9999 0.9 1.2 1.3 1.36 1.315 1.36 1.21 1.225 1.31 1.4 1.225 0.965 1.24 1.14 1.395 1.6 1.14 1.11 0.915 0.71 0.88 0.895 1.1 1.11 0.75 0.72 0.71 0.54 0.69 0.69 0.58 0.5 0.61 0.625 0.485 0.46 0.47 0.46 0.46 0.41 0.375 0.295 0.345 0.32 0.375 0.45 0.4 0.55 0.6 0.51 0.575 0.57 0.47 0.3
-9999 -9999 -9999 -9999 -9999 -9999 -9999 -9999 -9999 -9999 -9999 -9999 -9999 -9999 -9999 -9999 -9999 -9999 -9999 -9999 -9999 -9999 -9999 -9999 -9999 -9999 -9999 -9999 0.945 1.1 1.175 1.395 1.36 1.215 1.245 1.305 0.895 1.21 1.325 1.11 1.175 0.945 0.945 1.4 0.915 1.18 0.72 1.11 1.11 1.13 0.965 0.83 0.82 0.79 0.72 0.6 0.69 0.69 0.45 0.5 0.6 0.6 0.485 0.55 0.455 0.385 0.49 0.325 0.37 0.345 0.3 0.405 0.42 0.47 0.46 0.57 0.53 0.51 0.51 0.515 0.51 0.37
-9999 -9999 -9999 -9999 -9999 -9999 -9999 -9999 -9999 -9999 -9999 -9999 -9999 -9999 -9999 -9999 -9999 -9999 -9999 -9999 -9999 -9999 -9999 -9999 -9999 -9999 -9999 -9999 0.895 1.14 1.13 0.945 1.12 1.245 1.325 1.2 1.11 1.14 1.345 1 1.105 0.985 1.225 1.155 1.165 1.115 0.945 0.9 0.895 0.94 0.905 0.67 0.82 0.76 0.64 0.84 0.6 0.46 0.44 0.61 0.61 0.56 0.385 0.55 0.48 0.45 0.46 0.34 0.295 0.3 0.375 0.4 0.345 0.45 0.44 0.43 0.48 0.52 0.46 0.5 0.435 0.43
-9999 -9999 -9999 -9999 -9999 -9999 -9999 -9999 -9999 -9999 -9999 -9999 -9999 -9999 -9999 -9999 -9999 -9999 -9999 -9999 -9999 -9999 -9999 -9999 -9999 -9999 -9999 -9999 0.945 1.31 0.925 1.11 1.17 1.145 1.34 1.225 1.05 0.98 1.15 0.95 1.105 1.1 1.11 1.16 1.31 1.345 0.93 0.915 1.05 0.91 0.87 0.73 0.835 0.63 0.69 0.58 0.58 0.55 0.51 0.5 0.45 0.435 0.48 0.52 0.54 0.45 0.375 0.345 0.345 0.37 0.405 0.42 0.335 0.42 0.385 0.37 0.395 0.355 0.39 0.395 0.315 0.25
-9999 -9999 -9999 -9999 -9999 -9999 -9999 -9999 -9999 -9999 -9999 -9999 -9999 -9999 -9999 -9999 -9999 -9999 -9999 -9999 -9999 -9999 -9999 -9999 0.82 0.83 -9999 -9999 0.9 0.98 0.925 0.93 0.945 1.11 1.155 0.945 0.85 0.95 1.15 0.97 1.24 1.185 1.25 1.215 1.12 1.36 0.97 1.025 0.885 0.91 0.63 0.67 0.79 0.68 0.57 0.57 0.52 0.48 0.5 0.51 0.57 0.455 0.52 0.5 0.43 0.375 0.33 0.37 0.38 0.345 0.315 0.31 0.33 0.375 0.4 0.31 0.31 0.265 0.3 0.265 0.275 0.245
-9999 -9999 -9999 -9999 -9999 -9999 -9999 -9999 -9999 -9999 -9999 -9999 -9999 -9999 -9999 -9999 -9999 -9999 -9999 -9999 -9999 -9999 -9999 0.73 0.71 0.955 0.92 0.71 1.105 0.925 1.14 0.955 1.2 0.9 0.895 0.89 0.82 0.89 0.885 0.97 1.22 1.4 1.33 1.395 0.945 0.945 0.75 1.21 0.94 0.72 0.67 0.87 0.79 0.66 0.6 0.57 0.5 0.46 0.48 0.48 0.465 0.4 0.43 0.45 0.405 0.345 0.425 0.44 0.31 0.32 0.27 0.24 0.26 0.37 0.36 0.31 0.25 0.25 0.255 0.215 0.26 0.225
-9999 -9999 -9999 -9999 -9999 -9999 -9999 -9999 -9999 -9999 -9999 -9999 -9999 -9999 -9999 -9999 -9999 -9999 -9999 -9999 -9999 -9999 -9999 0.72 0.85 0.94 0.885 0.89 1.11 0.945 1.14 0.915 1.05 0.9 1.1 0.72 0.97 0.97 0.905 0.935 1.36 1.145 0.965 1.19 1.135 0.96 0.88 1.1 0.97 0.97 0.73 0.63 0.84 0.61 0.63 0.58 0.5 0.57 0.48 0.53 0.6 0.4 0.39 0.415 0.36 0.35 0.4 0.38 0.27 0.305 0.27 0.275 0.295 0.315 0.305 0.275 0.27 0.27 0.245 0.24 0.22 0.24
-9999 -9999 -9999 -9999 -9999 -9999 -9999 -9999 -9999 -9999 -9999 -9999 -9999 -9999 -9999 -9999 -9999 -9999 -9999 -9999 -9999 -9999 -9999 -9999 0.71 0.955 0.885 1.05 0.88 0.88 0.97 0.71 0.89 0.84 0.69 0.82 0.72 0.67 0.78 0.98 0.88 0.71 0.88 0.97 0.97 0.86 0.81 0.97 0.87 0.86 0.67 0.67 0.74 0.8 0.66 0.69 0.53 0.53 0.57 0.55 0.525 0.6 0.45 0.38 0.375 0.365 0.365 0.385 0.2475 0.265 0.28 0.195 0.225 0.27 0.255 0.225 0.215 0.21 0.225 0.19 0.14 0.15
-9999 -9999 -9999 -9999 -9999 -9999 -9999 -9999 -9999 -9999 -9999 -9999 -9999 -9999 -9999 -9999 -9999 -9999 -9999 -9999 -9999 -9999 -9999 -9999 -9999 0.78 1 0.71 0.92 0.97 0.89 0.66 0.67 0.67 0.89 0.72 0.72 0.77 0.64 0.72 0.82 0.72 0.82 0.82 0.76 0.82 0.89 0.67 0.73 0.7 0.85 0.82 0.87 0.6 0.62 0.47 0.48 0.52 0.51 0.65 0.425 0.52 0.465 0.45 0.415 0.355 0.33 0.305 0.33 0.33 0.33 0.32 0.245 0.21 0.2 0.2 0.18 0.18 0.18 0.16 0.18 0.145
-9999 -9999 -9999 -9999 -9999 -9999 -9999 -9999 -9999 -9999 -9999 -9999 -9999 -9999 -9999 -9999 -9999 -9999 -9999 -9999 -9999 -9999 -9999 -9999 0.91 0.93 1.05 0.89 0.88 0.83 0.89 0.66 0.72 0.91 0.75 0.88 0.82 0.72 0.86 0.87 0.64 0.79 0.66 0.53 0.69 0.78 0.805 0.71 0.72 0.73 0.64 0.63 0.79 0.69 0.53 0.52 0.48 0.48 0.46 0.68 0.425 0.53 0.54 0.425 0.345 0.445 0.36 0.325 0.365 0.34 0.305 0.31 0.275 0.22 0.24 0.195 0.215 0.19 0.19 0.21 0.21 0.13
-9999 -9999 -9999 -9999 -9999 -9999 -9999 -9999 -9999 -9999 -9999 -9999 -9999 -9999 -9999 -9999 -9999 -9999 -9999 -9999 -9999 -9999 -9999 -9999 1.115 0.905 0.91 0.97 0.955 0.75 0.71 0.86 0.97 0.71 0.71 0.67 0.72 0.76 0.87 0.8 0.8 0.87 0.6 0.6 0.56 0.5 0.785 0.72 0.76 0.69 0.7 0.64 0.66 0.48 0.44 0.45 0.68 0.65 0.46 0.46 0.6 0.45 0.47 0.52 0.45 0.46 0.415 0.36 0.36 0.32 0.315 0.31 0.3 0.275 0.295 0.28 0.205 0.255 0.23 0.17 0.225 0.13
-9999 -9999 -9999 -9999 -9999 -9999 -9999 -9999 -9999 -9999 -9999 -9999 -9999 -9999 -9999 -9999 -9999 -9999 -9999 -9999 -9999 -9999 -9999 -9999 0.885 0.75 0.78 1.125 0.955 0.94 0.64 0.82 0.97 0.94 0.97 0.82 0.7 0.82 0.8 0.58 0.65 0.54 0.65 0.54 0.68 0.5 0.82 0.8 0.63 0.67 0.72 0.72 0.69 0.53 0.46 0.57 0.54 0.55 0.55 0.57 0.56 0.46 0.45 0.37 0.37 0.38 0.37 0.265 0.3 0.31 0.295 0.35 0.31 0.34 0.32 0.265 0.225 0.235 0.18 0.195 0.23 0.175
-9999 -9999 -9999 -9999 -9999 -9999 -9999 -9999 -9999 -9999 -9999 -9999 -9999 -9999 -9999 -9999 -9999 -9999 -9999 -9999 -9999 -9999 -9999 -9999 0.95 0.88 0.955 0.945 0.72 0.74 0.79 0.82 0.67 0.825 0.805 0.7 0.8 0.6 0.54 0.68 0.54 0.61 0.84 0.54 0.54 0.59 0.69 0.66 0.67 0.64 0.67 0.86 0.8 0.58 0.58 0.54 0.59 0.46 0.48 0.54 0.56 0.54 0.45 0.43 0.33 0.35 0.35 0.33 0.3 0.38 0.32 0.31 0.37 0.315 0.265 0.255 0.275 0.195 0.18 0.195 0.195 0.18
-9999 -9999 -9999 -9999 -9999 -9999 -9999 -9999 -9999 -9999 -9999 -9999 -9999 -9999 -9999 -9999 -9999 -9999 -9999 -9999 -9999 -9999 -9999 0.88 0.83 0.895 1.115 0.72 0.74 0.86 0.67 0.72 0.72 0.82 0.74 0.76 0.69 0.84 0.6 0.58 0.58 0.8 0.87 0.55 0.6 0.84 0.84 0.69 0.87 0.8 0.84 0.84 0.74 0.86 0.69 0.69 0.5 0.46 0.54 0.54 0.715 0.525 0.53 0.4 0.295 0.36 0.345 0.34 0.37 0.37 0.36 0.37 0.36 0.26 0.315 0.31 0.3 0.265 0.245 0.295 0.24 0.185
-9999 -9999 -9999 -9999 -9999 -9999 -9999 -9999 -9999 -9999 -9999 -9999 -9999 -9999 -9999 -9999 -9999 -9999 -9999 -9999 -9999 -9999 1.13 1.36 1.11 0.885 0.92 0.95 0.97 0.71 0.825 0.8 0.67 0.87 0.8 0.86 0.84 0.76 0.5 0.54 0.6 0.86 0.63 0.68 0.59 0.84 0.8 0.64 0.84 0.86 0.77 0.63 0.69 0.67 0.69 0.55 0.57 0.57 0.605 0.665 0.575 0.575 0.51 0.54 0.38 0.32 0.295 0.35 0.37 0.44 0.41 0.315 0.34 0.29 0.315 0.31 0.32 0.305 0.32 0.24 0.255 0.21
-9999 -9999 -9999 -9999 -9999 -9999 -9999 -9999 -9999 -9999 -9999 -9999 -9999 -9999 -9999 -9999 -9999 -9999 -9999 -9999 -9999 0.935 1.1 1.14 1.125 0.97 0.91 0.97 0.81 0.78 0.86 0.785 0.67 0.91 0.77 0.68 0.69 0.55 0.52 0.68 0.8 0.69 0.53 0.6 0.82 0.82 0.8 0.64 0.76 0.82 0.7 0.84 0.69 0.48 0.52 0.58 0.55 0.46 0.69 0.795 0.795 0.73 0.59 0.6 0.39 0.37 0.315 0.35 0.27 0.235 0.34 0.35 0.36 0.3 0.295 0.305 0.35 0.31 0.3 0.27 0.255 0.23
-9999 -9999 -9999 -9999 -9999 -9999 -9999 -9999 -9999 -9999 -9999 -9999 -9999 -9999 -9999 -9999 -9999 -9999 -9999 -9999 -9999 0.94 1.23 1.135 1.1 0.9 0.925 0.885 0.97 1.125 0.83 0.72 0.84 0.71 0.86 0.66 0.54 0.55 0.53 0.58 0.87 0.66 0.58 0.74 0.86 0.91 0.76 0.73 0.77 0.86 0.6 0.61 0.8 0.58 0.62 0.69 0.58 0.57 0.55 0.795 0.645 0.785 0.525 0.54 0.46 0.35 0.34 0.37 0.315 0.24 0.36 0.39 0.37 0.31 0.33 0.305 0.295 0.295 0.31 0.305 0.26 0.22
-9999 -9999 -9999 -9999 -9999 -9999 -9999 -9999 -9999 -9999 -9999 -9999 -9999 -9999 -9999 -9999 -9999 -9999 -9999 -9999 -9999 0.83 1.16 1.14 1.06 1.11 0.905 0.965 0.945 0.98 0.885 0.68 0.69 0.76 0.85 0.77 0.69 0.55 0.58 0.69 0.74 0.69 0.84 0.79 0.67 0.82 0.84 0.79 0.73 0.64 0.62 0.68 0.7 0.87 0.69 0.66 0.53 0.57 0.6 0.6 0.625 0.51 0.625 0.715 0.455 0.415 0.365 0.445 0.46 0.37 0.37 0.45 0.38 0.36 0.31 0.34 0.33 0.32 0.335 0.285 0.225 0.245
-9999 -9999 -9999 -9999 -9999 -9999 -9999 -9999 -9999 -9999 -9999 -9999 -9999 -9999 -9999 -9999 -9999 -9999 -9999 1.1 1.14 1.15 1.14 1.125 1.055 0.905 0.98 0.915 0.71 0.915 0.79 0.77 0.79 0.8 0.64 0.84 0.54 0.6 0.84 0.66 0.59 0.8 0.87 0.87 0.8 0.84 0.64 0.8 0.7 0.84 0.46 0.66 0.86 0.86 0.8 0.66 0.66 0.745 0.645 0.715 0.66 0.74 0.57 0.56 0.45 0.6 0.51 0.56 0.455 0.445 0.38 0.31 0.46 0.39 0.42 0.39 0.35 0.33 0.335 0.265 0.3 0.305
-9999 -9999 -9999 -9999 -9999 -9999 -9999 -9999 -9999 -9999 -9999 -9999 -9999 -9999 -9999 -9999 -9999 -9999 1.05 1.025 1.1 1 1.12 1.1 1.35 0.865 0.91 0.865 0.865 0.82 0.58 0.755 0.67 0.87 0.66 0.58 0.58 0.77 0.66 0.66 0.68 0.54 0.69 0.8 0.6 0.84 0.69 0.69 0.6 0.54 0.68 0.51 0.84 0.68 0.68 0.8 0.65 0.63 0.745 0.785 0.595 0.59 0.605 0.56 0.56 0.54 0.52 0.445 0.39 0.43 0.34 0.42 0.44 0.43 0.43 0.45 0.32 0.275 0.335 0.315 0.315 0.315
-9999 -9999 -9999 -9999 -9999 -9999 -9999 -9999 -9999 -9999 -9999 -9999 0.89 0.8 0.9 0.82 0.8 0.84 0.8 0.84 0.985 0.935 1.22 1.345 1.06 0.92 0.825 0.865 0.895 0.89 0.87 0.72 0.82 0.82 0.61 0.68 0.84 0.6 0.58 0.58 0.58 0.59 0.66 0.8 0.69 0.61 0.69 0.63 0.69 0.69 0.61 0.61 0.66 0.59 0.69 0.6 0.6 0.84 0.795 0.795 0.68 0.51 0.625 0.66 0.52 0.52 0.52 0.53 0.37 0.43 0.37 0.45 0.46 0.44 0.52 0.45 0.34 0.315 0.375 0.33 0.345 0.34
-9999 -9999 -9999 -9999 -9999 -9999 -9999 -9999 0.6 0.75 0.77 0.8 0.83 0.79 0.88 0.86 0.84 1.06 0.86 1.06 0.89 0.92 0.86 1.29 1.075 0.95 0.9 0.865 0.925 0.905 0.72 0.76 0.73 0.67 0.57 0.5 0.66 0.52 0.61 0.55 0.69 0.6 0.84 0.69 0.54 0.51 0.54 0.58 0.69 0.58 0.59 0.65 0.66 0.69 0.6 0.69 0.7 0.8 0.735 0.735 0.54 0.57 0.59 0.685 0.54 0.63 0.6 0.54 0.44 0.45 0.5 0.46 0.5 0.36 0.52 0.425 0.39 0.49 0.415 0.425 0.365 0.315
-9999 -9999 -9999 -9999 -9999 -9999 -9999 0.85 0.88 0.81 0.88 0.84 1.01 0.8 0.83 0.84 0.87 1.22 1.02 1.275 1.22 0.985 0.965 1.345 1.135 0.935 0.86 0.72 0.84 0.75 0.76 0.75 0.85 0.53 0.57 0.51 0.53 0.65 0.61 0.44 0.58 0.68 0.58 0.6 0.59 0.5 0.55 0.66 0.69 0.5 0.46 0.8 0.8 0.8 0.6 0.8 0.7 0.69 0.74 0.57 0.56 0.56 0.54 0.675 0.56 0.47 0.47 0.52 0.465 0.56 0.54 0.6 0.35 0.33 0.6 0.465 0.55 0.52 0.54 0.6 0.38 0.4
-9999 -9999 -9999 -9999 -9999 -9999 0.73 0.75 0.8 0.88 0.76 0.76 0.86 0.84 0.83 1.34 1.26 1.15 0.96 1.24 1.04 0.99 1.25 0.96 1.075 0.84 0.735 0.86 0.8 0.86 0.75 0.8 0.64 0.62 0.51 0.54 0.46 0.57 0.57 0.54 0.48 0.51 0.51 0.6 0.58 0.425 0.455 0.68 0.46 0.5 0.45 0.8 0.84 0.6 0.6 0.62 0.6 0.6 0.51 0.575 0.75 0.51 0.525 0.675 0.56 0.54 0.6 0.52 0.45 0.54 0.655 0.705 0.525 0.45 0.415 0.445 0.475 0.54 0.54 0.35 0.415 0.365
-9999 -9999 -9999 0.46 0.5 0.53 0.55 0.75 0.79 0.67 0.84 0.86 0.86 0.8 0.9 0.8 0.79 1.22 1.02 1.14 1.14 1.13 1.15 1.035 0.94 0.82 0.9 0.72 0.7 0.76 0.77 0.55 0.62 0.56 0.58 0.62 0.48 0.48 0.45 0.425 0.46 0.45 0.43 0.51 0.5 0.4 0.5 0.465 0.48 0.56 0.56 0.65 0.6 0.69 0.69 0.58 0.61 0.66 0.57 0.625 0.77 0.715 0.75 0.61 0.715 0.715 0.66 0.59 0.51 0.56 0.52 0.57 0.51 0.52 0.56 0.6 0.38 0.6 0.55 0.4 0.4 0.435
-9999 -9999 -9999 -9999 -9999 0.59 0.75 0.75 0.82 0.95 0.8 1.06 1 1.12 0.89 0.92 1.05 1.01 1.11 1.04 1.14 1.07 0.86 0.935 0.95 0.95 0.855 0.77 0.84 0.85 0.74 0.55 0.56 0.47 0.57 0.63 0.58 0.47 0.425 0.43 0.52 0.425 0.57 0.42 0.4 0.41 0.51 0.53 0.48 0.47 0.51 0.6 0.7 0.8 0.6 0.54 0.6 0.54 0.605 0.51 0.655 0.715 0.525 0.53 0.645 0.68 0.66 0.66 0.57 0.525 0.655 0.715 0.57 0.51 0.52 0.56 0.455 0.455 0.52 0.45 0.56 0.6
