GIS/bfa_beta.asc
ncols         173
nrows         126
xllcorner     224227.65281
yllcorner     1039207.04677
cellsize      5000
NODATA_value  -9999
[rows 74 to 110 of 126, columns 0 to 81 of 173]
-9999 -9999 -9999 -9999 -9999 -9999 0.67 0.71 0.9 0.67 0.81 0.8 1.2 1.04 0.84 1.22 0.8 1.26 1.02 1.06 0.99 0.98 0.975 0.95 0.89 0.84 0.81 0.79 0.95 0.71 0.57 0.62 0.54 0.56 0.56 0.57 0.47 0.425 0.4 0.38 0.415 0.47 0.49 0.455 0.43 0.45 0.57 0.48 0.45 0.48 0.49 0.54 0.53 0.58 0.55 0.6 0.47 0.455 0.6 0.48 0.55 0.52 0.66 0.59 0.645 0.59 0.715 0.685 0.685 0.685 0.615 0.61 0.54 0.52 0.52 0.54 0.52 0.345 0.56 0.45 0.52 0.6
-9999 -9999 -9999 -9999 -9999 -9999 0.75 0.76 0.81 0.79 0.8 0.75 0.64 0.9 0.84 0.89 1.01 1.01 1.06 1.22 1.06 1.015 0.83 0.95 0.74 0.8 0.64 0.67 0.64 0.65 0.49 0.56 0.56 0.59 0.59 0.59 0.51 0.415 0.62 0.5 0.44 0.51 0.415 0.44 0.43 0.42 0.375 0.43 0.42 0.41 0.44 0.58 0.53 0.55 0.54 0.51 0.44 0.65 0.48 0.6 0.52 0.605 0.795 0.795 0.685 0.605 0.57 0.71 0.77 0.725 0.665 0.665 0.6 0.52 0.56 0.52 0.56 0.45 0.445 0.56 0.54 0.57
-9999 -9999 -9999 -9999 -9999 0.58 0.57 0.75 0.81 0.76 0.8 0.95 0.9 0.89 0.8 1.22 1.04 1.06 1.06 0.89 0.73 0.685 0.79 0.67 0.95 0.83 0.62 0.6 0.63 0.65 0.425 0.475 0.53 0.47 0.59 0.59 0.44 0.415 0.46 0.44 0.43 0.455 0.455 0.39 0.395 0.415 0.415 0.49 0.41 0.41 0.455 0.57 0.46 0.51 0.435 0.44 0.6 0.46 0.5 0.66 0.45 0.445 0.605 0.605 0.72 0.61 0.74 0.645 0.745 0.74 0.715 0.605 0.56 0.6 0.56 0.54 0.47 0.54 0.575 0.54 0.525 0.665
-9999 -9999 -9999 -9999 -9999 -9999 -9999 0.58 0.78 0.76 0.82 0.82 0.79 0.8 0.83 0.89 0.99 0.99 1.06 0.68 0.655 0.51 0.79 0.81 0.63 0.61 0.49 0.47 0.53 0.485 0.56 0.375 0.53 0.43 0.41 0.4 0.39 0.52 0.415 0.405 0.395 0.36 0.415 0.51 0.44 0.51 0.46 0.36 0.42 0.41 0.41 0.4 0.43 0.455 0.455 0.61 0.53 0.54 0.66 0.6 0.48 0.45 0.56 0.68 0.605 0.595 0.65 0.71 0.645 0.875 0.795 0.875 0.685 0.57 0.57 0.57 0.68 0.735 0.68 0.71 0.735 0.675
-9999 -9999 -9999 -9999 -9999 -9999 -9999 0.5 0.7 0.57 0.64 0.69 0.85 0.75 0.75 0.84 0.83 0.89 0.8 0.64 0.7 0.6 0.65 0.52 0.43 0.6 0.37 0.48 0.49 0.36 0.45 0.36 0.5 0.46 0.4 0.395 0.44 0.44 0.395 0.4 0.38 0.36 0.36 0.39 0.42 0.365 0.315 0.295 0.36 0.25 0.29 0.395 0.38 0.385 0.475 0.55 0.59 0.54 0.68 0.37 0.37 0.46 0.39 0.35 0.59 0.605 0.57 0.72 0.68 0.875 0.795 0.75 0.635 0.58 0.57 0.59 0.735 0.68 0.75 0.7 0.62 0.63
-9999 -9999 -9999 -9999 -9999 -9999 -9999 0.65 0.66 0.7 0.74 0.51 0.68 0.71 0.9 1.22 0.89 0.885 0.75 0.74 0.66 0.55 0.42 0.44 0.42 0.38 0.365 0.35 0.355 0.42 0.36 0.315 0.44 0.36 0.29 0.51 0.47 0.39 0.29 0.4 0.38 0.36 0.36 0.35 0.36 0.275 0.31 0.36 0.315 0.38 0.42 0.51 0.42 0.44 0.465 0.59 0.62 0.54 0.49 0.34 0.42 0.42 0.52 0.56 0.605 0.59 0.68 0.74 0.67 0.875 0.75 0.785 0.645 0.57 0.655 0.725 0.725 0.735 0.63 0.645 0.67 0.58
-9999 -9999 -9999 -9999 -9999 -9999 -9999 0.63 0.55 0.58 0.57 0.74 0.69 0.67 0.77 0.8 0.84 0.88 0.95 0.54 0.73 0.52 0.42 0.38 0.44 0.365 0.32 0.29 0.41 0.43 0.34 0.42 0.295 0.35 0.295 0.44 0.45 0.44 0.335 0.315 0.345 0.42 0.42 0.36 0.275 0.38 0.36 0.295 0.395 0.33 0.34 0.42 0.4 0.58 0.455 0.425 0.51 0.51 0.38 0.405 0.39 0.42 0.41 0.455 0.575 0.605 0.62 0.66 0.68 0.595 0.715 0.605 0.62 0.715 0.69 0.72 0.72 0.795 0.85 0.73 0.725 0.57
-9999 -9999 -9999 -9999 -9999 -9999 -9999 0.62 0.53 0.46 0.58 0.62 0.74 0.68 0.64 0.73 0.73 0.66 0.53 0.65 0.49 0.38 0.42 0.4 0.345 0.355 0.365 0.37 0.45 0.45 0.45 0.36 0.365 0.35 0.39 0.36 0.41 0.29 0.295 0.365 0.34 0.33 0.32 0.36 0.315 0.335 0.325 0.265 0.38 0.38 0.36 0.38 0.44 0.39 0.375 0.35 0.405 0.38 0.37 0.38 0.34 0.33 0.42 0.43 0.53 0.46 0.66 0.525 0.715 0.51 0.66 0.59 0.525 0.66 0.605 0.605 0.65 0.755 0.875 0.755 0.57 0.59
-9999 -9999 -9999 -9999 -9999 -9999 0.53 0.56 0.58 0.41 0.52 0.63 0.9 0.76 0.76 0.67 0.56 0.49 0.49 0.61 0.46 0.49 0.49 0.49 0.355 0.265 0.31 0.45 0.37 0.315 0.355 0.315 0.345 0.35 0.285 0.325 0.32 0.295 0.34 0.39 0.39 0.28666667 0.26 0.28 0.315 0.39 0.27 0.21 0.36 0.37 0.435 0.38 0.44 0.315 0.36 0.415 0.51 0.36 0.385 0.385 0.34 0.415 0.39 0.6 0.54 0.465 0.685 0.66 0.57 0.66 0.66 0.715 0.59 0.66 0.54 0.68 0.795 0.755 0.7 0.615 0.58 0.66
-9999 -9999 -9999 -9999 -9999 -9999 0.52 0.47 0.58 0.66 0.66 0.6 0.68 0.67 0.69 0.605 0.45 0.5 0.7 0.66 0.47 0.47 0.49 0.37 0.315 0.215 0.3 0.345 0.33 0.31 0.29 0.305 0.34 0.36 0.315 0.29 0.39 0.35 0.34 0.35 0.295 0.27 0.265 0.315 0.295 0.285 0.27 0.28 0.295 0.315 0.325 0.315 0.305 0.295 0.28 0.47 0.49 0.43 0.335 0.29 0.29 0.45 0.475 0.475 0.53 0.425 0.54 0.54 0.6 0.51 0.56 0.525 0.54 0.52 0.54 0.525 0.71 0.665 0.61 0.715 0.57 0.57
-9999 -9999 -9999 -9999 -9999 -9999 0.55 0.53 0.49 0.47 0.66 0.61 0.61 0.69 0.605 0.49 0.38 0.47 0.5 0.5 0.52 0.49 0.42 0.45 0.33 0.255 0.33 0.3 0.245 0.245 0.25 0.26 0.34 0.39 0.32 0.36 0.355 0.34 0.35 0.295 0.29 0.27 0.27 0.22 0.345 0.28 0.265 0.22 0.315 0.37 0.33 0.39 0.295 0.295 0.325 0.45 0.47 0.45 0.26 0.33 0.39 0.455 0.45 0.45 0.59 0.675 0.56 0.685 0.525 0.525 0.52 0.54 0.56 0.52 0.52 0.52 0.59 0.47 0.475 0.525 0.52 0.465
-9999 -9999 -9999 -9999 -9999 0.48 0.52 0.53 0.52 0.55 0.47 0.58 0.65 0.6 0.7 0.55 0.55 0.7 0.49 0.46 0.37 0.35 0.35 0.29 0.275 0.285 0.26 0.27 0.255 0.285 0.295 0.315 0.29 0.28 0.345 0.36 0.32 0.345 0.3 0.295 0.265 0.28 0.27 0.27 0.27 0.315 0.345 0.315 0.335 0.39 0.38 0.325 0.26 0.285 0.36 0.39 0.39 0.33 0.35 0.335 0.415 0.35 0.45 0.46 0.55 0.54 0.54 0.6 0.525 0.54 0.54 0.52 0.475 0.53 0.455 0.6 0.47 0.44 0.395 0.435 0.395 0.46
-9999 -9999 -9999 -9999 0.35 0.42 0.53 0.52 0.52 0.49 0.53 0.57 0.51 0.695 0.68 0.64 0.66 0.5 0.49 0.295 0.37 0.32 0.305 0.295 0.265 0.29 0.15 0.17 0.24 0.265 0.29 0.295 0.285 0.28 0.295 0.34 0.295 0.33 0.23 0.27 0.28 0.25 0.325 0.305 0.265 0.35 0.35 0.37 0.33 0.38 0.28 0.38 0.265 0.275 0.285 0.39 0.33 0.29 0.28 0.345 0.365 0.36 0.38 0.425 0.455 0.56 0.54 0.455 0.455 0.53 0.415 0.415 0.44 0.39 0.395 0.395 0.46 0.49 0.375 0.53 0.46 0.54
-9999 -9999 -9999 -9999 0.295 0.355 0.44 0.43 0.52 0.58 0.58 0.655 0.58 0.7 0.57 0.7 0.7 0.7 0.5 0.355 0.325 0.325 0.35 0.34 0.32 0.27 0.1 0.105 0.17 0.24 0.24 0.26 0.295 0.305 0.315 0.295 0.345 0.27 0.26 0.27 0.28 0.27 0.27 0.265 0.315 0.29 0.35 0.32 0.32 0.315 0.29 0.26 0.25 0.26 0.22 0.37 0.34 0.315 0.315 0.28 0.325 0.39 0.415 0.355 0.435 0.6 0.55 0.425 0.605 0.44 0.375 0.44 0.41 0.35 0.39 0.44 0.465 0.375 0.36 0.465 0.465 0.59
-9999 -9999 0.42 0.43 0.42 0.36 0.49 0.49 0.5 0.59 0.51 0.57 0.56 0.53 0.74 0.61 0.48 0.4 0.5 0.38 0.345 0.315 0.33 0.35 0.255 0.305 0.225 0.23 0.26 0.355 0.32 0.305 0.315 0.35 0.365 0.43 0.34 0.305 0.315 0.35 0.5 0.46 0.39 0.265 0.295 0.29 0.36 0.34 0.39 0.325 0.23 0.265 0.265 0.24 0.24 0.325 0.37 0.315 0.36 0.27 0.35 0.365 0.345 0.425 0.4 0.4 0.375 0.375 0.58 0.435 0.38 0.375 0.355 0.405 0.26 0.37 0.38 0.315 0.36 0.355 0.34 0.415
-9999 0.34 0.36 0.41 0.335 0.42 0.41 0.37 0.43 0.5 0.48 0.55 0.56 0.55 0.7 0.48 0.43 0.335 0.48 0.44 0.365 0.33 0.35 0.35 0.315 0.285 0.255 0.335 0.355 0.39 0.42 0.34 0.35 0.4 0.4 0.43 0.45 0.345 0.38 0.35 0.32 0.335 0.39 0.35 0.315 0.33 0.39 0.39 0.305 0.315 0.31 0.325 0.345 0.43 0.45 0.33 0.275 0.29 0.35 0.355 0.315 0.29 0.35 0.31 0.425 0.3 0.275 0.44 0.44 0.405 0.44 0.415 0.44 0.44 0.33 0.42 0.375 0.375 0.44 0.395 0.415 0.325
-9999 0.38 0.41 0.355 0.365 0.41 0.47 0.58 0.63 0.7 0.56 0.6 0.55 0.5 0.53 0.5 0.49 0.43 0.44 0.48 0.335 0.31 0.32 0.35 0.345 0.26 0.345 0.385 0.39 0.385 0.43 0.385 0.38 0.41 0.4 0.355 0.355 0.355 0.39 0.325 0.325 0.315 0.45 0.315 0.36 0.4 0.345 0.39 0.35 0.335 0.335 0.31 0.37 0.38 0.33 0.42 0.39 0.39 0.35 0.33 0.38 0.275 0.345 0.3 0.375 0.315 0.35 0.415 0.395 0.375 0.435 0.44 0.44 0.39 0.31 0.35 0.415 0.34 0.36 0.44 0.34 0.36
-9999 0.41 0.4 0.345 0.44 0.46 0.45 0.51 0.6 0.68 0.75 0.59 0.615 0.39 0.44 0.5 0.46 0.42 0.34 0.45 0.295 0.39 0.355 0.37 0.315 0.345 0.355 0.37 0.41 0.38 0.46 0.41 0.46 0.395 0.42 0.45 0.43 0.37 0.315 0.39 0.335 0.32 0.39 0.325 0.41 0.345 0.43 0.335 0.275 0.32 0.27 0.33 0.295 0.38 0.345 0.38 0.335 0.38 0.36 -9999 -9999 -9999 -9999 -9999 -9999 -9999 -9999 -9999 -9999 -9999 -9999 -9999 -9999 -9999 -9999 -9999 -9999 -9999 -9999 -9999 -9999 -9999
-9999 0.385 0.305 0.385 0.415 0.445 0.41 0.53 0.53 0.61 0.6 0.63 0.65 0.65 0.52 0.52 0.43 0.46 0.345 0.345 0.335 0.315 0.34 0.315 0.31 0.335 0.41 0.41 0.42 0.4 0.44 0.53 0.54 0.46 0.5 0.37 0.31 0.35 0.345 0.39 0.315 0.305 0.39 0.325 0.33 0.47 0.45 0.38 0.37 0.29 0.34 0.33 0.28 0.325 0.43 0.43 0.295 0.345 0.39 -9999 -9999 -9999 -9999 -9999 -9999 -9999 -9999 -9999 -9999 -9999 -9999 -9999 -9999 -9999 -9999 -9999 -9999 -9999 -9999 -9999 -9999 -9999
-9999 -9999 0.355 0.41 0.35 0.35 0.43 0.43 0.53 0.58 0.7 0.47 0.525 0.525 0.53 0.53 0.51 0.42 0.34 0.335 0.35 0.35 0.275 0.355 0.38 0.41 0.44 0.41 0.46 0.52 0.44 0.49 0.54 0.49 0.44 0.44 0.42 0.41 0.4 0.35 0.345 0.345 0.44 0.315 0.315 0.53 0.39 0.345 0.33 0.24 0.29 0.35 0.39 0.35 0.39 0.45 0.39 0.39 -9999 -9999 -9999 -9999 -9999 -9999 -9999 -9999 -9999 -9999 -9999 -9999 -9999 -9999 -9999 -9999 -9999 -9999 -9999 -9999 -9999 -9999 -9999 -9999
-9999 -9999 0.28 0.335 0.41 0.29 0.405 0.38 0.43 0.525 0.615 0.55 0.43 0.425 0.54 0.49 0.49 0.41 0.355 0.375 0.36 0.29 0.32 0.38 0.43 0.43 0.44 0.46 0.55 0.52 0.46 0.5 0.55 0.46 0.4 0.44 0.43 0.46 0.355 0.335 0.365 0.47 0.48 0.43 0.48 0.47 0.44 0.53 0.44 0.22 0.34 0.35 0.44 0.42 0.345 0.51 0.46 0.43 -9999 -9999 -9999 -9999 -9999 -9999 -9999 -9999 -9999 -9999 -9999 -9999 -9999 -9999 -9999 -9999 -9999 -9999 -9999 -9999 -9999 -9999 -9999 -9999
-9999 -9999 0.26 0.29 0.39 0.355 0.395 0.405 0.53 0.525 0.605 0.575 0.37 0.335 0.545 0.47 0.445 0.395 0.35 0.41 0.28 0.29 0.395 0.405 0.49 0.41 0.41 0.52 0.7 0.65 0.55 0.56 0.49 0.52 0.49 0.43 0.36 0.435 0.355 0.4 0.47 0.56 0.51 0.48 0.47 0.57 0.66 0.65 0.55 0.39 0.47 0.39 0.43 0.41 0.43 0.51 0.55 0.46 -9999 -9999 -9999 -9999 -9999 -9999 -9999 -9999 -9999 -9999 -9999 -9999 -9999 -9999 -9999 -9999 -9999 -9999 -9999 -9999 -9999 -9999 -9999 -9999
-9999 0.27 0.22 0.26 0.295 0.305 0.4 0.415 0.53 0.585 0.515 0.53 0.405 0.32 0.395 0.35 0.28 0.355 0.295 0.285 0.32 0.35 0.415 0.46 0.49 0.475 0.52 0.49 0.65 0.56 0.575 0.545 0.605 0.55 0.65 0.46 0.365 0.395 0.345 0.45 0.54 0.45 0.4 0.45 0.41 0.53 0.57 0.51 0.51 0.48 0.44 0.47 0.48 0.48 0.47 0.47 0.52 -9999 -9999 -9999 -9999 -9999 -9999 -9999 -9999 -9999 -9999 -9999 -9999 -9999 -9999 -9999 -9999 -9999 -9999 -9999 -9999 -9999 -9999 -9999 -9999 -9999
-9999 0.23 0.19 0.2 0.26 0.355 0.335 0.33 0.38 0.42 0.35 0.42 0.38 0.38 0.36 0.355 0.34 0.315 0.26 0.33 0.38 0.405 0.445 0.455 0.44 0.495 0.485 0.59 0.525 0.53 0.63 0.545 0.56 0.52 0.47 0.35 0.41 0.345 0.415 0.515 0.53 0.47 0.41 0.45 0.57 0.69 0.46 0.55 0.55 0.69 0.69 0.62 0.79 0.69 0.62 0.5 0.53 -9999 -9999 -9999 -9999 -9999 -9999 -9999 -9999 -9999 -9999 -9999 -9999 -9999 -9999 -9999 -9999 -9999 -9999 -9999 -9999 -9999 -9999 -9999 -9999 -9999
-9999 0.245 0.245 0.23 0.265 0.265 0.29 0.285 0.335 0.3 0.29 0.385 0.365 0.345 0.395 0.285 0.24 0.295 0.36 0.395 0.345 0.36 0.435 0.435 0.43 0.575 0.525 0.5 0.585 0.6 0.575 0.505 0.66 0.575 0.425 0.42 0.42 0.415 0.425 0.525 0.51 0.53 0.47 0.53 0.49 0.71 0.63 0.64 0.74 0.56 0.55 0.58 0.73 0.78 0.77 0.53 -9999 -9999 -9999 -9999 -9999 -9999 -9999 -9999 -9999 -9999 -9999 -9999 -9999 -9999 -9999 -9999 -9999 -9999 -9999 -9999 -9999 -9999 -9999 -9999 -9999 -9999
-9999 0.23 0.31 0.21 0.22 0.26 0.335 0.3 0.285 0.28 0.365 0.395 0.29 0.325 0.345 0.285 0.325 0.32 0.37 0.345 0.385 0.355 0.405 0.4 0.405 0.575 0.57 0.68 0.7 0.555 0.575 0.57 0.73 0.59 0.615 0.54 0.68 0.63 0.505 0.545 0.42 0.48 0.48 0.62 0.71 0.64 0.74 0.8 0.79 0.74 0.62 0.6 0.74 0.79 0.6 0.52 0.55 -9999 -9999 -9999 -9999 -9999 -9999 -9999 -9999 -9999 -9999 -9999 -9999 -9999 -9999 -9999 -9999 -9999 -9999 -9999 -9999 -9999 -9999 -9999 -9999 -9999
-9999 0.21 0.25 0.25 0.27 0.32 0.32 0.305 0.335 0.305 0.365 0.41 0.285 0.29 0.355 0.28 0.3 0.355 0.4 0.39 0.44 0.35 0.435 0.35 0.43 0.59 0.59 0.68 0.62 0.57 0.605 0.515 0.56 0.615 0.68 0.66 0.76 0.54 0.575 0.575 0.58 0.71 0.6 0.8 0.64 0.53 0.6 0.63 0.63 0.81 0.55 0.61 0.6 0.6 0.7 0.46 0.6 -9999 -9999 -9999 -9999 -9999 -9999 -9999 -9999 -9999 -9999 -9999 -9999 -9999 -9999 -9999 -9999 -9999 -9999 -9999 -9999 -9999 -9999 -9999 -9999 -9999
-9999 0.275 0.28 0.245 0.28 0.305 0.395 0.395 0.335 0.36 0.325 0.36 0.29 0.325 0.385 0.275 0.31 0.375 0.41 0.38 0.405 0.445 0.45 0.35 0.42 0.62 0.68 0.605 0.575 0.67 0.66 0.605 0.55 0.59 0.59 0.7 0.825 0.61 0.565 0.62 0.62 0.74 0.64 0.74 0.6 0.62 0.73 0.63 0.6 0.6 0.46 0.6 0.63 0.63 0.62 0.48 0.55 -9999 -9999 -9999 -9999 -9999 -9999 -9999 -9999 -9999 -9999 -9999 -9999 -9999 -9999 -9999 -9999 -9999 -9999 -9999 -9999 -9999 -9999 -9999 -9999 -9999
0.23 0.25 0.28 0.23 0.28 0.305 0.345 0.395 0.365 0.36 0.325 0.36 0.29 0.29 0.385 0.275 0.31 0.375 0.38 0.38 0.405 0.445 0.45 0.35 0.42 0.62 0.68 0.605 0.575 0.67 0.66 0.605 0.575 0.595 0.59 0.7 0.825 0.61 0.565 0.62 0.62 0.74 0.64 0.74 0.6 0.62 0.73 0.63 0.6 0.6 0.46 0.6 0.63 0.63 0.62 0.46 0.55 0.23 -9999 -9999 -9999 -9999 -9999 -9999 -9999 -9999 -9999 -9999 -9999 -9999 -9999 -9999 -9999 -9999 -9999 -9999 -9999 -9999 -9999 -9999 -9999 -9999
0.23 0.27 0.275 0.265 0.26 0.325 0.345 0.385 0.355 0.36 0.355 0.3 0.3 0.325 0.41 0.305 0.3 0.37 0.375 0.41 0.41 0.405 0.35 0.44 0.49 0.68 0.56 0.575 0.65 0.61 0.595 0.57 0.62 0.68 0.615 0.66 0.695 0.595 0.63 0.67 0.63 0.64 0.62 0.78 0.73 0.77 0.82 0.64 0.64 0.74 0.7 0.63 0.63 0.62 0.55 0.41 0.57 0.69 0.185 0.22 -9999 -9999 -9999 -9999 -9999 -9999 -9999 -9999 -9999 -9999 -9999 -9999 -9999 -9999 -9999 -9999 -9999 -9999 -9999 -9999 -9999 -9999
-9999 0.22 0.26 0.28 0.28 0.295 0.305 0.385 0.285 0.36 0.285 0.3 0.29 0.355 0.39 0.325 0.38 0.385 0.41 0.38 0.395 0.4 0.395 0.42 0.46 0.64 0.54 0.605 0.565 0.64 0.73 0.74 0.65 0.575 0.575 0.61 0.61 0.68 0.66 0.64 0.82 0.83 0.74 0.63 0.82 0.82 0.84 0.94 0.84 0.89 0.59 0.63 0.6 0.61 0.54 0.51 0.61 0.6 0.51 -9999 -9999 -9999 -9999 -9999 -9999 -9999 -9999 -9999 -9999 -9999 -9999 -9999 -9999 -9999 -9999 -9999 -9999 -9999 -9999 -9999 -9999 -9999
-9999 -9999 0.315 0.265 0.28 0.26 0.29 0.395 0.365 0.365 0.355 0.365 0.285 0.315 0.355 0.385 0.365 0.365 0.405 0.415 0.35 0.365 0.37 0.445 0.49 0.63 0.59 0.66 0.67 0.72 0.58 0.61 0.58 0.615 0.595 0.58 0.62 0.58 0.69 0.82 0.88 0.88 0.9 0.68 0.79 0.93 0.94 0.83 0.77 0.79 0.66 0.48 0.63 0.62 0.62 0.69 0.55 0.48 -9999 -9999 -9999 -9999 -9999 -9999 -9999 -9999 -9999 -9999 -9999 -9999 -9999 -9999 -9999 -9999 -9999 -9999 -9999 -9999 -9999 -9999 -9999 -9999
-9999 -9999 -9999 -9999 -9999 -9999 -9999 -9999 -9999 0.355 0.295 0.355 0.335 0.29 0.365 0.305 0.355 0.355 0.41 0.4 0.37 0.365 0.345 0.35 0.44 0.605 0.64 0.595 0.65 0.65 0.65 0.66 0.61 0.68 0.75 0.87 0.72 0.805 0.805 0.89 0.78 0.82 0.82 0.755 0.93 0.86 0.84 0.67 0.81 0.65 0.57 0.46 0.71 0.62 0.49 0.69 0.47 0.57 0.48 -9999 -9999 -9999 -9999 -9999 -9999 -9999 -9999 -9999 -9999 -9999 -9999 -9999 -9999 -9999 -9999 -9999 -9999 -9999 -9999 -9999 -9999 -9999
-9999 -9999 -9999 -9999 -9999 -9999 -9999 -9999 -9999 0.33 0.335 0.34 0.365 0.285 0.34 0.32 0.365 0.38 0.365 0.385 0.365 0.41 0.4 0.47 0.455 0.64 0.615 0.65 0.58 0.76 0.595 0.575 0.595 0.66 0.8 0.97 0.73 0.71 0.78 0.67 0.73 0.82 0.81 0.74 0.73 0.84 0.82 0.67 0.72 0.61 0.62 0.4 0.57 0.6 0.69 0.55 0.51 0.69 0.55 0.235 -9999 -9999 -9999 -9999 -9999 -9999 -9999 -9999 -9999 -9999 -9999 -9999 -9999 -9999 -9999 -9999 -9999 -9999 -9999 -9999 -9999 -9999
-9999 -9999 -9999 -9999 -9999 -9999 -9999 -9999 -9999 0.33 0.355 0.29 0.295 0.31 0.235 0.305 0.385 0.35 0.415 0.4 0.35 0.405 0.435 0.41 0.415 0.54 0.65 0.61 0.67 0.58 0.65 0.67 0.76 0.75 0.71 0.825 0.91 0.865 0.77 0.93 0.76 0.91 0.84 0.73 0.7 1 0.84 0.91 0.94 0.64 0.6 0.64 0.62 0.57 0.53 0.46 0.61 0.52 0.69 0.42 -9999 -9999 -9999 -9999 -9999 -9999 -9999 -9999 -9999 -9999 -9999 -9999 -9999 -9999 -9999 -9999 -9999 -9999 -9999 -9999 -9999 -9999
-9999 -9999 -9999 -9999 -9999 -9999 -9999 -9999 -9999 -9999 0.285 0.305 0.295 0.3 0.3 0.32 0.365 0.405 0.405 0.405 0.43 0.405 0.49 0.42 0.35 0.59 0.595 0.75 0.58 0.58 0.76 0.73 0.92 0.85 0.84 0.84 0.71 0.8 0.84 0.88 0.83 0.87 0.84 0.84 0.86 0.95 0.98 0.67 0.73 0.73 0.6 0.62 0.78 0.56 0.55 0.62 0.63 0.62 0.53 0.44 -9999 -9999 -9999 -9999 -9999 -9999 -9999 -9999 -9999 -9999 -9999 -9999 -9999 -9999 -9999 -9999 -9999 -9999 -9999 -9999 -9999 -9999
-9999 -9999 -9999 -9999 -9999 -9999 -9999 -9999 -9999 -9999 0.26 0.27 0.285 0.31 0.22 0.32 0.395 0.365 0.405 0.415 0.405 0.44 0.68 0.61 0.505 0.535 0.76 0.76 0.73 0.76 0.72 0.79 0.99 0.77 0.85 1.03 1.03 1.01 0.95 0.91 0.99 1.2 1.25 0.98 0.95 0.73 0.73 0.83 0.84 0.73 0.67 0.68 0.72 0.77 0.82 0.65 0.73 0.63 0.47 0.355 -9999 -9999 -9999 -9999 -9999 -9999 -9999 -9999 -9999 -9999 -9999 -9999 -9999 -9999 -9999 -9999 -9999 -9999 -9999 -9999 -9999 -9999
