GIS/bfa_beta.asc
ncols         173
nrows         126
xllcorner     224227.65281
yllcorner     1039207.04677
cellsize      5000
NODATA_value  -9999
[rows 34 to 67 of 126, columns 0 to 76 of 173]
-9999 -9999 -9999 -9999 -9999 -9999 -9999 -9999 -9999 -9999 -9999 -9999 -9999 -9999 -9999 -9999 -9999 -9999 -9999 -9999 -9999 -9999 -9999 -9999 -9999 -9999 -9999 -9999 -9999 -9999 -9999 -9999 -9999 -9999 -9999 -9999 -9999 -9999 -9999 -9999 -9999 -9999 -9999 -9999 -9999 -9999 -9999 -9999 -9999 0.202 0.188 0.184 0.188 0.2151 0.2022 0.157 0.16 0.16 0.126 0.164 0.11065 0.13 0.131 0.126 0.115 0.114 0.115 0.078 0.086 0.095 0.099 0.096 0.131 0.112 0.12 0.163 0.114
-9999 -9999 -9999 -9999 -9999 -9999 -9999 -9999 -9999 -9999 -9999 -9999 -9999 -9999 -9999 -9999 -9999 -9999 -9999 -9999 -9999 -9999 -9999 -9999 -9999 -9999 -9999 -9999 -9999 -9999 -9999 -9999 -9999 -9999 -9999 -9999 -9999 -9999 -9999 -9999 -9999 -9999 -9999 -9999 -9999 -9999 -9999 -9999 -9999 0.183 0.2164 0.1895 0.195 0.183 0.211 0.16 0.138 0.2021 0.121 0.123 0.146 0.117 0.121 0.129 0.121 0.108 0.099 0.112 0.095 0.098 0.134 0.114 0.125 0.113 0.102 0.116 0.128
-9999 -9999 -9999 -9999 -9999 -9999 -9999 -9999 -9999 -9999 -9999 -9999 -9999 -9999 -9999 -9999 -9999 -9999 -9999 -9999 -9999 -9999 -9999 -9999 -9999 -9999 -9999 -9999 -9999 -9999 -9999 -9999 -9999 -9999 0.271 -9999 -9999 -9999 -9999 -9999 -9999 -9999 -9999 -9999 -9999 -9999 -9999 -9999 -9999 0.211 0.2 0.169 0.151 0.21 0.2015 0.2021 0.157 0.123 0.158 0.164 0.097 0.123 0.158 0.1066 0.115 0.101 0.11 0.103 0.103 0.098 0.111 0.0905 0.108 0.1045 0.107 0.113 0.125
-9999 -9999 -9999 -9999 -9999 -9999 -9999 -9999 -9999 -9999 -9999 -9999 -9999 -9999 -9999 -9999 -9999 -9999 -9999 -9999 -9999 -9999 -9999 -9999 -9999 -9999 -9999 -9999 -9999 -9999 -9999 -9999 0.202 0.273 -9999 -9999 -9999 -9999 -9999 -9999 -9999 -9999 -9999 -9999 -9999 -9999 -9999 -9999 -9999 0.2149 0.2166 0.168 0.186 0.168 0.2015 0.2021 0.114 0.117 0.163 0.117 0.117 0.123 0.121 0.132 0.111 0.109 0.108 0.108 0.108 0.103 0.089 0.0961 0.089 0.11 0.109 0.095 0.101
-9999 -9999 -9999 -9999 -9999 -9999 -9999 -9999 -9999 -9999 -9999 -9999 -9999 -9999 -9999 -9999 -9999 -9999 -9999 -9999 -9999 -9999 -9999 -9999 -9999 -9999 -9999 -9999 -9999 -9999 -9999 0.2159 0.302 0.265 0.25 0.279 0.277 0.3097 -9999 -9999 -9999 -9999 -9999 -9999 -9999 -9999 -9999 -9999 -9999 -9999 0.2012 0.14 0.2021 0.164 0.126 0.126 0.121 0.096 0.122 0.167 0.117 0.114 0.1064 0.117 0.107 0.089 0.106 0.099 0.103 0.086 0.089 0.097 0.098 0.113 0.106 0.097 0.106
-9999 -9999 -9999 -9999 -9999 -9999 -9999 -9999 -9999 -9999 -9999 -9999 -9999 -9999 -9999 -9999 -9999 -9999 -9999 -9999 -9999 -9999 -9999 -9999 -9999 -9999 -9999 -9999 -9999 -9999 -9999 0.302 0.231 0.213 0.272 0.3 0.3095 0.3106 0.33 -9999 -9999 -9999 -9999 -9999 -9999 -9999 -9999 -9999 -9999 -9999 0.192 0.1895 0.177 0.2012 0.138 0.121 0.158 0.126 0.11 0.131 0.117 0.097 0.0966 0.129 0.11 0.089 0.125 0.099 0.095 0.089 0.098 0.103 0.107 0.108 0.108 0.094 0.089
-9999 -9999 -9999 -9999 -9999 -9999 -9999 -9999 -9999 -9999 -9999 -9999 -9999 -9999 -9999 -9999 -9999 -9999 -9999 -9999 -9999 -9999 -9999 -9999 -9999 -9999 -9999 -9999 -9999 0.28 0.266 0.278 0.3 0.203 0.24 0.3095 0.4101 0.3095 0.3093 0.32 -9999 -9999 -9999 -9999 -9999 -9999 0.159 0.2179 0.2164 0.195 0.2164 0.176 0.2164 0.2164 0.2021 0.164 0.121 0.099 0.115 0.1195 0.116 0.125 0.1069 0.086 0.12 0.091 0.127 0.118 0.108 0.105 0.105 0.113 0.099 0.099 0.103 0.1 0.097
-9999 -9999 -9999 -9999 -9999 -9999 -9999 -9999 -9999 -9999 -9999 -9999 -9999 -9999 -9999 -9999 -9999 -9999 -9999 -9999 -9999 -9999 -9999 -9999 -9999 -9999 -9999 -9999 0.202 0.3097 0.278 0.295 0.263 0.2162 0.3087 0.3096 0.23 0.3104 0.3088 0.3107 0.3094 0.202 -9999 -9999 -9999 -9999 0.167 0.187 0.2025 0.2024 0.168 0.181 0.2164 0.137 0.2015 0.126 0.123 0.167 0.107 0.096 0.125 0.107 0.1045 0.095 0.095 0.095 0.089 0.105 0.097 0.099 0.103 0.084 0.095 0.084 0.089 0.086 0.0901
-9999 -9999 -9999 -9999 -9999 -9999 -9999 -9999 -9999 -9999 -9999 -9999 -9999 -9999 -9999 -9999 -9999 -9999 -9999 -9999 -9999 -9999 -9999 -9999 -9999 -9999 -9999 0.2012 0.2177 0.292 0.29 0.215 0.2075 0.222 0.2159 0.3097 0.23 0.33 0.33 0.33 0.2159 0.202 0.204 -9999 -9999 -9999 0.132 0.2161 0.1895 0.21 0.2021 0.168 0.137 0.161 0.2166 0.1052 0.099 0.097 0.116 0.1053 0.099 0.08 0.102 0.083 0.095 0.107 0.108 0.106 0.094 0.086 0.092 0.087 0.103 0.089 0.081 0.102 0.095
-9999 -9999 -9999 -9999 -9999 -9999 -9999 -9999 -9999 -9999 -9999 -9999 -9999 -9999 -9999 -9999 -9999 -9999 -9999 -9999 -9999 -9999 -9999 -9999 -9999 -9999 0.137 0.2164 0.206 0.25 0.218 0.265 0.2158 0.216 0.28 0.2159 0.3097 0.3087 0.27 0.44 0.3087 0.2159 0.27 0.222 0.265 0.183 0.162 0.214 0.189 0.2012 0.159 0.2166 0.176 0.167 0.173 0.158 0.097 0.123 0.137 0.13 0.0907 0.10965 0.0897 0.086 0.098 0.106 0.114 0.086 0.086 0.082 0.094 0.101 0.085 0.086 0.083 0.096 0.083
-9999 -9999 -9999 -9999 -9999 -9999 -9999 -9999 -9999 -9999 -9999 -9999 -9999 -9999 -9999 -9999 -9999 -9999 -9999 -9999 -9999 -9999 -9999 -9999 -9999 -9999 -9999 0.2158 0.195 0.215 0.219 0.221 0.221 0.225 0.216 0.3098 0.31 0.2154 0.24 0.156 0.211 0.20315 0.204 0.24 0.219 0.152 0.163 0.182 0.19 0.167 0.2015 0.137 0.137 0.16 0.126 0.114 0.13 0.115 0.097 0.1057 0.1052 0.1065 0.125 0.101 0.095 0.096 0.095 0.109 0.096 0.085 0.096 0.11 0.082 0.0666 0.076 0.086 0.096
-9999 -9999 -9999 -9999 -9999 -9999 -9999 -9999 -9999 -9999 -9999 -9999 -9999 -9999 -9999 -9999 -9999 -9999 -9999 -9999 -9999 -9999 -9999 -9999 -9999 -9999 -9999 0.1895 0.2179 0.188 0.263 0.211 0.178 0.2155 0.217 0.202 0.3098 0.3098 0.225 0.2157 0.20315 0.2179 0.184 0.214 0.19 0.149 0.161 0.21 0.181 0.138 0.169 0.137 0.2015 0.155 0.128 0.164 0.097 0.1053 0.123 0.121 0.107 0.099 0.117 0.121 0.093 0.1045 0.098 0.107 0.096 0.1045 0.094 0.083 0.085 0.064 0.088 0.075 0.11
-9999 -9999 -9999 -9999 -9999 -9999 -9999 -9999 -9999 -9999 -9999 -9999 -9999 -9999 -9999 -9999 -9999 -9999 -9999 -9999 -9999 -9999 -9999 -9999 -9999 -9999 -9999 -9999 0.263 0.213 0.263 0.217 0.2158 0.20685 0.229 0.156 0.202 0.261 0.217 0.217 0.217 0.2171 0.229 0.261 0.20315 0.158 0.162 0.139 0.169 0.21 0.2164 0.1895 0.17 0.16 0.165 0.123 0.164 0.125 0.118 0.121 0.106 0.1069 0.129 0.1064 0.089 0.091 0.095 0.089 0.0905 0.086 0.091 0.087 0.116 0.1 0.0669 0.071 0.089
-9999 -9999 -9999 -9999 -9999 -9999 -9999 -9999 -9999 -9999 -9999 -9999 -9999 -9999 -9999 -9999 -9999 -9999 -9999 -9999 -9999 -9999 -9999 -9999 -9999 -9999 -9999 -9999 0.223 0.219 0.263 0.18 0.2168 0.223 0.223 0.2151 0.2168 0.2149 0.2158 0.217 0.223 0.2029 0.229 0.193 0.2166 0.176 0.147 0.137 0.137 0.159 0.169 0.169 0.155 0.121 0.165 0.158 0.099 0.1069 0.107 0.096 0.119 0.116 0.125 0.098 0.089 0.134 0.086 0.095 0.086 0.087 0.096 0.077 0.088 0.094 0.096 0.07 0.102
-9999 -9999 -9999 -9999 -9999 -9999 -9999 -9999 -9999 -9999 -9999 -9999 -9999 -9999 -9999 -9999 -9999 -9999 -9999 -9999 -9999 -9999 -9999 -9999 -9999 -9999 -9999 -9999 0.1895 0.223 0.219 0.196 0.20315 0.2151 0.211 0.2179 0.20315 0.2014 0.2179 0.2164 0.2172 0.2161 0.2168 0.222 0.2161 0.2166 0.157 0.139 0.166 0.161 0.2024 0.2012 0.2026 0.2021 0.14 0.1066 0.117 0.11065 0.115 0.1052 0.122 0.12 0.108 0.109 0.098 0.109 0.116 0.098 0.101 0.08 0.087 0.07 0.086 0.1 0.098 0.112 0.114
-9999 -9999 -9999 -9999 -9999 -9999 -9999 -9999 -9999 -9999 -9999 -9999 -9999 -9999 -9999 -9999 -9999 -9999 -9999 -9999 -9999 -9999 -9999 -9999 -9999 -9999 -9999 -9999 0.182 0.19 0.193 0.229 0.2172 0.227 0.217 0.2019 0.161 0.211 0.233 0.2166 0.193 0.182 0.2156 0.2014 0.169 0.2 0.2021 0.195 0.2012 0.2164 0.2161 0.21 0.133 0.164 0.2021 0.097 0.11065 0.117 0.103 0.1052 0.107 0.111 0.0966 0.127 0.098 0.086 0.093 0.081 0.096 0.093 0.09 0.102 0.089 0.103 0.109 0.112 0.12
-9999 -9999 -9999 -9999 -9999 -9999 -9999 -9999 -9999 -9999 -9999 -9999 -9999 -9999 -9999 -9999 -9999 -9999 -9999 -9999 -9999 -9999 -9999 -9999 -9999 -9999 -9999 -9999 0.18665 0.2025 0.2024 0.194 0.20315 0.217 0.211 0.195 0.2012 0.189 0.2179 0.167 0.2165 0.19 0.184 0.195 0.224 0.175 0.192 0.212 0.18665 0.181 0.174 0.148 0.173 0.164 0.114 0.133 0.126 0.106 0.1054 0.121 0.121 0.1057 0.092 0.107 0.098 0.1045 0.1045 0.082 0.09 0.09 0.101 0.094 0.093 0.093 0.0899 0.101 0.11
-9999 -9999 -9999 -9999 -9999 -9999 -9999 -9999 -9999 -9999 -9999 -9999 -9999 -9999 -9999 -9999 -9999 -9999 -9999 -9999 -9999 -9999 -9999 -9999 -9999 -9999 -9999 -9999 0.177 0.20315 0.157 0.192 0.168 0.184 0.18 0.184 0.155 0.167 0.2164 0.176 0.2165 0.182 0.2012 0.223 0.20315 0.2179 0.212 0.167 0.179 0.2028 0.114 0.128 0.15 0.151 0.133 0.1195 0.1195 0.116 0.099 0.1069 0.096 0.0954 0.1057 0.108 0.118 0.1 0.095 0.092 0.093 0.096 0.102 0.089 0.082 0.097 0.086 0.087 0.087
-9999 -9999 -9999 -9999 -9999 -9999 -9999 -9999 -9999 -9999 -9999 -9999 -9999 -9999 -9999 -9999 -9999 -9999 -9999 -9999 -9999 -9999 -9999 -9999 0.165 0.21 -9999 -9999 0.1895 0.159 0.15 0.1895 0.192 0.192 0.193 0.182 0.174 0.166 0.2164 0.178 0.2172 0.20315 0.2011 0.2162 0.20315 0.196 0.142 0.169 0.157 0.14 0.128 0.2021 0.164 0.115 0.121 0.114 0.111 0.098 0.125 0.099 0.105 0.089 0.089 0.098 0.091 0.101 0.082 0.085 0.101 0.088 0.077 0.073 0.08 0.086 0.098 0.073 0.073
-9999 -9999 -9999 -9999 -9999 -9999 -9999 -9999 -9999 -9999 -9999 -9999 -9999 -9999 -9999 -9999 -9999 -9999 -9999 -9999 -9999 -9999 -9999 0.128 0.186 0.137 0.2015 0.14 0.2165 0.157 0.2161 0.137 0.195 0.1895 0.17 0.149 0.173 0.155 0.157 0.159 0.2171 0.2014 0.2158 0.2168 0.182 0.182 0.152 0.223 0.168 0.2021 0.136 0.114 0.164 0.163 0.097 0.0965 0.125 0.11 0.1057 0.1057 0.096 0.102 0.1 0.099 0.101 0.097 0.1045 0.084 0.0679 0.07 0.061 0.0667 0.076 0.094 0.092 0.073 0.064
-9999 -9999 -9999 -9999 -9999 -9999 -9999 -9999 -9999 -9999 -9999 -9999 -9999 -9999 -9999 -9999 -9999 -9999 -9999 -9999 -9999 -9999 -9999 0.162 0.133 0.168 0.157 0.155 0.2012 0.194 0.2025 0.159 0.167 0.17 0.2024 0.176 0.159 0.178 0.2015 0.2166 0.2151 0.2179 0.2164 0.214 0.181 0.197 0.166 0.2024 0.159 0.159 0.156 0.127 0.133 0.134 0.128 0.099 0.111 0.0965 0.1057 0.111 0.096 0.102 0.095 0.086 0.087 0.088 0.094 0.101 0.075 0.0892 0.075 0.0671 0.079 0.09 0.084 0.0671 0.075
-9999 -9999 -9999 -9999 -9999 -9999 -9999 -9999 -9999 -9999 -9999 -9999 -9999 -9999 -9999 -9999 -9999 -9999 -9999 -9999 -9999 -9999 -9999 -9999 0.186 0.137 0.157 0.215 0.151 0.151 0.178 0.139 0.138 0.121 0.11065 0.165 0.162 0.2021 0.2015 0.21 0.166 0.186 0.166 0.159 0.142 0.129 0.166 0.159 0.137 0.14 0.137 0.146 0.123 0.121 0.158 0.117 0.132 0.096 0.099 0.122 0.1069 0.096 0.095 0.083 0.087 0.083 0.103 0.0959 0.0652 0.077 0.079 0.064 0.068 0.075 0.0664 0.062 0.0608
-9999 -9999 -9999 -9999 -9999 -9999 -9999 -9999 -9999 -9999 -9999 -9999 -9999 -9999 -9999 -9999 -9999 -9999 -9999 -9999 -9999 -9999 -9999 -9999 -9999 0.2015 0.169 0.186 0.2015 0.178 0.2026 0.143 0.2021 0.136 0.2026 0.162 0.16 0.164 0.114 0.16 0.165 0.2021 0.165 0.165 0.185 0.173 0.161 0.2021 0.128 0.123 0.133 0.133 0.114 0.12 0.1064 0.109 0.1057 0.111 0.099 0.1064 0.1067 0.134 0.098 0.099 0.086 0.102 0.083 0.0896 0.073 0.086 0.081 0.084 0.067 0.065 0.066 0.066 0.055
-9999 -9999 -9999 -9999 -9999 -9999 -9999 -9999 -9999 -9999 -9999 -9999 -9999 -9999 -9999 -9999 -9999 -9999 -9999 -9999 -9999 -9999 -9999 -9999 0.2028 0.1895 0.215 0.155 0.166 0.21 0.155 0.143 0.16 0.14 0.2026 0.151 0.165 0.2021 0.126 0.114 0.13 0.164 0.163 0.124 0.14 0.139 0.147 0.14 0.2021 0.128 0.114 0.128 0.135 0.163 0.096 0.125 0.1057 0.0951 0.1057 0.135 0.104 0.089 0.134 0.1045 0.097 0.109 0.074 0.0572 0.1061 0.09 0.084 0.09 0.0671 0.0617 0.069 0.064 0.063
-9999 -9999 -9999 -9999 -9999 -9999 -9999 -9999 -9999 -9999 -9999 -9999 -9999 -9999 -9999 -9999 -9999 -9999 -9999 -9999 -9999 -9999 -9999 -9999 0.175 0.176 0.2028 0.159 0.137 0.2026 0.186 0.129 0.178 0.186 0.14 0.2021 0.162 0.185 0.114 0.121 0.138 0.123 0.097 0.12 0.131 0.115 0.147 0.144 0.164 0.117 0.123 0.13 0.158 0.1057 0.098 0.096 0.107 0.1064 0.106 0.106 0.089 0.095 0.106 0.112 0.116 0.098 0.103 0.092 0.092 0.082 0.082 0.082 0.078 0.0671 0.091 0.071 0.0611
-9999 -9999 -9999 -9999 -9999 -9999 -9999 -9999 -9999 -9999 -9999 -9999 -9999 -9999 -9999 -9999 -9999 -9999 -9999 -9999 -9999 -9999 -9999 -9999 0.16 0.152 0.2015 0.2166 0.137 0.181 0.156 0.173 0.142 0.174 0.178 0.133 0.123 0.132 0.138 0.099 0.1064 0.1066 0.1064 0.126 0.115 0.125 0.175 0.148 0.164 0.2021 0.2021 0.16 0.117 0.096 0.106 0.114 0.1066 0.116 0.116 0.121 0.118 0.11 0.1045 0.101 0.106 0.087 0.086 0.07 0.078 0.09 0.091 0.081 0.082 0.082 0.0673 0.084 0.0607
-9999 -9999 -9999 -9999 -9999 -9999 -9999 -9999 -9999 -9999 -9999 -9999 -9999 -9999 -9999 -9999 -9999 -9999 -9999 -9999 -9999 -9999 -9999 -9999 0.176 0.166 0.137 0.2156 0.16 0.133 0.135 0.175 0.15 0.158 0.163 0.141 0.121 0.12 0.097 0.107 0.118 0.134 0.121 0.126 0.1066 0.097 0.117 0.13 0.146 0.156 0.2021 0.126 0.121 0.099 0.1066 0.1066 0.126 0.106 0.1057 0.114 0.121 0.102 0.099 0.1 0.081 0.088 0.094 0.081 0.078 0.085 0.082 0.082 0.106 0.082 0.084 0.063 0.067
-9999 -9999 -9999 -9999 -9999 -9999 -9999 -9999 -9999 -9999 -9999 -9999 -9999 -9999 -9999 -9999 -9999 -9999 -9999 -9999 -9999 -9999 -9999 0.166 0.21 0.161 0.175 0.2021 0.123 0.126 0.136 0.16 0.16 0.163 0.141 0.164 0.163 0.121 0.117 0.099 0.099 0.121 0.114 0.121 0.097 0.121 0.121 0.117 0.137 0.133 0.133 0.133 0.123 0.126 0.11065 0.11065 0.1052 0.1057 0.0905 0.0905 0.097 0.12 0.089 0.084 0.0673 0.092 0.087 0.081 0.089 0.106 0.084 0.089 0.097 0.076 0.0679 0.0671 0.073
-9999 -9999 -9999 -9999 -9999 -9999 -9999 -9999 -9999 -9999 -9999 -9999 -9999 -9999 -9999 -9999 -9999 -9999 -9999 -9999 -9999 -9999 0.2024 0.2151 0.2166 0.157 0.168 0.176 0.159 0.186 0.164 0.162 0.148 0.123 0.119 0.129 0.121 0.164 0.111 0.118 0.097 0.126 0.143 0.115 0.126 0.123 0.158 0.114 0.133 0.152 0.185 0.145 0.116 0.139 0.11065 0.122 0.0905 0.1062 0.1066 0.135 0.135 0.1053 0.125 0.105 0.085 0.0673 0.091 0.093 0.087 0.098 0.1 0.079 0.079 0.083 0.0679 0.09 0.0673
-9999 -9999 -9999 -9999 -9999 -9999 -9999 -9999 -9999 -9999 -9999 -9999 -9999 -9999 -9999 -9999 -9999 -9999 -9999 -9999 -9999 0.2166 0.182 0.185 0.2166 0.178 0.2028 0.147 0.166 0.2015 0.129 0.147 0.169 0.152 0.138 0.145 0.157 0.122 0.105 0.107 0.121 0.163 0.126 0.126 0.129 0.165 0.121 0.13 0.185 0.165 0.146 0.133 0.117 0.134 0.125 0.1053 0.122 0.0969 0.163 0.129 0.152 0.123 0.116 0.0966 0.095 0.102 0.082 0.084 0.073 0.068 0.093 0.086 0.096 0.078 0.091 0.082 0.094
-9999 -9999 -9999 -9999 -9999 -9999 -9999 -9999 -9999 -9999 -9999 -9999 -9999 -9999 -9999 -9999 -9999 -9999 -9999 -9999 -9999 0.181 0.184 0.64 0.182 0.1895 0.174 0.157 0.159 0.212 0.177 0.148 0.163 0.147 0.129 0.143 0.1066 0.116 0.125 0.099 0.114 0.158 0.123 0.123 0.126 0.14 0.164 0.128 0.135 0.129 0.12 0.121 0.121 0.099 0.1064 0.117 0.099 0.0965 0.116 0.152 0.114 0.136 0.125 0.118 0.103 0.088 0.09 0.094 0.0679 0.058 0.096 0.089 0.097 0.08 0.082 0.082 0.091
-9999 -9999 -9999 -9999 -9999 -9999 -9999 -9999 -9999 -9999 -9999 -9999 -9999 -9999 -9999 -9999 -9999 -9999 -9999 -9999 -9999 0.21 0.58 0.2025 0.44 0.2166 0.174 0.2164 0.182 0.159 0.161 0.156 0.138 0.185 0.139 0.164 0.154 0.116 0.1066 0.163 0.123 0.167 0.121 0.126 0.136 0.165 0.121 0.164 0.128 0.156 0.133 0.128 0.141 0.123 0.117 0.158 0.096 0.0965 0.097 0.097 0.122 0.132 0.121 0.126 0.098 0.103 0.096 0.107 0.103 0.096 0.097 0.099 0.083 0.092 0.082 0.08 0.081
-9999 -9999 -9999 -9999 -9999 -9999 -9999 -9999 -9999 -9999 -9999 -9999 -9999 -9999 -9999 -9999 -9999 -9999 -9999 0.182 0.2025 0.2164 0.4901 0.6 0.432 0.16 0.197 0.167 0.153 0.1586 0.142 0.142 0.155 0.138 0.141 0.121 0.1066 0.097 0.121 0.163 0.124 0.124 0.123 0.123 0.158 0.121 0.114 0.119 0.141 0.133 0.11 0.13 0.158 0.126 0.121 0.163 0.158 0.126 0.114 0.097 0.107 0.158 0.134 0.1057 0.1045 0.089 0.111 0.1057 0.1054 0.107 0.086 0.082 0.11 0.089 0.089 0.089 0.087
-9999 -9999 -9999 -9999 -9999 -9999 -9999 -9999 -9999 -9999 -9999 -9999 -9999 -9999 -9999 -9999 -9999 -9999 0.5 0.56 0.46 0.53 0.5199 0.54 0.68 0.147 0.166 0.157 0.157 0.144 0.116 0.129 0.148 0.137 0.13 0.099 0.099 0.164 0.163 0.163 0.115 0.126 0.117 0.158 0.117 0.123 0.116 0.117 0.136 0.118 0.107 0.0905 0.123 0.107 0.107 0.121 0.1064 0.121 0.126 0.136 0.154 0.116 0.1066 0.0969 0.134 0.102 0.106 0.127 0.10585 0.1 0.082 0.087 0.097 0.1 0.1 0.096 0.084
