GIS/bfa_init_pop.asc
ncols         173
nrows         126
xllcorner     224227.65281
yllcorner     1039207.04677
cellsize      5000
NODATA_value  -9999
[rows 39 to 77 of 126, columns 0 to 88 of 173]
-9999 -9999 -9999 -9999 -9999 -9999 -9999 -9999 -9999 -9999 -9999 -9999 -9999 -9999 -9999 -9999 -9999 -9999 -9999 -9999 -9999 -9999 -9999 -9999 -9999 -9999 -9999 -9999 -9999 -9999 -9999 821 1034 898 886 890 788 530 381 -9999 -9999 -9999 -9999 -9999 -9999 -9999 -9999 -9999 -9999 -9999 556 542 274 276 374 464 520 886 1414 884 513 452 514 671 862 1188 1127 1006 1213 1086 1210 2136 1784 2220 1875 973 1629 1474 1430 1839 1306 1540 2410 2633 2512 1586 3590 7298 1951
-9999 -9999 -9999 -9999 -9999 -9999 -9999 -9999 -9999 -9999 -9999 -9999 -9999 -9999 -9999 -9999 -9999 -9999 -9999 -9999 -9999 -9999 -9999 -9999 -9999 -9999 -9999 -9999 -9999 612 880 952 1258 748 598 526 672 402 352 310 -9999 -9999 -9999 -9999 -9999 -9999 983 487 301 300 522 544 476 382 299 336 426 704 1010 956 970 1497 643 802 1428 1272 788 1196 1558 1738 1790 2297 2188 1800 1536 1089 912 1098 892 2284 2646 1920 1805 1988 1778 1247 1672 1580 1240
-9999 -9999 -9999 -9999 -9999 -9999 -9999 -9999 -9999 -9999 -9999 -9999 -9999 -9999 -9999 -9999 -9999 -9999 -9999 -9999 -9999 -9999 -9999 -9999 -9999 -9999 -9999 -9999 618 724 844 842 955 664 514 635 522 365 320 316 340 318 -9999 -9999 -9999 -9999 1938 723 448 358 425 714 492 328 338 488 574 655 508 651 1017 1698 839 1780 1032 812 1022 1589 4166 7986 1630 1564 1806 1514 1714 1370 767 1466 1348 2926 3174 2136 1492 1748 2242 2012 1334 1741 872
-9999 -9999 -9999 -9999 -9999 -9999 -9999 -9999 -9999 -9999 -9999 -9999 -9999 -9999 -9999 -9999 -9999 -9999 -9999 -9999 -9999 -9999 -9999 -9999 -9999 -9999 -9999 224 540 882 1048 1158 798 622 542 709 648 376 324 319 343 381 398 -9999 -9999 -9999 2238 638 322 356 378 736 701 517 706 464 518 420 439 641 869 508 627 980 964 886 1120 1699 4703 5922 1789 1552 1400 1624 2288 1129 1257 2660 1934 1704 1536 1487 1128 949 1996 1740 1230 2021 1103
-9999 -9999 -9999 -9999 -9999 -9999 -9999 -9999 -9999 -9999 -9999 -9999 -9999 -9999 -9999 -9999 -9999 -9999 -9999 -9999 -9999 -9999 -9999 -9999 -9999 -9999 608 398 490 1229 1850 1113 656 514 551 546 570 434 333 344 406 405 409 520 1014 776 1624 531 328 492 408 402 521 981 868 558 539 480 818 1425 737 578 522 930 1220 727 985 1380 2079 2127 1933 2054 2314 3145 3693 1340 1404 1272 1044 866 794 2179 946 1109 1373 1965 1276 1457 915
-9999 -9999 -9999 -9999 -9999 -9999 -9999 -9999 -9999 -9999 -9999 -9999 -9999 -9999 -9999 -9999 -9999 -9999 -9999 -9999 -9999 -9999 -9999 -9999 -9999 -9999 -9999 493 631 1460 1227 1131 1021 566 724 549 575 458 372 353 526 445 484 632 634 1132 2328 898 941 998 466 710 586 2182 1676 638 870 957 720 545 407 576 716 1469 1014 734 902 1017 1109 1701 1494 1460 1744 1844 3286 2348 1215 966 1044 974 792 920 806 1082 1747 2158 1735 910 906
-9999 -9999 -9999 -9999 -9999 -9999 -9999 -9999 -9999 -9999 -9999 -9999 -9999 -9999 -9999 -9999 -9999 -9999 -9999 -9999 -9999 -9999 -9999 -9999 -9999 -9999 -9999 395 796 1058 826 754 982 706 593 512 468 440 479 352 367 369 437 545 944 1527 2084 768 494 518 360 322 603 1188 1040 483 493 644 528 370 410 496 678 870 1090 991 1274 837 739 982 1732 1348 1991 1737 1232 2350 1460 1468 2275 1536 1165 1320 1329 1167 964 986 2557 1390 858
-9999 -9999 -9999 -9999 -9999 -9999 -9999 -9999 -9999 -9999 -9999 -9999 -9999 -9999 -9999 -9999 -9999 -9999 -9999 -9999 -9999 -9999 -9999 -9999 -9999 -9999 -9999 -9999 1086 1092 830 635 725 620 731 462 332 387 582 402 338 337 354 399 527 1494 3036 597 340 366 410 364 855 564 660 538 484 1015 565 392 498 398 567 731 931 912 822 983 766 1226 1657 4055 1488 1462 2238 2360 2225 1559 1466 1440 1606 2832 2468 2546 1510 1177 2274 2002 1186
-9999 -9999 -9999 -9999 -9999 -9999 -9999 -9999 -9999 -9999 -9999 -9999 -9999 -9999 -9999 -9999 -9999 -9999 -9999 -9999 -9999 -9999 -9999 -9999 -9999 -9999 -9999 -9999 667 1217 952 1179 733 509 543 491 398 384 447 402 359 368 356 275 256 803 974 611 472 503 325 347 572 442 440 590 591 596 474 392 401 542 807 1020 958 854 920 1116 1044 1451 2887 9341 2424 1260 1414 1578 1087 1110 1199 943 1080 1041 942 1033 1073 832 908 1262 1016
-9999 -9999 -9999 -9999 -9999 -9999 -9999 -9999 -9999 -9999 -9999 -9999 -9999 -9999 -9999 -9999 -9999 -9999 -9999 -9999 -9999 -9999 -9999 -9999 -9999 -9999 -9999 -9999 488 1751 1840 942 619 529 435 621 624 408 506 662 435 691 512 172 240 645 1672 665 419 533 350 522 734 449 410 795 889 715 1210 626 572 780 845 1226 1448 1196 2120 3378 1248 1301 1341 1642 1523 1711 980 1458 1066 1116 941 968 735 732 846 1000 876 640 904 998 667
-9999 -9999 -9999 -9999 -9999 -9999 -9999 -9999 -9999 -9999 -9999 -9999 -9999 -9999 -9999 -9999 -9999 -9999 -9999 -9999 -9999 -9999 -9999 -9999 -9999 -9999 -9999 -9999 487 1202 1098 1007 696 618 463 498 660 578 812 795 896 1022 447 271 399 376 629 826 464 482 448 586 573 606 444 649 644 830 2021 678 623 925 634 746 970 1141 1395 2054 1413 1420 870 1107 1506 1624 1244 1609 1650 1245 1620 1231 789 818 842 774 1042 684 686 635 588
-9999 -9999 -9999 -9999 -9999 -9999 -9999 -9999 -9999 -9999 -9999 -9999 -9999 -9999 -9999 -9999 -9999 -9999 -9999 -9999 -9999 -9999 -9999 -9999 -9999 -9999 -9999 -9999 239 780 678 685 576 716 770 536 656 842 766 1050 653 1212 964 398 766 619 532 886 775 569 1348 1030 807 690 571 898 900 694 780 899 861 746 636 854 922 1388 1260 1504 1592 1045 1203 1532 1494 1205 782 1144 1519 1598 1702 1621 1451 1059 1542 1247 1201 972 878 850 653
-9999 -9999 -9999 -9999 -9999 -9999 -9999 -9999 -9999 -9999 -9999 -9999 -9999 -9999 -9999 -9999 -9999 -9999 -9999 -9999 -9999 -9999 -9999 -9999 -9999 -9999 -9999 -9999 319 787 762 862 813 846 800 903 1675 1416 774 604 372 521 568 376 401 512 1068 881 526 423 676 720 1326 1639 1413 806 1065 4930 961 624 694 674 608 906 1156 1448 1494 1398 1513 1319 1073 1544 1571 1289 938 1478 1027 1213 2403 1126 1264 1084 1424 1608 1914 1512 1096 1104 663
-9999 -9999 -9999 -9999 -9999 -9999 -9999 -9999 -9999 -9999 -9999 -9999 -9999 -9999 -9999 -9999 -9999 -9999 -9999 -9999 -9999 -9999 -9999 -9999 245 320 -9999 -9999 709 909 776 795 616 664 805 1101 5286 1904 702 453 337 250 198 281 774 1038 809 364 400 516 489 426 488 1044 1204 1023 987 1975 1052 957 743 872 1079 1506 1571 1214 1428 1586 1778 1605 1326 1208 2398 1546 948 1457 1432 1090 1254 1864 1606 1247 1408 1977 1334 831 1023 1473 824
-9999 -9999 -9999 -9999 -9999 -9999 -9999 -9999 -9999 -9999 -9999 -9999 -9999 -9999 -9999 -9999 -9999 -9999 -9999 -9999 -9999 -9999 -9999 448 602 689 548 491 575 688 603 597 638 620 824 929 1044 714 573 512 239 160 160 274 803 1091 857 419 361 518 537 458 630 560 715 664 1121 934 673 746 625 1007 1971 1741 1129 951 972 1584 2190 1984 1254 1561 2597 2007 1262 1180 2712 1930 2994 5507 1574 983 1135 891 1968 2070 1863 2934 1061
-9999 -9999 -9999 -9999 -9999 -9999 -9999 -9999 -9999 -9999 -9999 -9999 -9999 -9999 -9999 -9999 -9999 -9999 -9999 -9999 -9999 -9999 -9999 211 628 468 512 414 481 746 692 847 1006 1169 707 948 572 652 336 304 313 170 161 227 876 1136 780 492 481 439 960 1416 813 573 601 560 640 670 672 871 654 905 947 896 920 1485 1426 1737 1152 694 1066 1438 1563 1164 1410 1784 1126 1173 1754 3396 1589 1236 1111 940 1297 2024 1386 1531 1497
-9999 -9999 -9999 -9999 -9999 -9999 -9999 -9999 -9999 -9999 -9999 -9999 -9999 -9999 -9999 -9999 -9999 -9999 -9999 -9999 -9999 -9999 -9999 -9999 220 476 644 508 410 491 624 708 751 727 642 445 294 447 184 175 330 256 214 360 999 1056 579 446 1135 972 1224 1294 725 616 590 752 563 771 1105 621 747 753 856 1290 1048 1154 414 426 721 1210 972 862 1003 1022 1558 1876 2165 1408 2222 2224 1848 1552 1158 621 750 758 1430 954 1244
-9999 -9999 -9999 -9999 -9999 -9999 -9999 -9999 -9999 -9999 -9999 -9999 -9999 -9999 -9999 -9999 -9999 -9999 -9999 -9999 -9999 -9999 -9999 -9999 -9999 740 705 570 508 460 603 813 552 601 502 389 324 370 233 189 220 284 360 739 944 1110 980 509 586 520 569 592 776 872 770 594 623 862 1059 568 784 1003 1144 1626 1034 979 488 476 644 517 555 961 1372 1806 1889 1899 1634 1280 2201 2664 866 1835 1507 571 688 964 1680 702 768
-9999 -9999 -9999 -9999 -9999 -9999 -9999 -9999 -9999 -9999 -9999 -9999 -9999 -9999 -9999 -9999 -9999 -9999 -9999 -9999 -9999 -9999 -9999 -9999 225 639 465 475 399 410 497 842 566 492 418 415 577 718 440 355 424 566 539 1873 2626 4979 1425 642 307 276 291 354 805 724 602 516 545 683 702 628 747 1022 1278 1095 853 963 641 492 672 1204 1060 1505 1969 1904 1281 1014 1074 1993 1268 818 764 1138 1440 948 720 1032 15468 7342 6382
-9999 -9999 -9999 -9999 -9999 -9999 -9999 -9999 -9999 -9999 -9999 -9999 -9999 -9999 -9999 -9999 -9999 -9999 -9999 -9999 -9999 -9999 -9999 -9999 594 758 434 421 348 442 654 978 674 608 518 440 770 1081 716 694 882 475 486 974 3796 9396 1815 865 334 272 260 398 415 652 814 538 506 487 504 750 1144 1034 1386 1839 1921 1387 1143 1640 1868 3674 3011 1719 1806 1529 2400 2262 2188 1216 1840 1146 931 1042 1193 1958 2092 23938 92968 78279 52902
-9999 -9999 -9999 -9999 -9999 -9999 -9999 -9999 -9999 -9999 -9999 -9999 -9999 -9999 -9999 -9999 -9999 -9999 -9999 -9999 -9999 -9999 -9999 -9999 834 818 654 356 367 546 976 1086 860 884 626 575 652 1830 999 276 510 524 475 1016 1098 1134 1064 1347 757 382 276 291 304 455 779 804 718 607 512 852 1072 1424 1254 1434 2716 1781 1456 1713 1650 1924 2880 1890 1583 1658 2164 2901 1672 1246 2173 1488 1120 1369 1701 1300 21565 88024 131493 128184 118564
-9999 -9999 -9999 -9999 -9999 -9999 -9999 -9999 -9999 -9999 -9999 -9999 -9999 -9999 -9999 -9999 -9999 -9999 -9999 -9999 -9999 -9999 -9999 -9999 426 433 714 624 616 907 1198 881 1176 1500 1311 838 716 1042 688 358 592 546 630 972 773 632 656 819 1382 1145 624 371 354 317 586 634 900 618 483 903 1230 1787 1919 2193 1652 1869 2288 1528 1876 2063 3222 2204 2282 2940 3236 3282 996 2122 1200 874 766 964 2014 1495 35734 100185 137738 135511 132460
-9999 -9999 -9999 -9999 -9999 -9999 -9999 -9999 -9999 -9999 -9999 -9999 -9999 -9999 -9999 -9999 -9999 -9999 -9999 -9999 -9999 -9999 -9999 182 287 753 440 484 541 450 776 789 705 996 1122 742 644 550 488 414 561 584 754 1112 698 603 594 758 952 825 950 1032 664 396 353 353 368 556 771 596 426 446 835 1704 1534 2040 6169 3782 2850 3624 3997 3118 2490 2689 1981 1426 1013 1421 857 948 1378 1212 2546 3349 28058 83863 112768 128848 119976
-9999 -9999 -9999 -9999 -9999 -9999 -9999 -9999 -9999 -9999 -9999 -9999 -9999 -9999 -9999 -9999 -9999 -9999 -9999 -9999 -9999 -9999 124 309 306 478 377 472 606 594 1415 1496 834 754 1168 1108 676 457 406 442 484 630 1353 1170 1005 694 496 732 812 743 948 972 849 2380 672 696 431 506 492 356 299 302 734 1509 2871 1716 2530 2052 9985 13998 6616 3796 2800 2838 1778 2152 1580 964 782 1058 1460 1672 3652 5725 1756 12252 28882 47308 43824
-9999 -9999 -9999 -9999 -9999 -9999 -9999 -9999 -9999 -9999 -9999 -9999 -9999 -9999 -9999 -9999 -9999 -9999 -9999 -9999 -9999 102 275 322 340 313 482 977 616 778 949 1462 1080 970 2056 2738 798 506 376 538 502 567 1390 980 851 525 404 556 1073 772 934 1136 601 878 480 547 692 624 787 804 410 349 518 745 1156 1302 2596 3834 10376 10508 4376 3364 1973 2134 3070 2706 2322 1521 1474 2120 2431 1834 2558 1646 1475 4434 5164 7514 2872
-9999 -9999 -9999 -9999 -9999 -9999 -9999 -9999 -9999 -9999 -9999 -9999 -9999 -9999 -9999 -9999 -9999 -9999 -9999 -9999 -9999 212 256 322 253 310 646 640 692 864 962 5390 2446 1008 992 902 707 486 460 552 523 718 1005 542 630 491 422 570 798 987 1160 1047 724 591 475 515 481 474 504 777 687 696 937 1344 1532 1477 1354 2221 2192 2176 1752 2264 1768 2300 2139 2444 3241 2330 2089 3644 2598 1631 1212 1212 2029 2976 3744 1349 899
-9999 -9999 -9999 -9999 -9999 -9999 -9999 -9999 -9999 -9999 -9999 -9999 -9999 -9999 -9999 -9999 -9999 -9999 -9999 -9999 -9999 215 213 353 220 568 1276 594 644 956 1606 1318 1258 864 1137 738 589 502 474 506 760 771 594 484 446 454 536 622 630 1054 2236 1013 852 664 520 518 438 279 278 313 436 657 803 1175 1096 893 830 1158 1668 1400 1451 1571 1352 1396 1959 2306 1720 1174 975 1057 1018 1476 1182 2022 2395 2274 1765 1006 882
-9999 -9999 -9999 -9999 -9999 -9999 -9999 -9999 -9999 -9999 -9999 -9999 -9999 -9999 -9999 -9999 -9999 -9999 -9999 114 351 477 891 464 367 1383 1394 874 1089 2478 1762 1494 1128 821 1218 706 649 530 459 568 1864 906 612 558 473 586 734 818 809 963 1151 819 804 727 572 759 606 302 265 258 314 654 629 795 858 1107 1050 672 610 1003 994 1974 1708 1764 2138 1757 1261 985 808 1205 1181 859 954 2200 1824 1058 1784 847 908
-9999 -9999 -9999 -9999 -9999 -9999 -9999 -9999 -9999 -9999 -9999 -9999 -9999 -9999 -9999 -9999 -9999 -9999 1552 2674 1610 1685 1120 611 690 1333 1926 1814 1913 2034 2841 1206 884 914 926 589 729 568 471 607 954 838 590 511 536 775 1002 898 864 753 534 640 784 740 756 618 475 450 327 279 320 614 366 516 1036 1669 979 566 623 1472 1783 2636 3746 1908 2180 2380 1139 984 912 861 925 642 708 1006 786 1422 1238 787 807
-9999 -9999 -9999 -9999 -9999 -9999 -9999 -9999 -9999 -9999 -9999 -9999 160 296 374 444 334 590 580 971 1750 1858 871 714 672 1524 1837 2118 1393 859 1034 1084 803 898 442 720 1091 988 582 749 714 782 623 621 604 1290 2753 1208 948 956 860 688 1032 806 789 736 920 934 444 290 322 668 372 560 952 877 792 696 1625 2071 1476 1695 2430 2060 3187 2412 680 627 675 930 1220 779 601 751 580 699 1118 842 994
-9999 -9999 -9999 -9999 -9999 -9999 -9999 -9999 368 706 482 394 481 566 656 799 780 742 394 392 925 1350 535 768 1091 1081 1856 1660 1092 1432 912 895 763 628 534 1032 950 1303 791 1346 934 641 616 802 908 1613 2533 1076 952 1267 910 666 757 596 976 637 637 832 416 364 455 595 365 469 937 1878 1292 1150 1997 2054 1426 3132 4156 2483 1180 521 648 503 688 770 973 927 541 498 514 771 1309 1129 754
-9999 -9999 -9999 -9999 -9999 -9999 -9999 272 661 633 620 762 762 739 428 825 712 716 526 376 838 1438 1266 1083 996 1669 2522 1062 1054 1206 659 710 709 399 858 724 754 812 834 1024 945 744 622 651 851 1078 1381 956 788 1007 1172 668 924 560 690 1082 1036 1056 863 326 360 487 570 479 776 2596 1924 1050 954 780 701 946 1112 1362 1046 551 819 696 953 888 1023 920 467 470 705 1030 936 614 689
-9999 -9999 -9999 -9999 -9999 -9999 338 696 670 849 354 483 754 788 970 1157 855 932 502 562 856 781 1347 1020 1136 1240 1272 1013 1110 715 578 1012 955 444 570 712 882 821 1621 1223 826 1126 794 638 776 868 667 858 746 920 1188 936 908 809 706 1491 1269 731 701 329 270 474 663 641 668 894 1002 464 551 397 351 434 1006 1452 996 644 702 710 940 1028 1013 941 798 622 904 949 758 562 898
-9999 -9999 -9999 172 422 549 903 902 602 600 545 670 518 960 1166 1166 703 963 719 557 812 679 953 1036 1417 1387 1370 906 1075 1150 760 921 513 640 447 526 631 1028 1315 810 818 715 780 1144 1106 1042 668 829 888 1168 866 777 596 570 962 1354 1425 1080 644 498 588 688 1234 892 431 450 455 326 304 275 280 333 604 738 843 801 791 678 738 775 941 1037 1198 886 1071 1032 733 432 298
-9999 -9999 -9999 -9999 -9999 206 990 1117 459 562 737 835 506 652 574 1956 946 1047 932 570 479 482 796 1522 814 1225 1762 932 772 1346 1015 806 354 464 451 461 670 1263 731 628 634 581 636 772 1063 755 799 878 1601 1690 723 887 888 438 430 498 2010 1391 719 617 1117 1184 600 452 387 403 340 407 386 293 286 322 350 434 536 638 732 706 796 912 1146 1036 1025 743 758 1222 539 282 239
-9999 -9999 -9999 -9999 -9999 -9999 682 414 372 551 538 676 947 753 641 1156 990 920 819 861 932 803 1618 1144 382 362 944 732 671 1201 585 362 321 426 412 452 524 673 488 534 546 630 722 604 734 664 568 612 2307 1752 888 724 840 428 465 1016 1731 810 287 276 576 502 298 444 494 592 298 388 494 328 457 376 450 607 564 604 923 1056 777 782 878 902 995 767 713 870 566 304 216
-9999 -9999 -9999 -9999 -9999 -9999 634 462 450 592 488 609 652 554 478 844 647 776 568 802 788 1414 748 526 337 503 650 954 712 629 310 277 261 352 304 388 496 508 652 720 836 774 716 1123 1266 1454 1011 862 710 892 726 937 1049 818 368 572 648 315 237 261 1738 879 293 450 504 356 326 372 370 374 437 612 540 652 554 593 934 1380 592 614 764 843 1048 972 1056 940 595 456 374
-9999 -9999 -9999 -9999 -9999 705 772 787 659 512 730 900 657 498 709 677 1625 1119 673 1047 1352 2528 904 590 420 632 574 1016 735 356 370 244 241 403 580 634 516 384 645 970 1440 768 876 1222 1107 1008 1089 1420 965 820 603 623 657 320 228 244 244 238 232 418 1650 854 322 301 385 472 543 338 330 410 522 457 541 968 536 474 1226 1142 785 639 687 864 1121 1227 1280 783 593 442 437
-9999 -9999 -9999 -9999 -9999 -9999 -9999 763 608 771 737 680 896 541 613 715 1121 1045 809 967 1558 3157 797 640 688 1059 978 1156 720 372 237 233 301 352 677 506 348 415 580 709 967 1274 1116 1081 970 730 1293 1597 882 938 1068 855 443 206 216 252 235 218 258 992 3044 1060 604 471 416 534 922 643 566 694 564 416 703 1731 570 722 1442 857 942 858 739 1110 1607 1452 868 660 531 461 452
