GIS/bfa_beta.asc
ncols         173
nrows         126
xllcorner     224227.65281
yllcorner     1039207.04677
cellsize      5000
NODATA_value  -9999
[rows 0 to 36 of 126, columns 82 to 163 of 173]
-9999 -9999 -9999 -9999 -9999 -9999 -9999 -9999 -9999 -9999 -9999 -9999 -9999 -9999 -9999 -9999 -9999 -9999 -9999 -9999 -9999 -9999 0.91 0.91 0.835 0.785 0.725 0.635 -9999 -9999 -9999 0.52 0.49 -9999 -9999 -9999 -9999 -9999 -9999 -9999 -9999 -9999 -9999 -9999 -9999 -9999 -9999 -9999 -9999 -9999 -9999 -9999 -9999 -9999 -9999 -9999 -9999 -9999 -9999 -9999 -9999 -9999 -9999 -9999 -9999 -9999 -9999 -9999 -9999 -9999 -9999 -9999 -9999 -9999 -9999 -9999 -9999 -9999 -9999 -9999 -9999 -9999
-9999 -9999 -9999 -9999 -9999 -9999 -9999 -9999 -9999 -9999 -9999 -9999 -9999 -9999 -9999 -9999 -9999 -9999 -9999 -9999 1.005 0.955 0.9 0.83 0.995 0.7 0.635 0.725 0.565 -9999 0.585 0.5 0.42 0.44 0.39 0.41 -9999 -9999 -9999 -9999 -9999 -9999 -9999 -9999 -9999 -9999 -9999 -9999 -9999 -9999 -9999 -9999 -9999 -9999 -9999 -9999 -9999 -9999 -9999 -9999 -9999 -9999 -9999 -9999 -9999 -9999 -9999 -9999 -9999 -9999 -9999 -9999 -9999 -9999 -9999 -9999 -9999 -9999 -9999 -9999 -9999 -9999
-9999 -9999 -9999 -9999 -9999 -9999 -9999 -9999 -9999 -9999 -9999 -9999 -9999 -9999 -9999 -9999 -9999 -9999 -9999 1 1.005 0.985 0.835 0.82 0.78 0.83 0.82 0.785 0.64 0.54 0.64 0.505 0.47 0.46 0.465 0.415 0.4 0.42 0.435 0.385 0.39 0.39 0.36 -9999 -9999 -9999 -9999 -9999 -9999 -9999 -9999 -9999 -9999 -9999 -9999 -9999 -9999 -9999 -9999 -9999 -9999 -9999 -9999 -9999 -9999 -9999 -9999 -9999 -9999 -9999 -9999 -9999 -9999 -9999 -9999 -9999 -9999 -9999 -9999 -9999 -9999 -9999
-9999 -9999 -9999 -9999 -9999 -9999 -9999 -9999 -9999 -9999 -9999 -9999 -9999 -9999 -9999 -9999 -9999 -9999 1.08 1 0.955 1.045 1.135 0.88 0.955 1.005 0.865 0.79 0.64 0.625 0.625 0.605 0.565 0.615 0.53 0.53 0.5025 0.545 0.405 0.395 0.41 0.41 0.395 -9999 -9999 -9999 -9999 -9999 -9999 -9999 -9999 -9999 -9999 -9999 -9999 -9999 -9999 -9999 -9999 -9999 -9999 -9999 -9999 -9999 -9999 -9999 -9999 -9999 -9999 -9999 -9999 -9999 -9999 -9999 -9999 -9999 -9999 -9999 -9999 -9999 -9999 -9999
-9999 -9999 -9999 -9999 -9999 -9999 -9999 -9999 -9999 -9999 -9999 -9999 -9999 -9999 -9999 -9999 -9999 1.06 1.13 1.185 1.08 0.915 1.095 1.015 1.15 0.94 0.97 0.935 0.79 0.61 0.615 0.47 0.645 0.625 0.54 0.59 0.545 0.47 0.445 0.37 0.33 0.33 -9999 -9999 -9999 -9999 -9999 -9999 -9999 -9999 -9999 -9999 -9999 -9999 -9999 -9999 -9999 -9999 -9999 -9999 -9999 -9999 -9999 -9999 -9999 -9999 -9999 -9999 -9999 -9999 -9999 -9999 -9999 -9999 -9999 -9999 -9999 -9999 -9999 -9999 -9999 -9999
-9999 -9999 -9999 -9999 -9999 -9999 -9999 -9999 -9999 -9999 -9999 -9999 -9999 -9999 -9999 -9999 1.705 1.72 1.28 1.145 1.135 0.925 1.075 1.065 0.985 1.05 0.83 1.095 0.75 0.785 0.775 0.64 0.645 0.54 0.47 0.605 0.54 0.57 0.465 0.42 0.405 0.405 -9999 -9999 -9999 -9999 -9999 -9999 -9999 -9999 -9999 -9999 -9999 -9999 -9999 -9999 -9999 -9999 -9999 -9999 -9999 -9999 -9999 -9999 -9999 -9999 -9999 -9999 -9999 -9999 -9999 -9999 -9999 -9999 -9999 -9999 -9999 -9999 -9999 -9999 -9999 -9999
-9999 -9999 -9999 -9999 -9999 -9999 -9999 -9999 -9999 -9999 -9999 -9999 -9999 -9999 1.095 0.95 0.88 1.265 1.06 1.19 1.18 1.375 1.705 1.165 1.19 0.94 0.955 0.88 0.9 1.005 0.995 0.86 0.755 0.705 0.575 0.55 0.54 0.54 0.47 0.5 0.42 0.42 0.39 -9999 -9999 -9999 -9999 -9999 -9999 -9999 -9999 -9999 -9999 -9999 -9999 -9999 -9999 -9999 -9999 -9999 -9999 -9999 -9999 -9999 -9999 -9999 -9999 -9999 -9999 -9999 -9999 -9999 -9999 -9999 -9999 -9999 -9999 -9999 -9999 -9999 -9999 -9999
-9999 -9999 -9999 -9999 -9999 -9999 -9999 -9999 -9999 -9999 -9999 1.275 0.95 1.21 1.365 1.275 0.95 1.06 1.11 1.035 1.28 1.365 1.165 0.92 1.035 0.955 1.11 0.895 0.845 0.79 0.845 0.75 0.745 0.64 0.735 0.59 0.5 0.54 0.505 0.475 0.445 0.445 0.4 -9999 -9999 -9999 -9999 -9999 -9999 -9999 -9999 -9999 -9999 -9999 -9999 -9999 -9999 -9999 -9999 -9999 -9999 -9999 -9999 -9999 -9999 -9999 -9999 -9999 -9999 -9999 -9999 -9999 -9999 -9999 -9999 -9999 -9999 -9999 -9999 -9999 -9999 -9999
-9999 -9999 -9999 -9999 -9999 -9999 -9999 -9999 -9999 1.06 1.215 1.49 1.695 1.425 1.415 1.275 1.25 1.155 1.1 1.13 1.13 1.235 1.185 1.07 0.73 0.71 0.945 0.755 0.61 0.995 0.82 0.6 0.755 0.635 0.555 0.495 0.49 0.645 0.54 0.425 0.445 0.445 0.345 -9999 -9999 -9999 -9999 -9999 -9999 -9999 -9999 -9999 -9999 -9999 -9999 -9999 -9999 -9999 -9999 -9999 -9999 -9999 -9999 -9999 -9999 -9999 -9999 -9999 -9999 -9999 -9999 -9999 -9999 -9999 -9999 -9999 -9999 -9999 -9999 -9999 -9999 -9999
-9999 -9999 -9999 -9999 -9999 -9999 -9999 1.61 1.65 1.585 1.675 1.635 1.205 1.735 1.41 1.16 1.235 1.225 1.135 1.13 1.115 1.26 1.195 1.15 0.825 0.8 0.77 0.705 0.705 0.75 0.62 0.62 0.62 0.64 0.545 0.475 0.46 0.575 0.435 0.485 0.355 0.355 -9999 -9999 -9999 -9999 -9999 -9999 -9999 -9999 -9999 -9999 -9999 -9999 -9999 -9999 -9999 -9999 -9999 -9999 -9999 -9999 -9999 -9999 -9999 -9999 -9999 -9999 -9999 -9999 -9999 -9999 -9999 -9999 -9999 -9999 -9999 -9999 -9999 -9999 -9999 -9999
-9999 -9999 -9999 -9999 -9999 -9999 1.885 1.5 1.705 1.335 1.555 1.59 1.61 1.425 1.415 1.37 1.4 1.265 1.355 1.255 1.155 1.37 1.17 1.13 0.82 0.73 0.86 0.82 1.095 0.97 0.86 0.785 0.755 0.74 0.53 0.53 0.475 0.585 0.49 0.505 0.47 0.49 -9999 -9999 -9999 -9999 -9999 -9999 -9999 -9999 -9999 -9999 -9999 -9999 -9999 -9999 -9999 -9999 -9999 -9999 -9999 -9999 -9999 -9999 -9999 -9999 -9999 -9999 -9999 -9999 -9999 -9999 -9999 -9999 -9999 -9999 -9999 -9999 -9999 -9999 -9999 -9999
-9999 -9999 -9999 -9999 1.44 1.685 1.885 1.5 1.705 1.335 1.555 1.59 1.61 1.425 1.415 1.37 1.4 1.265 1.355 1.255 1.155 1.37 1.17 1.13 0.82 0.73 0.86 0.82 1.095 0.97 0.86 0.785 0.755 0.74 0.53 0.53 0.475 0.585 0.49 0.505 0.47 0.49 -9999 -9999 -9999 -9999 -9999 -9999 -9999 -9999 -9999 -9999 -9999 -9999 -9999 -9999 -9999 -9999 -9999 -9999 -9999 -9999 -9999 -9999 -9999 -9999 -9999 -9999 -9999 -9999 -9999 -9999 -9999 -9999 -9999 -9999 -9999 -9999 -9999 -9999 -9999 -9999
-9999 -9999 1.715 1.48 1.81 1.695 1.695 1.345 1.705 1.425 1.705 1.815 1.49 1.635 1.32 1.705 1.29 1.18 1.195 1.335 1.295 1.19 0.96 1.05 0.995 0.785 0.8 0.725 0.64 0.84 0.86 0.68 0.755 0.595 0.54 0.54 0.55 0.54 0.615 0.585 0.47 0.47 -9999 -9999 -9999 -9999 -9999 -9999 -9999 -9999 -9999 -9999 -9999 -9999 -9999 -9999 -9999 -9999 -9999 -9999 -9999 -9999 -9999 -9999 -9999 -9999 -9999 -9999 -9999 -9999 -9999 -9999 -9999 -9999 -9999 -9999 -9999 -9999 -9999 -9999 -9999 -9999
1.26 1.455 1.64 1.725 1.68 1.47 1.745 1.405 1.39 1.815 1.65 1.8275 1.605 1.72 1.24 1.455 1.6 1.45 1.375 1.27 1.72 1.23 1.14 1.065 0.835 0.75 0.76 0.93 0.84 0.835 0.73 0.58 0.7 0.62 0.54 0.645 0.735 0.625 0.59 0.575 0.53 0.545 -9999 -9999 -9999 -9999 -9999 -9999 -9999 -9999 -9999 -9999 -9999 -9999 -9999 -9999 -9999 -9999 -9999 -9999 -9999 -9999 -9999 -9999 -9999 -9999 -9999 -9999 -9999 -9999 -9999 -9999 -9999 -9999 -9999 -9999 -9999 -9999 -9999 -9999 -9999 -9999
1.685 1.815 1.695 1.945 1.81 1.725 1.99 1.645 1.735 1.455 1.675 1.47 1.985 1.45 1.39 1.705 1.26 1.59 1.28 1.5 1.27 1.155 1.56 1.46 0.93 0.83 0.845 0.73 0.76 0.73 0.825 0.8 0.62 0.655 0.5625 0.64 0.645 0.505 0.47 0.505 0.49 0.42 0.355 -9999 -9999 -9999 -9999 -9999 -9999 -9999 -9999 -9999 -9999 -9999 -9999 -9999 -9999 -9999 -9999 -9999 -9999 -9999 -9999 -9999 -9999 -9999 -9999 -9999 -9999 -9999 -9999 -9999 -9999 -9999 -9999 -9999 -9999 -9999 -9999 -9999 -9999 -9999
1.675 1.635 1.47 1.685 1.825 1.63 1.79 1.79 1.875 1.59 1.605 1.49 1.555 1.235 1.61 1.465 1.555 1.58 1.72 1.59 1.72 1.355 1.355 1.21 1.17 0.94 0.985 0.865 0.855 0.86 0.8 0.745 0.625 0.755 0.585 0.645 0.56 0.53 0.53 0.56 0.49 0.45 0.4 0.41 -9999 -9999 -9999 -9999 -9999 -9999 -9999 -9999 -9999 -9999 -9999 -9999 -9999 -9999 -9999 -9999 -9999 -9999 -9999 -9999 -9999 -9999 -9999 -9999 -9999 -9999 -9999 -9999 -9999 -9999 -9999 -9999 -9999 -9999 -9999 -9999 -9999 -9999
1.58 1.48 1.565 1.87 1.885 2.03 1.605 1.85 1.905 1.695 1.6 1.44 1.295 1.55 1.425 1.4275 1.26 1.205 1.59 1.575 1.195 1.47 1.41 0.94 1.165 1.16 1.025 0.97 0.75 0.95 0.805 0.58 0.705 0.55 0.575 0.55 0.495 0.495 0.495 0.435 0.465 0.405 0.4 0.4 0.405 -9999 -9999 -9999 -9999 -9999 -9999 -9999 -9999 -9999 -9999 -9999 -9999 -9999 -9999 -9999 -9999 -9999 -9999 -9999 -9999 -9999 -9999 -9999 -9999 -9999 -9999 -9999 -9999 -9999 -9999 -9999 -9999 -9999 -9999 -9999 -9999 -9999
1.605 1.675 1.815 1.9 1.615 1.625 1.455 1.8825 1.86 1.49 1.455 1.5 1.26 1.26 1.39 1.725 1.485 1.715 1.49 1.205 1.105 1.4 1.15 1.045 1 1.045 1.095 0.91 0.73 0.8 0.755 0.625 0.625 0.575 0.55 0.625 0.585 0.61 0.485 0.495 0.435 0.435 0.495 0.4 0.445 0.42 -9999 -9999 -9999 -9999 -9999 -9999 -9999 -9999 -9999 -9999 -9999 -9999 -9999 -9999 -9999 -9999 -9999 -9999 -9999 -9999 -9999 -9999 -9999 -9999 -9999 -9999 -9999 -9999 -9999 -9999 -9999 -9999 -9999 -9999 -9999 -9999
1.91 1.725 1.61 1.74 1.77 1.935 1.86 1.81 1.905 1.81 1.5 1.48 1.66 1.625 1.59 1.445 1.5 1.6 1.485 1.485 1.295 1.415 1.395 1.39 1.06 1.05 0.93 0.715 0.76 0.79 0.835 1.005 0.77 0.765 0.555 0.52 0.45 0.55 0.45 0.5 0.42 0.465 0.435 0.435 0.355 0.43 -9999 -9999 -9999 -9999 -9999 -9999 -9999 -9999 -9999 -9999 -9999 -9999 -9999 -9999 -9999 -9999 -9999 -9999 -9999 -9999 -9999 -9999 -9999 -9999 -9999 -9999 -9999 -9999 -9999 -9999 -9999 -9999 -9999 -9999 -9999 -9999
1.965 2 1.84 1.725 1.93 1.905 1.79 1.905 1.94 1.855 1.48 1.905 1.975 1.835 1.63 1.5 1.735 1.88 1.85 1.995 1.7 1.25 1.05 1.235 1.26 0.92 0.88 1 1.08 1.025 0.82 0.865 0.86 0.745 0.735 0.585 0.555 0.54 0.545 0.525 0.42 0.495 0.485 0.525 0.395 0.355 -9999 -9999 -9999 -9999 -9999 -9999 -9999 -9999 -9999 -9999 -9999 -9999 -9999 -9999 -9999 -9999 -9999 -9999 -9999 -9999 -9999 -9999 -9999 -9999 -9999 -9999 -9999 -9999 -9999 -9999 -9999 -9999 -9999 -9999 -9999 -9999
1.615 1.64 1.625 1.47 1.675 1.605 1.685 1.81 1.98 1.89 1.695 1.825 1.845 1.87 1.62 1.695 1.435 1.565 1.44 1.58 1.235 1.255 1.13 1.26 1.555 1.165 1.145 0.905 0.895 0.835 0.845 0.91 0.81 0.8 0.705 0.585 0.47 0.47 0.47 0.585 0.53 0.59 0.475 0.45 0.53 0.52 -9999 -9999 -9999 -9999 -9999 -9999 -9999 -9999 -9999 -9999 -9999 -9999 -9999 -9999 -9999 -9999 -9999 -9999 -9999 -9999 -9999 -9999 -9999 -9999 -9999 -9999 -9999 -9999 -9999 -9999 -9999 -9999 -9999 -9999 -9999 -9999
1.59 1.465 1.44 1.5 1.625 1.89 1.97 1.825 1.965 1.855 1.81 1.885 1.81 1.49 1.635 1.59 1.72 1.865 1.425 1.595 1.295 1.395 1.27 1.45 1.55 1.06 1.185 0.925 0.915 0.865 0.82 0.935 0.985 0.6 0.705 0.59 0.53 0.585 0.735 0.59 0.595 0.56 0.47 0.5 0.47 0.5 -9999 -9999 -9999 -9999 -9999 -9999 -9999 -9999 -9999 -9999 -9999 -9999 -9999 -9999 -9999 -9999 -9999 -9999 -9999 -9999 -9999 -9999 -9999 -9999 -9999 -9999 -9999 -9999 -9999 -9999 -9999 -9999 -9999 -9999 -9999 -9999
1.705 1.6 1.3 1.15 1.55 1.655 2 1.855 1.975 1.935 1.81 1.825 1.93 1.655 1.945 1.48 1.655 1.645 1.705 1.125 1.4 1.2675 1.24 1.5 1.195 1.08 1.09 1.07 1.005 0.82 0.82 0.91 0.9 0.505 0.625 0.59 0.7 0.7 0.58 0.54 0.625 0.585 0.59 0.475 0.49 0.425 -9999 -9999 -9999 -9999 -9999 -9999 -9999 -9999 -9999 -9999 -9999 -9999 -9999 -9999 -9999 -9999 -9999 -9999 -9999 -9999 -9999 -9999 -9999 -9999 -9999 -9999 -9999 -9999 -9999 -9999 -9999 -9999 -9999 -9999 -9999 -9999
1.65 1.6 1.485 1.4 1.68 1.62 1.98 1.98 1.965 1.74 1.67 1.81 1.725 1.97 1.885 1.81 1.88 1.575 1.72 1.17 1.425 1.59 1.17 1.17 1.595 1.2 1.13 0.75 0.8 0.715 0.715 0.825 0.985 0.59 0.555 0.735 0.56 0.465 0.67 0.755 0.54 0.605 0.555 0.55 0.44 0.465 0.345 -9999 -9999 -9999 -9999 -9999 -9999 -9999 -9999 -9999 -9999 -9999 -9999 -9999 -9999 -9999 -9999 -9999 -9999 -9999 -9999 -9999 -9999 -9999 -9999 -9999 -9999 -9999 -9999 -9999 -9999 -9999 -9999 -9999 -9999 -9999
1.625 1.6 1.7 1.585 1.87 2.02 2.03 1.89 1.855 1.81 1.9 1.89 1.89 1.835 2.03 1.9 1.735 1.72 1.205 1.39 1.375 1.27 1.125 1.495 1.35 1.045 1.065 1.05 1.065 0.89 0.835 0.755 0.555 0.575 0.62 0.715 0.625 0.49 0.58 0.565 0.725 0.565 0.6525 0.625 0.64 0.48 0.495 0.59 -9999 -9999 -9999 -9999 -9999 -9999 -9999 -9999 -9999 -9999 -9999 -9999 -9999 -9999 -9999 -9999 -9999 -9999 -9999 -9999 -9999 -9999 -9999 -9999 -9999 -9999 -9999 -9999 -9999 -9999 -9999 -9999 -9999 -9999
1.5 1.48 1.6 1.885 1.825 2.03 1.84 1.85 1.97 1.975 1.93 1.77 1.97 1.685 1.48 1.71 1.575 1.435 1.335 1.59 1.705 1.365 1.07 1.54 1.24 1.06 1.13 1.13 0.94 1 0.845 0.805 0.64 0.6 0.935 0.86 0.815 0.755 0.815 0.8 0.755 0.745 0.58 0.64 0.47 0.375 0.485 0.585 -9999 -9999 -9999 -9999 -9999 -9999 -9999 -9999 -9999 -9999 -9999 -9999 -9999 -9999 -9999 -9999 -9999 -9999 -9999 -9999 -9999 -9999 -9999 -9999 -9999 -9999 -9999 -9999 -9999 -9999 -9999 -9999 -9999 -9999
1.6 1.76 1.565 1.47 1.88 1.69 1.65 2.02 1.655 1.825 1.77 1.995 1.9 1.48 1.64 1.88 1.9 1.76 1.17 1.345 1.49 1.24 1.1 1.26 1.12 1.07 1.14 0.92 0.865 1.04 1.005 0.845 0.865 0.82 0.775 0.71 0.745 0.785 0.77 0.715 0.805 0.755 0.755 0.555 0.37 0.395 0.49 0.47 0.495 -9999 -9999 -9999 -9999 -9999 -9999 -9999 -9999 -9999 -9999 -9999 -9999 -9999 -9999 -9999 -9999 -9999 -9999 -9999 -9999 -9999 -9999 -9999 -9999 -9999 -9999 -9999 -9999 -9999 -9999 -9999 -9999 -9999
1.65 1.5 1.5 1.62 1.85 1.58 1.58 1.58 1.595 1.25 1.48 1.55 1.65 1.445 1.605 1.705 1.705 1.2 1.24 1.495 1.355 1.19 1.16 1.38 1.23 1.3 1.15 1.03 1.14 0.88 1.08 1.05 0.84 0.845 0.77 0.77 0.705 0.6 0.75 0.86 0.745 0.755 0.755 0.54 0.39 0.355 0.51 0.495 0.5 0.485 -9999 -9999 -9999 -9999 -9999 -9999 -9999 -9999 -9999 -9999 -9999 -9999 -9999 -9999 -9999 -9999 -9999 -9999 -9999 -9999 -9999 -9999 -9999 -9999 -9999 -9999 -9999 -9999 -9999 -9999 -9999 -9999
1.525 1.88 1.88 1.74 1.805 1.88 1.58 1.565 1.595 1.65 1.58 1.595 1.525 1.45 1.525 1.5 1.5 1.15 1.2 1.24 1.12 1.14 1.06 1.23 1.07 1.12 1.19 1.15 1.03 0.94 1.04 0.97 0.905 0.845 0.78 0.86 0.75 0.775 0.565 0.635 0.71 0.61 0.605 0.57 0.355 0.465 0.53 0.59 0.495 0.495 0.42 -9999 -9999 -9999 -9999 -9999 -9999 -9999 -9999 -9999 -9999 -9999 -9999 -9999 -9999 -9999 -9999 -9999 -9999 -9999 -9999 -9999 -9999 -9999 -9999 -9999 -9999 -9999 -9999 -9999 -9999 -9999
1.5 1.65 1.94 1.65 1.35 1.79 1.81 1.78 1.75 1.25 1.81 1.65 1.75 1.5 1.5 1.75 1.45 1.22 1.5 1.35 1.19 0.95 1.09 0.95 1.18 1.14 1.06 1.07 1.315 1.06 0.915 0.9 0.985 0.81 0.745 0.745 0.795 0.86 0.745 0.58 0.77 0.8 0.74 0.44 0.46 0.485 0.59 0.52 0.43 0.4 0.385 -9999 -9999 -9999 -9999 -9999 -9999 -9999 -9999 -9999 -9999 -9999 -9999 -9999 -9999 -9999 -9999 -9999 -9999 -9999 -9999 -9999 -9999 -9999 -9999 -9999 -9999 -9999 -9999 -9999 -9999 -9999
1.44 1.7 1.86 1.5 1.45 1.75 1.65 1.77 1.6 1.72 1.81 1.75 1.35 1.325 1.25 1.75 1.55 1.5 1.25 1.28 1.085 1.02 0.93 0.95 1 1.02 1.17 1.35 1.1 1.04 1.04 0.83 1.025 1.01 0.84 0.85 0.85 0.73 0.725 0.61 0.785 0.74 0.74 0.545 0.53 0.495 0.56 0.49 0.495 0.425 0.405 0.345 0.39 0.39 0.37 -9999 -9999 -9999 -9999 -9999 -9999 -9999 -9999 -9999 -9999 -9999 -9999 -9999 -9999 -9999 -9999 -9999 -9999 -9999 -9999 -9999 -9999 -9999 -9999 -9999 -9999 -9999
1.15 1.6 1.65 1.5 1.45 1.375 1.29 1.45 1.81 1.88 1.74 0.93 0.87 1.23 1.35 1.22 1.23 0.98 1.24 1.02 0.89 1.065 0.95 0.94 0.92 0.92 0.95 1.07 0.98 1.03 1.1 1.025 0.83 1.04 0.81 0.75 0.71 0.69 0.74 0.72 0.7 0.535 0.54 0.505 0.515 0.43 0.47 0.43 0.435 0.355 0.44 0.385 0.35 0.32 0.38 -9999 -9999 -9999 -9999 -9999 -9999 -9999 -9999 -9999 -9999 -9999 -9999 -9999 -9999 -9999 -9999 -9999 -9999 -9999 -9999 -9999 -9999 -9999 -9999 -9999 -9999 -9999
1.01 1.34 1.18 1.09 0.74 0.85 1.07 1.19 1.22 1.25 1.5 1.23 1.18 0.96 1.29 1.45 1.34 0.95 0.98 0.85 0.67 0.83 0.84 0.88 0.9 0.835 0.9 1.065 0.83 0.89 0.81 1.11 0.93 0.97 0.81 0.85 0.78 0.76 0.8 0.77 0.82 0.58 0.58 0.495 0.495 0.555 0.48 0.405 0.425 0.395 0.425 0.375 0.39 0.35 0.32 0.395 0.325 0.325 -9999 -9999 -9999 -9999 -9999 -9999 -9999 -9999 -9999 -9999 -9999 -9999 -9999 -9999 -9999 -9999 -9999 -9999 -9999 -9999 -9999 -9999 -9999 -9999
0.8 0.75 1.03 1.35 1.04 0.75 0.84 1 0.95 1.18 1.18 0.96 0.89 0.83 1.2 1.27 1.27 1.24 0.97 1.03 0.83 0.93 0.88 0.8 0.8 0.82 0.84 0.79 1.02 0.965 0.68 0.7 0.72 1.025 0.94 1.01 0.78 0.81 0.835 0.775 0.7 0.55 0.55 0.58 0.47 0.54 0.47 0.385 0.35 0.405 0.385 0.36 0.37 0.295 0.28 0.255 0.255 0.255 0.33 0.325 -9999 -9999 -9999 -9999 -9999 -9999 -9999 -9999 -9999 -9999 -9999 -9999 -9999 -9999 -9999 -9999 -9999 -9999 -9999 -9999 -9999 -9999
0.91 0.85 1.02 1.06 0.94 0.75 0.7 0.94 0.93 0.81 0.95 1.11 0.91 0.92 0.95 0.95 1.11 1.16 1.16 1.05 0.87 0.94 1.07 0.85 0.75 0.88 0.83 0.84 0.92 0.82 0.72 0.63 0.73 0.78 0.875 0.815 0.82 0.915 0.92 0.82 0.555 0.55 0.55 0.565 0.55 0.51 0.4 0.375 0.385 0.425 0.34 0.385 0.38 0.26 0.28 0.305 0.255 0.33 0.315 0.27 -9999 -9999 -9999 -9999 -9999 -9999 -9999 -9999 -9999 -9999 -9999 -9999 -9999 -9999 -9999 -9999 -9999 -9999 -9999 -9999 -9999 -9999
1.04 1.11 1.11 0.855 0.74 0.63 0.65 0.75 0.82 0.75 0.86 0.94 0.86 0.75 0.94 0.93 0.94 0.99 1.19 0.99 0.86 0.82 0.92 0.82 0.75 0.91 0.87 0.84 1.07 0.86 0.885 0.845 1.02 1 0.76 0.92 0.77 0.895 0.77 0.785 0.56 0.535 0.535 0.74 0.57 0.53 0.405 0.385 0.345 0.42 0.34 0.365 0.345 0.285 0.24 0.245 0.245 0.275 0.24 0.23 0.28 0.3 -9999 -9999 -9999 -9999 -9999 -9999 -9999 -9999 -9999 -9999 -9999 -9999 -9999 -9999 -9999 -9999 -9999 -9999 -9999 -9999
0.75 0.91 0.985 0.8 0.57 0.5 0.49 0.57 0.75 0.63 0.63 0.79 0.72 0.76 0.85 0.795 0.67 0.81 0.945 0.9 0.94 0.75 0.84 0.78 0.84 0.78 0.86 1.07 1.01 1.27 1.14 0.93 0.925 1.05 0.91 0.805 0.775 0.835 0.72 0.81 0.735 0.59 0.59 0.72 0.555 0.575 0.4 0.425 0.37 0.35 0.32 0.29 0.29 0.245 0.23 0.26 0.275 0.235 0.23 0.23 0.255 0.245 0.215 -9999 -9999 -9999 -9999 -9999 -9999 -9999 -9999 -9999 -9999 -9999 -9999 -9999 -9999 -9999 -9999 -9999 -9999 -9999
