GIS/bfa_beta.asc
ncols         173
nrows         126
xllcorner     224227.65281
yllcorner     1039207.04677
cellsize      5000
NODATA_value  -9999
[rows 32 to 63 of 126, columns 72 to 143 of 173]
0.1153 0.1185 0.1361 0.1184 0.138 0.1363 0.1303 0.1393 0.1416 0.156 0.1768 0.1982 0.1708 0.1687 0.136 0.1134 0.1396 0.1482 0.2074 0.1919 0.205 0.1683 0.16843333 0.1431 0.1592 0.1782 0.1766 0.1278 0.1517 0.1317 0.1316 0.1298 0.1325 0.1289 0.1525 0.1498 0.144 0.1565 0.1607 0.1357 0.1276 0.158 0.1502 0.1451 0.1444 0.112 0.14 0.1155 0.1363 0.1231 0.1288 0.1068 0.1068 0.1024 0.0974 0.1019 0.0941 0.08245 0.09065 0.0899 0.0923 0.0904 0.0864 0.078 0.0772 0.0728 0.0845 0.0845 -9999 -9999 -9999 -9999
0.1131 0.1166 0.1029 0.1123 0.1424 0.1229 0.1507 0.1414 0.1303 0.1403 0.1243 0.137 0.1457 0.1801 0.1604 0.121 0.1362 0.1368 0.1516 0.1708 0.1599 0.1431 0.1357 0.1607 0.16945 0.1718 0.16 0.1603 0.1561 0.1401 0.1502 0.1563 0.1288 0.1309 0.1297 0.1408 0.1393 0.139 0.1436 0.1487 0.1158 0.1135 0.1303 0.1496 0.1563 0.1401 0.1217 0.1306 0.1403 0.1363 0.12495 0.1108 0.1108 0.0958 0.1125 0.1105 0.106 0.0825 0.075 0.08245 0.0774 0.0705 0.0829 0.0877 0.0714 0.0666 0.0719 0.0743 0.0818 0.0874 -9999 -9999
0.1118 0.1129 0.1096 0.10415 0.1212 0.1385 0.1352 0.1407 0.1385 0.1249 0.1316 0.1301 0.1438 0.1702 0.1298 0.134 0.1143 0.1319 0.1397 0.1299 0.1278 0.14045 0.1428 0.1328 0.1613 0.1433 0.1564 0.15534286 0.15534286 0.1432 0.1248 0.1484 0.175 0.1141 0.12275 0.13903333 0.1413 0.1361 0.1418 0.1283 0.12855 0.1224 0.126 0.1633 0.1401 0.1374 0.1324 0.1622 0.1361 0.1288 0.0836 0.1085 0.1085 0.122 0.1109 0.0928 0.0719 0.0838 0.0748 0.081 0.082 0.0825 0.0822 0.0685 0.0677 0.0716 0.0537 0.0776 0.0891 0.0667 -9999 -9999
0.1087 0.1082 0.1092 0.1106 0.101 0.1312 0.1257 0.1135 0.1249 0.1247 0.1453 0.1658 0.1802 0.1342 0.137 0.1263 0.1152 0.1319 0.137 0.1312 0.1371 0.1298 0.1391 0.1316 0.1259 0.1449 0.1401 0.16205 0.1534 0.1469 0.1391 0.1255 0.1443 0.145 0.1391 0.1313 0.1273 0.131 0.1417 0.1475 0.1452 0.1495 0.1454 0.1481 0.1385 0.1428 0.1102 0.1399 0.1231 0.1256 0.0984 0.0984 0.0984 0.119 0.10387143 0.0928 0.08245 0.0825 0.0833 0.0765 0.0788 0.083 0.0778 0.0765 0.0689 0.0662 0.07 0.0763 0.067 0.0659 0.0732 0.0777
0.0982 0.0929 0.0961 0.1105 0.111 0.107 0.0976 0.1181 0.1295 0.1393 0.1316 0.1428 0.1582 0.1366 0.1116 0.0993 0.1004 0.1173 0.1319 0.1076 0.1245 0.1139 0.1188 0.1258 0.1291 0.1386 0.1107 0.1451 0.1454 0.1508 0.1282 0.1382 0.131 0.1363 0.14815 0.1483 0.1455 0.1643 0.1603 0.16 0.1448 0.1421 0.1446 0.1643 0.1614 0.134 0.14815 0.1476 0.1392 0.1169 0.1419 0.1151 0.1151 0.107 0.0836 0.1002 0.0878 0.085 0.0872 0.0862 0.0742 0.0751 0.0711 0.0665 0.0619 0.0762 0.0656 0.0575 0.0625 0.0593 0.0684 0.0662
0.1009 0.0998 0.0868 0.0881 0.088 0.1002 0.0909 0.1005 0.111 0.1176 0.1171 0.1163 0.1259 0.1039 0.0959 0.0882 0.1044 0.1196 0.115 0.1002 0.0787 0.1085 0.1059 0.1041 0.1052 0.1361 0.1228 0.1412 0.1403 0.1446 0.1397 0.129 0.1428 0.1436 0.1259 0.1397 0.1468 0.14916 0.1577 0.156 0.1568 0.1394 0.14625 0.1221 0.14625 0.122 0.1283 0.1648 0.1251 0.1267 0.131 0.1258 0.1258 0.11145 0.1245 0.11445 0.0779 0.0809 0.0978 0.07925 0.0724 0.0762 0.0621 0.0724 0.0668 0.0627 0.0646 0.0762 0.055 0.0589 0.0576 0.0634
0.0953 0.1081 0.1053 0.0921 0.0994 0.0977 0.0971 0.0962 0.1199 0.0974 0.105 0.1087 0.0975 0.0962 0.0948 0.0838 0.0913 0.0943 0.1041 0.0932 0.1075 0.1016 0.1059 0.1087 0.1041 0.1105 0.1142 0.1316 0.1397 0.1451 0.14695 0.1244 0.1169 0.123 0.1475 0.1397 0.1438 0.1493 0.1592 0.1631 0.149 0.1601 0.1462 0.1585 0.1391 0.1419 0.1313 0.1272 0.1155 0.1362 0.1472 0.1483 0.1483 0.1124 0.108 0.0885 0.0961 0.0856 0.0789 0.0663 0.083 0.0838 0.1044 0.0852 0.0833 0.068 0.0699 0.0687 0.0618 0.0585 -9999 -9999
0.0961 0.0937 0.0937 0.0855 0.0922 0.0878 0.089 0.1055 0.1042 0.0981 0.0964 0.0994 0.1009 0.0845 0.0964 0.0734 0.0783 0.0784 0.088 0.0857 0.0993 0.0963 0.1065 0.1019 0.0995 0.0994 0.1028 0.1185 0.1217 0.1325 0.1293 0.1105 0.12 0.13903333 0.1494 0.1493 0.1518 0.1373 0.1501 0.1448 0.14045 0.1399 0.147 0.1537 0.1352 0.1382 0.104 0.1288 0.1389 0.1358 0.1424 0.1446 0.1446 0.1204 0.0857 0.0943 0.0857 0.0761 0.0675 0.0757 0.082 0.0628 0.0883 0.0825 0.0852 0.0686 0.073 0.0706 0.0762 0.0638 -9999 -9999
0.0973 0.0825 0.1055 0.0924 0.0924 0.0923 0.0977 0.0975 0.11 0.0974 0.0849 0.0847 0.0797 0.0869 0.0736 0.0664 0.06455 0.069 0.0836 0.08575 0.0891 0.0937 0.0979 0.1025 0.0878 0.0895 0.098 0.103 0.1109 0.1059 0.1015 0.1152 0.1293 0.119 0.149 0.145 0.0811 0.1382 0.1886 0.1534 0.1539 0.1091 0.1166 0.1142 0.1084 0.1614 0.1507 0.1158 0.1213 0.1422 0.1077 0.1084 0.1084 0.0811 0.1003 0.10053333 0.0931 0.0805 0.0761 0.0931 0.0809 0.0767 0.0738 0.0765 0.0686 0.0727 0.0803 0.0727 0.0659 0.0634 -9999 -9999
0.0875 0.0938 0.0829 0.104 0.0776 0.0938 0.0806 0.091 0.0901 0.0883 0.079 0.078 0.0713 0.0725 0.0797 0.0626 0.0666 0.0663 0.0767 0.0703 0.0783 0.0905 0.0937 0.107 0.0853 0.0954 0.0961 0.1025 0.1156 0.127 0.1259 0.109 0.1182 0.1391 0.1221 0.1568 0.17 0.1281 0.1412 0.1475 0.1413 0.1582 0.1309 0.1166 0.1155 0.122 0.1593 0.137 0.1163 0.1127 0.1248 0.1137 0.0874 0.0904 0.1003 0.0989 0.076 0.0759 0.0748 0.0813 0.10053333 0.0952 0.0779 0.076 0.0708 0.0646 0.0559 0.0661 0.0646 0.0621 -9999 -9999
0.093 0.0955 0.0862 0.0788 0.09825 0.0813 0.0777 0.0878 0.0865 0.0913 0.0762 0.0683 0.0686 0.0631 0.0639 0.0642 0.062 0.06365 0.074 0.068 0.0642 0.0666 0.0884 0.0807 0.0884 0.0898 0.09525 0.095 0.1131 0.112 0.0831 0.1186 0.1127 0.1632 0.1684 0.1434 0.1613 0.1328 0.1456 0.1266 0.1362 0.1546 0.1341 0.1257 0.1351 0.14735 0.1371 0.1391 0.1309 0.121 0.1262 0.0744 0.0744 0.0898 0.0934 0.0885 0.0834 0.0941 0.0904 0.1107 0.0894 0.0976 0.0867 0.081 0.0675 0.0683 0.0693 0.0745 0.0833 0.0607 -9999 -9999
0.0875 0.0833 0.0803 0.085 0.0885 0.0702 0.0809 0.0817 0.0809 0.0928 0.0882 0.0703 0.0736 0.0683 0.0677 0.0543 0.0496 0.0561 0.0562 0.0524 0.0539 0.057 0.0633 0.06805 0.0713 0.0765 0.0887 0.0878 0.1227 0.1117 0.0865 0.1005 0.1105 0.1226 0.1319 0.133 0.1465 0.1392 0.1328 0.1358 0.13903333 0.1341 0.1295 0.1249 0.1472 0.1326 0.1483 0.1288 0.121 0.1001 0.1094 0.1297 0.1046 0.1166 0.0971 0.0943 0.0929 0.1043 0.0963 0.1012 0.0904 0.087 0.0776 0.079 0.087 0.0883 0.0842 0.0852 0.0802 0.067 -9999 -9999
0.0802 0.0652 0.0646 0.077 0.0872 0.0927 0.0842 0.0938 0.0857 0.0807 0.0781 0.0629 0.058 0.0569 0.0562 0.0537 0.0554 0.0482 0.0512 0.0469 0.0539 0.0552 0.0552 0.0727 0.0697 0.059 0.0756 0.0759 0.1043 0.116 0.0784 0.0995 0.1297 0.1264 0.1378 0.1126 0.1309 0.1249 0.1391 0.139 0.1297 0.1255 0.1409 0.1421 0.1289 0.1409 0.14815 0.1135 0.0906 0.10755 0.0992 0.1152 0.1254 0.1 0.0868 0.1024 0.094 0.0966 0.0944 0.0942 0.0961 0.089 0.0883 0.0812 0.0628 0.0808 0.0808 0.0841 0.0807 0.0771 -9999 -9999
0.0884 0.0542 0.0659 0.0692 0.097 0.0925 0.0838 0.0839 0.0966 0.0885 0.0672 0.0637 0.0575 0.0506 0.049 0.0498 0.0469 0.0528 0.0486 0.051 0.0469 0.0544 0.0495 0.0523 0.059 0.0596 0.0698 0.0794 0.101 0.1054 0.11396667 0.1112 0.1132 0.1222 0.1291 0.12505 0.1319 0.137 0.1265 0.1558 0.1154 0.1326 0.119 0.1337 0.1284 0.1289 0.115 0.1138 0.0984 0.0886 0.1038 0.1099 0.1113 0.1067 0.108 0.0944 0.0931 0.0779 0.0907 0.085 0.073 0.0932 0.08925 0.0926 0.09065 0.0664 0.0899 0.0921 0.0861 0.08495 -9999 -9999
0.0908 0.0969 0.0683 0.0679 0.0888 0.0904 0.0785 0.0858 0.0956 0.0783 0.0689 0.063 0.057 0.0542 0.0487 0.038 0.043 0.0497 0.0487 0.0506 0.0517 0.0501 0.0525 0.058 0.0572 0.0535 0.0531 0.0632 0.0955 0.0984 0.1226 0.1209 0.1225 0.1272 0.126 0.1291 0.104 0.131 0.1434 0.1212 0.1212 0.1388 0.1423 0.1409 0.1407 0.1448 0.139 0.1422 0.1407 0.1185 0.1248 0.0883 0.096 0.1107 0.0836 0.1214 0.08995 0.0988 0.0974 0.1024 0.0812 0.0899 0.0885 0.0957 0.0898 0.0812 0.085 0.0788 0.0739 0.0644 0.0761 0.08965
0.0937 0.0876 0.0872 0.0668 0.0788 0.0966 0.09345 0.1008 0.0945 0.082 0.066 0.0619 0.0552 0.0495 0.0497 0.0418 0.0435 0.0434 0.04605 0.0486 0.0499 0.0412 0.04285 0.0538 0.0535 0.06 0.068 0.0721 0.0913 0.0933 0.0994 0.1113 0.118 0.122 0.1341 0.1391 0.1348 0.1012 0.1145 0.1397 0.1204 0.1264 0.12685 0.1304 0.1527 0.1052 0.1329 0.1407 0.13 0.1152 0.1131 0.0923 0.0923 0.1139 0.1014 0.1019 0.0909 0.0991 0.0947 0.0997 0.08245 0.0809 0.0923 0.0857 0.0937 0.1044 0.0983 0.0817 0.1063 0.0994 0.0932 0.089
0.0952 0.0883 0.0953 0.1177 0.105 0.0979 0.1038 0.0999 0.0812 0.072 0.0658 0.0654 0.0594 0.0543 0.0557 0.0524 0.0504 0.0469 0.0529 0.0412 0.0518 0.0441 0.0437 0.0469 0.0558 0.0583 0.0645 0.0836 0.0869 0.092 0.0981 0.1181 0.1192 0.1135 0.1156 0.1302 0.1289 0.0925 0.0998 0.1475 0.1321 0.1414 0.1139 0.1156 0.1301 0.137 0.1323 0.1222 0.1137 0.0992 0.114 0.1082 0.1082 0.1175 0.107 0.1124 0.1075 0.0856 0.0942 0.076 0.08025 0.0817 0.0956 0.10053333 0.0941 0.0946 0.1003 0.0954 0.1012 0.1159 0.0929 0.0946
0.0821 0.091 0.0868 0.1138 0.0975 0.1 0.1043 0.108 0.0985 0.0841 0.0659 0.0595 0.0546 0.0485 0.0496 0.0485 0.0506 0.0513 0.0497 0.0407 0.0525 0.04605 0.0517 0.0506 0.0523 0.0583 0.0633 0.0678 0.0713 0.0839 0.0724 0.0919 0.1248 0.0974 0.105 0.116 0.1222 0.1354 0.1325 0.1414 0.1326 0.1505 0.1428 0.1499 0.12 0.1264 0.1299 0.1152 0.1211 0.1196 0.0945 0.1195 0.1195 0.12505 0.1127 0.1016 0.1003 0.0825 0.08965 0.0821 0.0855 0.0977 0.0997 0.0956 0.1067 0.0898 0.0946 0.0909 0.105 0.1081 0.1107 0.1111
0.0828 0.0915 0.0883 0.0917 0.0892 0.1145 0.0966 0.0861 0.0838 0.0815 0.0693 0.0588 0.0654 0.055 0.0479 0.0542 0.0498 0.0469 0.0406 0.0484 0.0463 0.0483 0.0554 0.0619 0.062 0.0569 0.0467 0.0592 0.0725 0.0775 0.0974 0.0962 0.103 0.1003 0.0962 0.1151 0.1152 0.1132 0.141 0.1288 0.1483 0.112 0.1306 0.1154 0.127 0.129 0.1351 0.1153 0.1141 0.1391 0.107 0.1169 0.1026 0.1026 0.0929 0.1097 0.1006 0.1003 0.0985 0.0944 0.1105 0.1083 0.096133333 0.1129 0.117 0.0744 0.0892 0.108 0.0996 0.1077 0.1204 0.1297
0.0833 0.0921 0.0803 0.0894 0.0867 0.0807 0.0832 0.0706 0.0674 0.0669 0.0659 0.0531 0.0561 0.0552 0.0612 0.0477 0.0485 0.053 0.0451 0.0438 0.0557 0.0477 0.05455 0.0545 0.0481 0.0504 0.0552 0.0589 0.066 0.0802 0.0993 0.0919 0.1059 0.109 0.1043 0.0962 0.1171 0.1249 0.1614 0.131 0.12 0.134 0.122 0.1335 0.1397 0.1313 0.1299 0.1114 0.1336 0.1266 0.1166 0.1039 0.1039 0.1211 0.0984 0.0904 0.0882 0.10053333 0.1073 0.1039 0.1045 0.1049 0.1025 0.1138 0.126 0.1095 0.1084 0.1156 0.1419 0.1565 0.119 0.1191
0.0839 0.0867 0.0852 0.0794 0.0794 0.0747 0.0676 0.0632 0.0685 0.0608 0.0542 0.0523 0.0497 0.0377 0.0406 0.0487 0.0493 0.0485 0.0497 0.052 0.0517 0.0594 0.0581 0.0636 0.0579 0.07 0.0666 0.0708 0.0725 0.0838 0.0851 0.0924 0.0933 0.0981 0.085 0.081 0.109 0.1106 0.13545 0.1151 0.1318 0.1278 0.1248 0.1133 0.1243 0.1153 0.1228 0.1059 0.102 0.1033 0.0987 0.0985 0.094 0.1034 0.089 0.0812 0.102 0.1115 0.1024 0.1192 0.0949 0.1151 0.0945 0.119 0.1106 0.1202 0.1207 0.107 0.1117 0.1229 0.1154 0.1101
0.065 0.0751 0.0808 0.0657 0.0659 0.0685 0.0635 0.0608 0.0662 0.0601 0.0482 0.0525 0.0472 0.0496 0.0465 0.048 0.0407 0.0435 0.0481 0.0481 0.0506 0.0514 0.0527 0.0551 0.0633 0.069 0.0666 0.0569 0.0808 0.0907 0.0985 0.085 0.0928 0.0991 0.109 0.1042 0.1058 0.1099 0.1052 0.1175 0.1094 0.1162 0.1016 0.1228 0.0966 0.1087 0.1051 0.1009 0.1013 0.0916 0.0936 0.0852 0.0993 0.0947 0.1092 0.1 0.107 0.10955 0.1366 0.1246 0.1169 0.1141 0.121 0.1169 0.1301 0.0906 0.0887 0.1245 0.1156 0.0992 0.10387143 0.126
0.0677 0.0756 0.0664 0.0678 0.0735 0.068 0.06805 0.0656 0.0574 0.0588 0.0529 0.0497 0.0525 0.0545 0.0407 0.0479 0.044 0.0438 0.0468 0.05285 0.051 0.0523 0.0497 0.0439 0.0471 0.0487 0.0536 0.0658 0.0701 0.0689 0.0807 0.0926 0.0933 0.0971 0.111 0.1161 0.0984 0.1023 0.0958 0.1104 0.0949 0.114 0.102 0.1269 0.1318 0.0919 0.0675 0.0815 0.0851 0.0969 0.0966 0.081 0.0812 0.1101 0.1001 0.1019 0.1371 0.1322 0.13495 0.1106 0.1391 0.1326 0.1428 0.1414 0.1392 0.1072 0.0958 0.11445 0.1076 0.1191 0.122 0.1199
0.0625 0.068 0.0637 0.0576 0.058 0.053 0.059 0.0535 0.0427 0.052 0.0519 0.0397 0.0392 0.0449 0.0412 0.0383 0.0389 0.0449 0.0416 0.0466 0.0504 0.0476 0.0471 0.0452 0.04605 0.0475 0.061 0.0676 0.0552 0.0689 0.0663 0.0807 0.0868 0.1059 0.1296 0.1227 0.105 0.1052 0.0836 0.1151 0.1124 0.0887 0.0993 0.1153 0.0776 0.0778 0.0669 0.0857 0.0966 0.08925 0.1054 0.1059 0.1159 0.1297 0.1179 0.1392 0.133 0.1197 0.119 0.1267 0.1401 0.1318 0.1288 0.131 0.1152 0.1424 0.1202 0.1126 0.1202 0.1115 0.1177 0.1199
0.0644 0.0538 0.0531 0.0531 0.0573 0.0472 0.0519 0.049 0.0486 0.0482 0.0487 0.0396 0.0321 0.0412 0.0471 0.0377 0.0393 0.0401 0.0441 0.0461 0.0451 0.0539 0.0506 0.0654 0.0569 0.0551 0.0626 0.0645 0.0766 0.0657 0.0711 0.082 0.09 0.1129 0.0982 0.109 0.0999 0.1046 0.1014 0.1026 0.1038 0.0995 0.1063 0.0882 0.08245 0.0991 0.081 0.0931 0.12 0.1155 0.1053 0.1135 0.1135 0.1221 0.1315 0.1483 0.1414 0.1301 0.1308 0.1316 0.1486 0.1481 0.131 0.12445 0.1267 0.1288 0.0958 0.1214 0.1167 0.1295 0.1115 0.1137
0.0678 0.064 0.0656 0.0505 0.0623 0.0483 0.0573 0.0509 0.0494 0.0485 0.052 0.0465 0.0396 0.0378 0.041 0.0492 0.042 0.0353 0.0355 0.0497 0.0467 0.0579 0.0588 0.0486 0.0495 0.0574 0.0559 0.0621 0.0651 0.0818 0.0835 0.0991 0.1166 0.1107 0.0909 0.1086 0.1033 0.0937 0.0991 0.0983 0.08925 0.0966 0.0946 0.114 0.1154 0.0953 0.0977 0.0686 0.0804 0.1158 0.1105 0.1167 0.1167 0.1399 0.1483 0.116 0.1217 0.1363 0.1418 0.1292 0.1672 0.1563 0.1418 0.1321 0.1295 0.11 0.1154 0.114 0.122 0.1175 0.1199 0.108
0.0758 0.0666 0.08 0.0641 0.0574 0.0622 0.0566 0.04965 0.05865 0.04605 0.0484 0.0447 0.0442 0.0475 0.0444 0.045 0.0429 0.0354 0.0351 0.0557 0.0519 0.0615 0.0692 0.0496 0.04685 0.0486 0.0657 0.0777 0.0638 0.0774 0.0825 0.09205 0.0986 0.0966 0.0942 0.0969 0.0878 0.0969 0.0898 0.0803 0.0966 0.1033 0.1087 0.1245 0.1031 0.0934 0.08415 0.0734 0.0733 0.1154 0.1106 0.1328 0.1328 0.1229 0.1267 0.1258 0.1475 0.1424 0.1483 0.1614 0.1241 0.1241 0.14 0.1396 0.1191 0.1056 0.1145 0.107 0.1117 0.0982 0.1142 0.0887
0.0772 0.0789 0.0716 0.0686 0.0525 0.0552 0.0533 0.0558 0.0551 0.0456 0.045 0.0471 0.049 0.0462 0.041 0.042 0.0382 0.0418 0.0472 0.0473 0.0512 0.061 0.0484 0.0545 0.06455 0.0666 0.0554 0.0653 0.0687 0.07 0.0838 0.0966 0.0929 0.091 0.0878 0.0909 0.0819 0.1055 0.105 0.0983 0.088166667 0.0919 0.0991 0.1059 0.0963 0.0739 0.0761 0.0883 0.09205 0.1225 0.1191 0.108 0.108 0.121 0.125 0.1267 0.135 0.1267 0.1257 0.1765 0.1666 0.1765 0.1765 0.1308 0.1221 0.1391 0.1684 0.1324 0.131 0.1151 0.1296 0.1135
0.0918 0.0741 0.0686 0.0663 0.07 0.0508 0.0491 0.0578 0.0538 0.0542 0.0527 0.0557 0.0452 0.042 0.0295 0.029 0.0295 0.034 0.0453 0.0377 0.0581 0.0558 0.0632 0.0662 0.0593 0.0657 0.0713 0.0735 0.0635 0.0769 0.0789 0.0864 0.0864 0.0898 0.0959 0.1143 0.1037 0.1113 0.0812 0.0868 0.0878 0.0984 0.0962 0.1126 0.0916 0.0995 0.0946 0.0967 0.1106 0.10415 0.1117 0.129 0.129 0.1272 0.1221 0.1369 0.1091 0.1316 0.1229 0.1367 0.1399 0.1091 0.1218 0.1223 0.13495 0.133 0.1448 0.1241 0.1279 0.1229 0.1072 0.1105
0.0823 0.065 0.0766 0.0666 0.0687 0.0764 0.066 0.0659 0.0658 0.0573 0.0506 0.0525 0.0471 0.0398 0.0297 0.0297 0.029 0.0384 0.0406 0.0535 0.0538 0.0568 0.059 0.0621 0.0592 0.0622 0.0736 0.0747 0.0765 0.078 0.08 0.0751 0.0884 0.1009 0.0923 0.1026 0.1087 0.107 0.1 0.0937 0.0917 0.1101 0.1113 0.1211 0.093 0.0982 0.105 0.1025 0.1192 0.1141 0.1163 0.1392 0.1392 0.1458 0.1438 0.1367 0.1666 0.1454 0.1368 0.1308 0.112 0.1432 0.1399 0.1226 0.135 0.1299 0.1563 0.1613 0.1614 0.171 0.145 0.1294
0.0791 0.0729 0.0746 0.0776 0.0739 0.08 0.0743 0.07135 0.0665 0.057 0.0559 0.0473 0.0416 0.0408 0.0326 0.0317 0.0385 0.0463 0.045 0.051 0.0484 0.0509 0.0665 0.0639 0.0545 0.066 0.0668 0.0659 0.0814 0.0749 0.066 0.077 0.0934 0.0995 0.1156 0.106 0.10955 0.1177 0.1145 0.0992 0.1039 0.104 0.0984 0.11205 0.106 0.1134 0.1153 0.108 0.1169 0.1267 0.1355 0.1362 0.1362 0.1565 0.1539 0.161 0.1289 0.15065 0.112 0.1486 0.1432 0.15235 0.1551 0.1741 0.1669 0.175 0.136 0.1643 0.1448 0.1545 0.123 0.1399
0.079 0.0706 0.0757 0.0759 0.0754 0.0737 0.0758 0.0707 0.0635 0.0578 0.0633 0.052 0.0544 0.0467 0.0467 0.0429 0.0414 0.051 0.0514 0.0539 0.0685 0.0552 0.0583 0.0767 0.0652 0.073 0.0652 0.0719 0.0856 0.076 0.068 0.08325 0.0803 0.0982 0.0984 0.1067 0.0967 0.0908 0.1008 0.0891 0.1034 0.0962 0.1095 0.1161 0.1092 0.1148 0.1115 0.11 0.1355 0.1257 0.12775 0.1401 0.1694 0.1512 0.15534286 0.1499 0.1669 0.1625 0.1642 0.2043 0.1292 0.1607 0.15065 0.1768 0.1637 0.1471 0.1672 0.1684 0.1409 0.1443 0.1684 0.1357
