GIS/bfa_init_pop.asc
ncols         173
nrows         126
xllcorner     224227.65281
yllcorner     1039207.04677
cellsize      5000
NODATA_value  -9999
[rows 78 to 116 of 126, columns 0 to 87 of 173]
-9999 -9999 -9999 -9999 -9999 -9999 -9999 1303 786 862 894 976 739 841 760 764 1119 886 630 648 1022 1691 2173 780 1267 1167 1119 925 531 370 289 338 451 655 796 403 409 739 839 776 930 1651 2042 2415 1469 1020 1891 1296 1034 2888 1569 900 710 355 365 458 468 300 443 1856 2207 1388 815 428 347 331 416 694 502 519 528 537 970 1452 668 737 918 990 1317 1361 1510 2522 3144 1170 753 640 592 588
-9999 -9999 -9999 -9999 -9999 -9999 -9999 669 932 986 603 833 969 1076 632 719 957 1408 708 952 777 648 1774 1483 1493 1610 807 497 723 387 539 772 530 830 448 410 914 1359 1822 1305 1840 1497 1421 5041 3956 1088 1377 1182 846 1793 1441 912 807 560 420 474 498 503 816 1192 1975 1254 592 294 297 405 397 496 460 535 553 702 1123 1116 708 640 662 792 773 1030 1519 1727 1473 1021 710 630 690 744
-9999 -9999 -9999 -9999 -9999 -9999 -9999 512 1003 846 794 1061 713 817 859 851 759 668 523 670 606 474 857 2173 1401 1023 555 525 523 499 480 526 1096 643 326 461 881 1181 1349 1179 1380 1750 1863 4116 2731 974 771 714 791 1344 2401 1409 1323 849 669 1120 1283 1084 1506 1123 1235 1362 626 439 346 349 348 668 877 621 831 890 1774 1103 905 667 698 640 712 1440 1283 1070 1010 754 628 664 755 1016
-9999 -9999 -9999 -9999 -9999 -9999 -9999 364 916 1092 1231 542 1195 1279 828 1402 1434 886 513 715 885 841 905 1618 2642 884 535 668 1595 2702 994 541 979 640 413 673 1135 1161 1018 907 1086 1827 2203 2013 1205 857 735 743 1346 1555 1625 1130 994 849 905 1343 1179 1414 963 1051 1760 1148 781 548 480 519 408 492 820 717 638 681 1256 1138 655 558 524 488 580 941 1064 1100 939 616 614 763 808 775
-9999 -9999 -9999 -9999 -9999 -9999 727 492 455 641 690 569 585 849 682 1007 1441 878 495 569 778 1055 862 1006 2271 1907 1052 794 1954 3902 3151 1520 438 440 505 666 727 759 744 801 1023 2063 1828 977 579 564 1093 1003 1079 878 757 841 1087 801 1012 843 844 1347 1035 1276 1284 957 1090 726 727 747 505 442 760 850 653 777 846 1084 770 729 521 545 577 749 1093 1046 904 508 450 843 1021 727
-9999 -9999 -9999 -9999 -9999 -9999 712 458 551 585 499 742 524 701 792 4409 6313 608 418 524 606 949 666 915 1272 2215 2602 1099 4120 4468 6805 5147 1761 463 528 915 536 546 545 528 896 1195 820 939 696 682 949 977 887 938 915 907 1118 1256 1453 1409 1320 989 988 1365 1025 1059 1280 1190 912 788 392 402 684 989 928 828 778 907 976 608 671 726 691 888 1023 889 594 555 509 474 678 829
-9999 -9999 -9999 -9999 -9999 -9999 810 529 487 537 384 490 508 1669 2570 2951 1618 661 530 516 772 1613 3670 4634 2459 5496 8236 4588 7796 4541 3964 3046 1188 552 619 729 621 704 843 741 1422 1272 1051 857 699 606 757 717 749 923 923 966 1206 1579 1098 1170 1370 1031 1053 1299 1106 984 1264 1720 1109 942 753 546 521 577 813 1100 955 818 975 760 542 546 823 735 478 405 469 385 352 404 472 516
-9999 -9999 -9999 -9999 -9999 252 428 772 352 562 450 384 442 1033 1127 1108 578 534 611 846 780 2337 5434 6894 6339 7053 29477 23034 7550 5614 3839 836 770 565 563 627 827 1111 1535 1563 1793 809 627 540 468 463 585 601 656 786 913 878 1017 1676 1452 1256 1478 1335 479 766 790 308 479 1753 1399 1061 692 408 257 418 582 1069 1088 839 853 1224 882 854 655 397 346 324 350 307 321 439 536 562
-9999 -9999 -9999 -9999 225 373 474 602 318 855 574 718 651 1554 988 584 693 807 434 629 1449 3009 4925 5748 6016 20672 41669 41888 21328 8026 6887 3987 5642 1243 812 816 1104 1267 1198 750 605 492 670 817 496 523 620 773 960 1137 1491 1209 1057 1777 1693 1228 1025 496 297 297 406 1087 509 514 1158 726 381 307 295 245 245 386 812 1217 965 1114 1273 909 534 370 335 319 357 316 422 686 703 1247
-9999 -9999 -9999 -9999 418 423 509 290 298 545 538 1334 694 741 536 412 404 466 379 479 1573 5343 5366 8589 11748 18153 32476 26786 13635 10446 5606 2847 2009 579 538 583 873 1033 664 492 426 400 474 559 672 722 928 1094 974 913 973 1452 1424 3210 2382 1507 865 612 350 283 362 1105 1061 472 262 341 345 365 450 336 511 585 1441 1477 1947 2748 1293 863 862 648 595 421 394 338 437 975 1275 854
-9999 -9999 275 583 1255 780 616 566 850 540 170 322 1320 1056 659 363 606 919 822 904 1288 5262 4901 3223 4912 8190 10271 3521 2974 2884 3832 2853 778 782 864 994 918 857 836 661 442 424 475 600 651 625 992 900 797 867 1074 1589 1440 1604 1195 1428 878 860 475 337 371 1013 1087 669 229 346 386 328 378 408 1390 1042 1091 1322 4178 3997 1708 1181 753 808 1095 586 538 346 314 425 804 668
-9999 780 614 1203 701 1047 1218 963 1137 1083 632 1445 1326 949 490 415 428 547 513 965 1039 1813 1458 811 2639 8294 4579 3953 3659 3436 2601 1535 1539 1207 694 634 635 802 805 782 623 497 508 539 513 488 464 638 720 861 1214 1419 1335 1325 965 1470 829 623 459 618 843 939 738 547 342 610 716 505 503 471 384 731 971 946 1510 1473 986 862 611 593 780 750 484 379 322 365 374 368
-9999 448 521 537 1238 1246 1118 680 459 249 1346 3539 1955 5844 1189 872 532 384 659 635 743 1099 891 964 1441 1352 2324 3461 2950 2758 1200 1639 3179 1161 656 560 683 918 809 754 1043 626 682 650 661 574 472 744 827 1373 1646 1367 1858 1384 1032 1359 1025 727 495 359 1460 749 332 386 458 427 467 361 277 370 605 959 1264 829 1149 1581 702 686 872 622 495 482 735 537 248 260 -9999 -9999
-9999 220 404 528 757 1290 1616 556 362 432 1211 1758 1354 3627 1226 680 450 831 833 694 425 614 1318 1776 965 656 645 845 1246 1605 1052 1231 1344 1645 1148 800 655 757 1076 1140 1270 854 548 502 616 661 702 1364 1267 4949 4454 1539 1662 1132 1216 1817 2706 3049 1009 -9999 -9999 -9999 -9999 -9999 -9999 -9999 -9999 -9999 -9999 -9999 -9999 -9999 -9999 -9999 -9999 -9999 -9999 -9999 -9999 -9999 -9999 -9999 -9999 -9999 -9999 -9999 -9999 -9999
-9999 271 445 542 669 743 1338 326 342 376 497 755 714 687 519 502 416 773 650 523 505 862 1383 969 719 745 592 706 607 566 687 1027 1568 1340 1611 1390 1110 1082 1412 1093 1182 656 694 701 956 766 880 1106 1345 1618 1153 1028 1383 1018 1282 1861 3051 2189 891 -9999 -9999 -9999 -9999 -9999 -9999 -9999 -9999 -9999 -9999 -9999 -9999 -9999 -9999 -9999 -9999 -9999 -9999 -9999 -9999 -9999 -9999 -9999 -9999 -9999 -9999 -9999 -9999 -9999
-9999 -9999 564 572 597 357 442 497 365 167 178 460 809 808 706 909 619 640 532 1046 990 1224 1391 894 823 863 635 647 613 646 893 1518 1311 1002 1261 1236 1057 982 722 514 410 399 663 553 520 474 722 510 789 1581 936 693 720 670 980 1437 2098 1107 -9999 -9999 -9999 -9999 -9999 -9999 -9999 -9999 -9999 -9999 -9999 -9999 -9999 -9999 -9999 -9999 -9999 -9999 -9999 -9999 -9999 -9999 -9999 -9999 -9999 -9999 -9999 -9999 -9999 -9999
-9999 -9999 757 638 682 607 458 411 344 333 857 744 1145 1157 878 754 542 780 744 1735 913 1513 1208 918 762 704 1083 1041 722 899 1180 1657 1367 1232 771 1080 1187 728 546 437 334 366 587 830 931 693 734 667 479 1079 832 588 484 571 869 1533 1124 982 -9999 -9999 -9999 -9999 -9999 -9999 -9999 -9999 -9999 -9999 -9999 -9999 -9999 -9999 -9999 -9999 -9999 -9999 -9999 -9999 -9999 -9999 -9999 -9999 -9999 -9999 -9999 -9999 -9999 -9999
-9999 -9999 553 391 794 667 657 628 833 598 312 484 922 1259 716 352 411 1934 861 418 622 889 854 1076 1032 741 1061 1018 675 717 849 1396 1465 881 944 1349 1121 685 553 499 567 989 1855 1264 1087 1055 1320 924 342 659 561 341 289 404 763 932 717 506 -9999 -9999 -9999 -9999 -9999 -9999 -9999 -9999 -9999 -9999 -9999 -9999 -9999 -9999 -9999 -9999 -9999 -9999 -9999 -9999 -9999 -9999 -9999 -9999 -9999 -9999 -9999 -9999 -9999 -9999
-9999 653 483 489 690 1102 674 467 614 654 275 284 547 1275 852 1282 672 2276 784 664 1411 1068 792 801 865 1438 1647 1100 1010 1202 1071 1292 957 1089 1113 1295 689 655 1208 1441 1521 1615 2274 1452 1182 1110 1367 558 290 429 439 352 280 353 508 527 625 -9999 -9999 -9999 -9999 -9999 -9999 -9999 -9999 -9999 -9999 -9999 -9999 -9999 -9999 -9999 -9999 -9999 -9999 -9999 -9999 -9999 -9999 -9999 -9999 -9999 -9999 -9999 -9999 -9999 -9999 -9999
-9999 1045 1247 515 450 490 608 1108 1128 659 371 371 534 1382 1517 3516 5464 6109 1179 1030 984 928 795 862 1534 1389 1789 3113 2190 1154 1021 1147 807 1024 1240 931 894 722 1200 1613 1496 1092 1695 1545 1237 1059 1055 461 307 449 513 449 485 506 542 569 680 -9999 -9999 -9999 -9999 -9999 -9999 -9999 -9999 -9999 -9999 -9999 -9999 -9999 -9999 -9999 -9999 -9999 -9999 -9999 -9999 -9999 -9999 -9999 -9999 -9999 -9999 -9999 -9999 -9999 -9999 -9999
-9999 857 1277 674 1117 762 1061 1614 1932 1573 619 320 474 1571 1949 5570 14014 11321 1769 1800 1478 1840 1185 1248 1203 934 967 1562 1422 1661 1276 876 710 753 990 994 731 897 992 701 645 421 779 683 920 622 371 324 345 524 997 448 562 866 928 647 -9999 -9999 -9999 -9999 -9999 -9999 -9999 -9999 -9999 -9999 -9999 -9999 -9999 -9999 -9999 -9999 -9999 -9999 -9999 -9999 -9999 -9999 -9999 -9999 -9999 -9999 -9999 -9999 -9999 -9999 -9999 -9999
-9999 516 838 1436 1632 888 852 1703 1376 1430 506 439 738 1470 1919 3105 3458 2764 1489 1946 1605 1579 927 1037 1105 949 1084 1101 825 1045 1584 816 1055 1030 1057 988 660 648 679 621 455 471 680 595 614 408 383 370 437 576 852 460 417 608 675 608 690 -9999 -9999 -9999 -9999 -9999 -9999 -9999 -9999 -9999 -9999 -9999 -9999 -9999 -9999 -9999 -9999 -9999 -9999 -9999 -9999 -9999 -9999 -9999 -9999 -9999 -9999 -9999 -9999 -9999 -9999 -9999
-9999 767 2245 1602 1371 1495 927 871 972 852 609 537 875 1145 1422 2242 3092 2170 1264 1931 1243 877 783 1057 831 823 849 930 707 708 980 1312 1430 1204 940 876 579 701 653 651 585 609 456 654 588 522 661 564 521 662 828 445 423 490 511 683 1103 -9999 -9999 -9999 -9999 -9999 -9999 -9999 -9999 -9999 -9999 -9999 -9999 -9999 -9999 -9999 -9999 -9999 -9999 -9999 -9999 -9999 -9999 -9999 -9999 -9999 -9999 -9999 -9999 -9999 -9999 -9999
-9999 1045 1702 1304 1701 1232 651 646 1122 800 757 1320 996 1338 1000 1792 2678 1659 1015 1172 1016 771 660 701 746 747 762 812 645 653 949 1163 1382 1076 792 615 587 791 638 627 477 446 605 625 418 417 527 543 782 719 794 616 497 728 890 1198 1088 -9999 -9999 -9999 -9999 -9999 -9999 -9999 -9999 -9999 -9999 -9999 -9999 -9999 -9999 -9999 -9999 -9999 -9999 -9999 -9999 -9999 -9999 -9999 -9999 -9999 -9999 -9999 -9999 -9999 -9999 -9999
1075 1639 1488 1376 1749 1980 1329 804 1351 982 807 1658 1193 823 612 1366 2483 1464 1853 1031 863 905 786 664 910 874 760 767 658 636 769 947 894 1537 959 709 616 611 571 522 365 414 751 502 371 349 366 391 667 512 791 915 719 694 871 1412 1135 780 -9999 -9999 -9999 -9999 -9999 -9999 -9999 -9999 -9999 -9999 -9999 -9999 -9999 -9999 -9999 -9999 -9999 -9999 -9999 -9999 -9999 -9999 -9999 -9999 -9999 -9999 -9999 -9999 -9999 -9999
952 1518 1563 1466 1061 1626 1478 485 783 549 1250 897 737 635 1039 1120 1132 1095 1465 1223 959 1148 787 677 737 739 767 910 970 701 688 727 793 928 750 791 1347 998 617 462 344 397 587 546 411 362 353 419 693 759 920 1472 1020 712 706 896 869 1003 864 492 -9999 -9999 -9999 -9999 -9999 -9999 -9999 -9999 -9999 -9999 -9999 -9999 -9999 -9999 -9999 -9999 -9999 -9999 -9999 -9999 -9999 -9999 -9999 -9999 -9999 -9999 -9999 -9999
-9999 852 1880 1437 975 928 664 414 537 445 992 985 1293 627 931 1247 580 749 747 829 790 941 706 608 632 655 666 714 868 1018 760 933 923 657 761 677 1431 1228 738 423 458 493 669 641 478 426 391 687 1349 1235 1438 3353 1245 877 969 730 717 868 762 -9999 -9999 -9999 -9999 -9999 -9999 -9999 -9999 -9999 -9999 -9999 -9999 -9999 -9999 -9999 -9999 -9999 -9999 -9999 -9999 -9999 -9999 -9999 -9999 -9999 -9999 -9999 -9999 -9999
-9999 -9999 934 1717 761 537 528 323 360 399 665 1042 1132 1662 1177 680 519 812 614 480 622 641 577 589 680 715 607 777 807 743 863 873 664 666 582 605 767 1008 687 601 1169 880 1038 1769 886 718 566 749 2291 1886 2454 6509 1884 786 892 733 612 676 -9999 -9999 -9999 -9999 -9999 -9999 -9999 -9999 -9999 -9999 -9999 -9999 -9999 -9999 -9999 -9999 -9999 -9999 -9999 -9999 -9999 -9999 -9999 -9999 -9999 -9999 -9999 -9999 -9999 -9999
-9999 -9999 -9999 -9999 -9999 -9999 -9999 -9999 -9999 442 530 824 1542 6641 1323 576 595 813 455 378 389 501 515 684 620 823 645 653 686 897 912 770 672 785 743 589 638 637 582 484 867 787 830 2066 1209 717 536 571 703 1319 1851 1565 1071 837 648 566 354 349 410 -9999 -9999 -9999 -9999 -9999 -9999 -9999 -9999 -9999 -9999 -9999 -9999 -9999 -9999 -9999 -9999 -9999 -9999 -9999 -9999 -9999 -9999 -9999 -9999 -9999 -9999 -9999 -9999 -9999
-9999 -9999 -9999 -9999 -9999 -9999 -9999 -9999 -9999 427 684 1215 1435 877 877 793 850 546 427 353 352 389 406 632 814 687 777 895 890 686 759 733 689 767 780 588 534 566 545 428 613 539 536 981 1301 788 621 666 733 977 1070 914 790 871 706 601 428 375 456 444 -9999 -9999 -9999 -9999 -9999 -9999 -9999 -9999 -9999 -9999 -9999 -9999 -9999 -9999 -9999 -9999 -9999 -9999 -9999 -9999 -9999 -9999 -9999 -9999 -9999 -9999 -9999 -9999
-9999 -9999 -9999 -9999 -9999 -9999 -9999 -9999 -9999 430 854 1121 945 471 490 574 547 477 439 425 394 336 352 421 603 700 646 581 669 790 994 747 952 768 931 608 517 502 500 399 447 694 701 883 1470 1476 1087 656 484 494 704 823 708 427 415 599 770 1064 842 401 -9999 -9999 -9999 -9999 -9999 -9999 -9999 -9999 -9999 -9999 -9999 -9999 -9999 -9999 -9999 -9999 -9999 -9999 -9999 -9999 -9999 -9999 -9999 -9999 -9999 -9999 -9999 -9999
-9999 -9999 -9999 -9999 -9999 -9999 -9999 -9999 -9999 -9999 734 494 468 439 550 650 796 617 553 532 399 334 331 397 648 566 498 475 635 716 572 600 677 611 862 638 566 666 1009 520 424 772 677 767 1237 1529 792 540 422 345 263 344 380 367 326 461 1321 1833 1202 753 -9999 -9999 -9999 -9999 -9999 -9999 -9999 -9999 -9999 -9999 -9999 -9999 -9999 -9999 -9999 -9999 -9999 -9999 -9999 -9999 -9999 -9999 -9999 -9999 -9999 -9999 -9999 -9999
-9999 -9999 -9999 -9999 -9999 -9999 -9999 -9999 -9999 -9999 258 391 542 583 578 780 805 539 558 413 397 369 400 500 793 551 470 484 577 595 475 439 523 621 1401 965 1060 1210 1187 641 659 634 590 663 786 898 648 575 516 523 379 310 355 309 318 339 965 1096 919 592 -9999 -9999 -9999 -9999 -9999 -9999 -9999 -9999 -9999 -9999 -9999 -9999 -9999 -9999 -9999 -9999 -9999 -9999 -9999 -9999 -9999 -9999 -9999 -9999 -9999 -9999 -9999 -9999
-9999 -9999 -9999 -9999 -9999 -9999 -9999 -9999 -9999 -9999 -9999 -9999 595 545 572 807 540 446 425 384 374 426 447 531 984 595 510 507 548 487 439 428 493 906 1095 1093 1203 1745 1337 1110 990 687 535 658 817 981 764 778 836 414 308 348 373 306 370 343 780 729 532 757 -9999 -9999 -9999 -9999 -9999 -9999 -9999 -9999 -9999 -9999 -9999 -9999 -9999 -9999 -9999 -9999 -9999 -9999 -9999 -9999 -9999 -9999 -9999 -9999 -9999 -9999 -9999 -9999
-9999 -9999 -9999 -9999 -9999 -9999 -9999 -9999 -9999 -9999 -9999 -9999 653 421 403 460 437 601 469 400 473 462 440 511 823 816 577 530 632 569 492 452 471 532 817 931 1077 1199 1280 1118 1026 809 519 581 672 1091 718 761 1066 476 433 456 492 360 365 377 507 574 439 570 -9999 -9999 -9999 -9999 -9999 -9999 -9999 -9999 -9999 -9999 -9999 -9999 -9999 -9999 -9999 -9999 -9999 -9999 -9999 -9999 -9999 -9999 -9999 -9999 -9999 -9999 -9999 -9999
-9999 -9999 -9999 -9999 -9999 -9999 -9999 -9999 -9999 -9999 -9999 -9999 439 429 326 301 339 393 615 443 641 619 545 498 577 764 579 577 595 773 545 463 446 425 508 892 1206 1138 1063 976 892 770 505 521 660 1337 738 648 666 533 499 520 544 463 452 459 504 635 429 504 -9999 -9999 -9999 -9999 -9999 -9999 -9999 -9999 -9999 -9999 -9999 -9999 -9999 -9999 -9999 -9999 -9999 -9999 -9999 -9999 -9999 -9999 -9999 -9999 -9999 -9999 -9999 -9999
-9999 -9999 -9999 -9999 -9999 -9999 -9999 -9999 -9999 -9999 -9999 -9999 447 419 352 299 296 333 405 379 622 1241 775 657 588 1039 923 680 476 500 524 466 426 397 593 1015 1333 1058 -9999 -9999 -9999 -9999 -9999 -9999 -9999 497 548 633 571 583 -9999 408 599 865 757 832 715 727 467 730 -9999 -9999 -9999 -9999 -9999 -9999 -9999 -9999 -9999 -9999 -9999 -9999 -9999 -9999 -9999 -9999 -9999 -9999 -9999 -9999 -9999 -9999 -9999 -9999 -9999 -9999 -9999 -9999
-9999 -9999 -9999 -9999 -9999 -9999 -9999 -9999 -9999 -9999 -9999 -9999 -9999 -9999 199 306 289 286 294 306 471 924 636 632 764 714 687 725 483 442 459 436 407 443 323 -9999 -9999 -9999 -9999 -9999 -9999 -9999 -9999 -9999 -9999 -9999 -9999 -9999 388 399 -9999 556 994 1125 754 783 1240 1247 506 655 -9999 -9999 -9999 -9999 -9999 -9999 -9999 -9999 -9999 -9999 -9999 -9999 -9999 -9999 -9999 -9999 -9999 -9999 -9999 -9999 -9999 -9999 -9999 -9999 -9999 -9999 -9999 -9999
-9999 -9999 -9999 -9999 -9999 -9999 -9999 -9999 -9999 -9999 -9999 -9999 -9999 -9999 -9999 -9999 302 291 273 291 392 469 595 1110 862 637 527 656 476 477 -9999 425 -9999 -9999 -9999 -9999 -9999 -9999 -9999 -9999 -9999 -9999 -9999 -9999 -9999 -9999 -9999 -9999 -9999 -9999 -9999 -9999 -9999 1728 1047 477 528 550 508 883 664 -9999 -9999 -9999 -9999 -9999 -9999 -9999 -9999 -9999 -9999 -9999 -9999 -9999 -9999 -9999 -9999 -9999 -9999 -9999 -9999 -9999 -9999 -9999 -9999 -9999 -9999 -9999
