GIS/bfa_beta.asc
ncols         173
nrows         126
xllcorner     224227.65281
yllcorner     1039207.04677
cellsize      5000
NODATA_value  -9999
[rows 66 to 98 of 126, columns 0 to 72 of 173]
-9999 -9999 -9999 -9999 -9999 -9999 -9999 -9999 -9999 -9999 -9999 -9999 -9999 -9999 -9999 -9999 -9999 -9999 -9999 0.2738 0.2684 0.2689 0.599 0.584 0.482 0.2161 0.2577 0.201 0.2152 0.214 0.171 0.194 0.1595 0.1696 0.1818 0.1525 0.1445 0.156 0.1827 0.13885 0.15 0.1606 0.1737 0.1737 0.16 0.1827 0.16171429 0.1683 0.165 0.1358 0.1353 0.17 0.1998 0.17015 0.129 0.13885 0.16 0.19096667 0.2162 0.17605 0.1566 0.1586 0.1513 0.12985 0.1168 0.149 0.1513 0.1152 0.1055 0.1165 0.1221 0.10305 0.1148
-9999 -9999 -9999 -9999 -9999 -9999 -9999 -9999 -9999 -9999 -9999 -9999 -9999 -9999 -9999 -9999 -9999 -9999 0.526 0.559 0.517 0.489 0.54 0.583 0.698 0.202 0.22 0.236 0.236 0.216 0.1648 0.191 0.1988 0.17455 0.1617 0.131 0.1454 0.1531 0.177 0.13885 0.163 0.1384 0.167 0.16 0.16425 0.1635 0.1643 0.1679 0.16065 0.1341 0.1143 0.123 0.1635 0.1292 0.1289 0.136 0.128 0.174 0.1978 0.2247 0.1568 0.1454 0.1579 0.1246 0.1305 0.1572 0.133 0.1451 0.1355 0.1264 0.1065 0.1149 0.138
-9999 -9999 -9999 -9999 -9999 -9999 -9999 -9999 -9999 -9999 -9999 -9999 0.469 0.4297 0.356 0.394 0.405 0.385 0.41 0.395 0.483 0.484 0.445 0.696 0.537 0.24 0.225 0.236 0.223 0.2151 0.1634 0.1985 0.188 0.1892 0.1576 0.1421 0.16555 0.1231 0.1454 0.1412 0.1445 0.1424 0.149 0.1415 0.13115 0.158 0.1649 0.148 0.1618 0.172 0.1271 0.1576 0.16745 0.1692 0.1673 0.1281 0.1231 0.1358 0.19435 0.1742 0.166 0.1294 0.1385 0.1389 0.1409 0.132 0.1288 0.1129 0.1187 0.1158 0.1187 0.1437 0.131
-9999 -9999 -9999 -9999 -9999 -9999 -9999 -9999 0.264 0.357 0.376 0.4297 0.463 0.4284 0.368 0.412 0.386 0.488 0.431 0.478 0.455 0.396 0.398 0.646 0.475 0.401 0.43 0.244 0.2161 0.255 0.214 0.194 0.1783 0.1894 0.1379 0.141 0.148 0.1266 0.1377 0.1182 0.158 0.1332 0.1635 0.1377 0.1537 0.123 0.144 0.1625 0.1284 0.13805 0.1354 0.1317 0.1371 0.155 0.1231 0.1237 0.1556 0.1626 0.224 0.1848 0.1356 0.1323 0.156 0.1743 0.1361 0.169 0.1854 0.1515 0.127 0.1219 0.144 0.1331 0.158
-9999 -9999 -9999 -9999 -9999 -9999 -9999 0.323 0.45 0.383 0.368 0.462 0.459 0.367 0.46 0.463 0.418 0.455 0.486 0.532 0.514 0.483 0.442 0.7 0.4799 0.423 0.399 0.186 0.2142 0.2146 0.1535 0.1533 0.156 0.164 0.1383 0.1241 0.1221 0.136 0.1271 0.12166667 0.1514 0.1288 0.1454 0.1575 0.1622 0.133 0.1281 0.1693 0.15543333 0.1277 0.132 0.1638 0.1675 0.1638 0.1281 0.1606 0.1687 0.179 0.202 0.15 0.1575 0.1578 0.1394 0.152 0.1234 0.147 0.1525 0.1364 0.1298 0.1575 0.1313 0.1237 0.1238
-9999 -9999 -9999 -9999 -9999 -9999 0.305 0.366 0.327 0.391 0.391 0.355 0.466 0.462 0.372 0.55 0.51 0.496 0.479 0.503 0.513 0.4291 0.537 0.483 0.414 0.404 0.33 0.1998 0.2144 0.225 0.1533 0.234 0.195 0.1466 0.1182 0.1365 0.1256 0.1255 0.146 0.1367 0.112 0.1244 0.1311 0.1499 0.1373 0.1289 0.1093 0.163 0.1335 0.133 0.1189 0.1697 0.1583 0.1387 0.1304 0.15 0.1599 0.1304 0.1087 0.1683 0.1963 0.1294 0.1472 0.1694 0.116 0.1555 0.14 0.1247 0.11146667 0.1293 0.16735 0.1677 0.1354
-9999 -9999 -9999 0.2228 0.207 0.2237 0.2481 0.357 0.4284 0.38 0.462 0.464 0.4283 0.413 0.378 0.3675 0.4284 0.452 0.517 0.487 0.599 0.49 0.502 0.472 0.396 0.38 0.412 0.1798 0.235 0.379 0.18 0.1806 0.1387 0.1211 0.113 0.1466 0.1286 0.099 0.1059 0.1101 0.0879 0.0954 0.0971 0.1182 0.1206 0.1092 0.1327 0.114 0.099 0.114 0.1282 0.128 0.1304 0.157825 0.1677 0.1502 0.1663 0.17 0.1323 0.145 0.169 0.1746 0.18 0.1832 0.1724 0.1658 0.14 0.1707 0.1294 0.1578 0.12526667 0.15 0.1455
-9999 -9999 -9999 -9999 -9999 0.2302 0.334 0.334 0.394 0.332 0.4 0.45 0.474 0.485 0.436 0.386 0.529 0.419 0.495 0.55 0.442 0.538 0.398 0.423 0.415 0.4808 0.418 0.3664 0.1806 0.2142 0.202 0.182 0.144 0.131 0.1781 0.1399 0.1177 0.1109 0.1042 0.1205 0.0812 0.1042 0.1193 0.0975 0.1092 0.1095 0.1369 0.1264 0.1118 0.1135 0.1304 0.1175 0.1777 0.151 0.1575 0.1365 0.16465 0.1359 0.2075 0.1294 0.1367 0.1507 0.161 0.12815 0.18255 0.1521 0.1749 0.1566 0.1225 0.1518 0.1683 0.216 0.15
-9999 -9999 -9999 -9999 -9999 -9999 0.379 0.321 0.334 0.379 0.383 0.367 0.501 0.519 0.456 0.471 0.399 0.494 0.496 0.435 0.424 0.524 0.468 0.41 0.436 0.423 0.3665 0.4284 0.2867 0.3666 0.1759 0.1387 0.1298 0.1211 0.1454 0.1781 0.1205 0.1216 0.0989 0.0915 0.0941 0.108 0.1173 0.1151 0.0971 0.096 0.127 0.1286 0.113 0.1106 0.1184 0.1098 0.1264 0.1376 0.12575 0.1593 0.128 0.1099 0.1304 0.11793333 0.1255 0.1326 0.1715 0.1707 0.158 0.1515 0.1746 0.1561 0.1561 0.1561 0.1567 0.168 0.1744
-9999 -9999 -9999 -9999 -9999 -9999 0.366 0.337 0.374 0.361 0.375 0.366 0.283 0.319 0.406 0.43 0.4289 0.459 0.4282 0.444 0.478 0.452 0.46 0.332 0.288 0.428 0.304 0.37 0.314 0.15225 0.114 0.1454 0.1398 0.157 0.1382 0.1382 0.1206 0.09 0.1466 0.1392 0.1203 0.0889 0.0906 0.1234 0.1253 0.1153 0.1238 0.11235 0.0899 0.1063 0.1082 0.1247 0.1352 0.1382 0.1441 0.1566 0.12 0.1321 0.1291 0.1332 0.1194 0.1553 0.236 0.2136 0.1577 0.1577 0.1391 0.1656 0.1727 0.18288 0.1654 0.1654 0.1382
-9999 -9999 -9999 -9999 -9999 0.325 0.252 0.366 0.374 0.337 0.367 0.366 0.346 0.48 0.441 0.455 0.521 0.4615 0.429 0.455 0.358 0.321 0.3664 0.342 0.332 0.46 0.316 0.28 0.2877 0.1543 0.1216 0.109 0.228 0.0958 0.1339 0.1537 0.11283333 0.08985 0.1152 0.1019 0.1101 0.1161 0.1182 0.1185 0.0951 0.0967 0.1167 0.1143 0.10185 0.1192 0.095 0.1379 0.145 0.1304 0.1039 0.1082 0.1419 0.1335 0.1327 0.177 0.1184 0.1259 0.15695 0.1579 0.159 0.157 0.1586 0.18255 0.21 0.1586 0.1498 0.1579 0.1196
-9999 -9999 -9999 -9999 -9999 -9999 -9999 0.325 0.331 0.373 0.394 0.344 0.3664 0.4 0.465 0.393 0.424 0.422 0.446 0.321 0.272 0.23 0.363 0.383 0.254 0.268 0.212 0.255 0.259 0.1178 0.1388 0.1192 0.197 0.1975 0.1983 0.0989 0.12 0.1071 0.0929 0.0811 0.0894 0.0884 0.0895 0.126 0.1155 0.121 0.126 0.1013 0.093 0.096 0.096 0.1208 0.1041 0.0967 0.1093 0.1377 0.1221 0.1365 0.16 0.1387 0.113 0.1273 0.1246 0.1729 0.1479 0.1568 0.187 0.1961 0.1676 0.2327 0.2136 0.2077 0.1743
-9999 -9999 -9999 -9999 -9999 -9999 -9999 0.2081 0.286 0.252 0.317 0.288 0.348 0.366 0.332 0.462 0.372 0.455 0.41 0.336 0.23 0.281 0.2706 0.2192 0.201 0.2792 0.176 0.2122 0.205 0.1864 0.1149 0.171 0.212 0.2318 0.0919 0.0924 0.1 0.104 0.0901 0.0884 0.0946 0.1124 0.1095 0.1102 0.1201 0.1169 0.1026 0.0924 0.084 0.071 0.0775 0.1061 0.0963 0.0972 0.123 0.137 0.1384 0.1365 0.1289 0.108 0.1198 0.0979 0.1355 0.1132 0.123 0.1475 0.15 0.159 0.18415 0.2327 0.1841 0.1963 0.1748
-9999 -9999 -9999 -9999 -9999 -9999 -9999 0.234 0.251 0.271 0.333 0.307 0.318 0.342 0.372 0.477 0.455 0.3664 0.392 0.323 0.2875 0.24 0.1849 0.2024 0.187 0.196 0.1673 0.1462 0.1862 0.19 0.1725 0.1729 0.22 0.1725 0.1667 0.0889 0.1334 0.108 0.1092 0.113 0.1018 0.105 0.0887 0.108 0.1003 0.0969 0.0909 0.1145 0.0655 0.103 0.1246 0.126 0.11283333 0.0897 0.1136 0.153 0.1387 0.1298 0.1139 0.1141 0.101 0.093 0.1288 0.1196 0.1577 0.156 0.166 0.1563 0.1939 0.226 0.2062 0.1713 0.211
-9999 -9999 -9999 -9999 -9999 -9999 -9999 0.2877 0.2481 0.325 0.252 0.328 0.35 0.362 0.364 0.37 0.443 0.45 0.332 0.307 0.3 0.208 0.203 0.196 0.2131 0.2128 0.1549 0.1667 0.1865 0.2221 0.1481 0.203 0.1494 0.1733 0.1414 0.22 0.1257 0.1019 0.133 0.141 0.1643 0.1128 0.1011 0.099 0.0883 0.1162 0.0853 0.074 0.0954 0.084 0.0997 0.1157 0.1209 0.116 0.1161 0.122 0.1215 0.1181 0.11 0.0865 0.1004 0.1052 0.0958 0.1093 0.1683 0.1577 0.1522 0.1566 0.1747 0.1924 0.1704 0.175 0.166
-9999 -9999 -9999 -9999 -9999 -9999 -9999 0.285 0.248 0.2015 0.275 0.315 0.323 0.321 0.295 0.3671 0.358 0.258 0.2199 0.246 0.2213 0.1726 0.2025 0.181 0.168 0.172 0.1677 0.184 0.191 0.211 0.2012 0.17505 0.1691 0.1462 0.172 0.1982 0.1816 0.138 0.1505 0.1691 0.1627 0.147 0.141 0.099 0.161 0.0899 0.1408 0.1456 0.1189 0.1018 0.1111 0.0955 0.1155 0.1385 0.1209 0.1025 0.1026 0.1232 0.1015 0.1154 0.091 0.08 0.1038 0.108 0.1239 0.145 0.1564 0.167 0.1498 0.1716 0.1699 0.1454 0.1514
-9999 -9999 -9999 -9999 -9999 -9999 0.2311 0.277 0.276 0.1868 0.2193 0.254 0.334 0.391 0.373 0.344 0.263 0.2202 0.1972 0.287 0.2228 0.218 0.1976 0.2202 0.146 0.1231 0.1513 0.185 0.156 0.155 0.159 0.1561 0.153 0.1422 0.1442 0.1456 0.167 0.1548 0.1723 0.1734 0.194 0.129 0.122 0.1244 0.157 0.1401 0.1211 0.0969 0.0931 0.0887 0.0874 0.1058 0.1201 0.1671 0.0909 0.0929 0.103 0.1027 0.093 0.0867 0.1012 0.0849 0.1193 0.1363 0.1368 0.154 0.1655 0.14 0.1227 0.1365 0.1654 0.1658 0.123
-9999 -9999 -9999 -9999 -9999 -9999 0.2015 0.239 0.325 0.273 0.2875 0.268 0.326 0.302 0.35 0.267 0.203 0.219 0.2315 0.273 0.2215 0.259 0.1978 0.2025 0.143 0.117 0.1315 0.1444 0.1548 0.144 0.1384 0.1543 0.164 0.1643 0.1419 0.1213 0.1557 0.1638 0.1481 0.1737 0.1647 0.121 0.1489 0.134 0.1668 0.1478 0.121 0.1218 0.1516 0.1638 0.162 0.1735 0.156 0.1206 0.0926 0.106 0.1474 0.1259 0.0927 0.0791 0.0955 0.13 0.1168 0.1189 0.1163 0.1168 0.1356 0.13185 0.111 0.1175 0.136 0.1518 0.1455
-9999 -9999 -9999 -9999 -9999 -9999 0.24 0.2311 0.214 0.211 0.273 0.2873 0.2209 0.2933 0.276 0.227 0.196 0.211 0.2313 0.2308 0.1985 0.211 0.198 0.21 0.16 0.119 0.149 0.1385 0.12 0.117 0.11 0.1224 0.17 0.1418 0.1648 0.1725 0.1862 0.1429 0.1735 0.1414 0.136 0.1433 0.1211 0.14455 0.153 0.114 0.1489 0.1452 0.161 0.1819 0.1732 0.181 0.1206 0.142 0.1736 0.122 0.1264 0.1015 0.1001 0.0873 0.1252 0.1158 0.1128 0.1437 0.1547 0.1893 0.1345 0.1561 0.1361 0.1361 0.12735 0.1359 0.152
-9999 -9999 -9999 -9999 -9999 0.2225 0.2193 0.2311 0.2192 0.272 0.239 0.276 0.234 0.2797 0.23 0.2489 0.258 0.267 0.2201 0.1989 0.184 0.166 0.162 0.1383 0.13 0.134 0.119 0.127 0.1219 0.1402 0.132 0.1406 0.1667 0.114 0.134 0.1669 0.1648 0.1529 0.152 0.138 0.1231 0.108 0.1445 0.1411 0.106 0.1472 0.168 0.1428 0.1728 0.1615 0.164 0.157 0.1208 0.145 0.1744 0.111 0.1036 0.1029 0.0837 0.0888 0.1208 0.1132 0.1235 0.142 0.1517 0.1326 0.1293 0.143 0.146 0.1367 0.1108 0.1417 0.1405
-9999 -9999 -9999 -9999 0.1733 0.16 0.249 0.231 0.2197 0.2191 0.197 0.252 0.2865 0.3137 0.284 0.304 0.2196 0.2303 0.214 0.1549 0.1648 0.137 0.1411 0.149 0.121 0.1371 0.0732 0.086 0.113 0.125 0.1411 0.128 0.128 0.13015 0.1433 0.164 0.1647 0.14255 0.112 0.106 0.114 0.129 0.1408 0.1446 0.1471 0.1545 0.1637 0.1546 0.1818 0.1817 0.141 0.168 0.135 0.138 0.141 0.17875 0.1749 0.1548 0.0958 0.099 0.1095 0.1074 0.1223 0.1126 0.1245 0.1196 0.1356 0.1388 0.1299 0.1286 0.1285 0.201 0.237
-9999 -9999 -9999 -9999 0.1549 0.1676 0.181 0.2221 0.1985 0.242 0.242 0.2797 0.276 0.2198 0.252 0.2196 0.2231 0.267 0.2313 0.1676 0.169 0.157 0.1548 0.151 0.145 0.127 0.0467 0.0514 0.085 0.111 0.113 0.126 0.1224 0.1482 0.1469 0.1485 0.1445 0.1346 0.0965 0.1081 0.1409 0.1115 0.132 0.1456 0.155 0.1548 0.1813 0.16 0.1734 0.159 0.14 0.1199 0.1206 0.13 0.1097 0.1814 0.1735 0.1559 0.155 0.0958 0.0819 0.1267 0.1014 0.1134 0.1094 0.1363 0.1255 0.1046 0.1479 0.2149 0.18 0.202 0.182
-9999 -9999 0.1646 0.199 0.178 0.17505 0.1971 0.1732 0.219 0.2876 0.2861 0.252 0.2481 0.2484 0.288 0.2873 0.22165 0.195 0.2313 0.1761 0.1442 0.1406 0.138 0.158 0.122 0.15 0.108 0.1221 0.1226 0.14 0.141 0.1315 0.1406 0.1465 0.1677 0.2022 0.1809 0.1403 0.1441 0.1636 0.2217 0.1989 0.1436 0.1456 0.1517 0.1313 0.167 0.179 0.178 0.151 0.1184 0.128 0.1195 0.117 0.1201 0.156 0.154 0.1605 0.1513 0.0877 0.0837 0.1811 0.202 0.114 0.1092 0.101 0.2169 0.1676 0.235 0.236 0.182 0.202 0.181
-9999 0.1476 0.1864 0.1816 0.1728 0.2025 0.2095 0.1802 0.2022 0.2216 0.22165 0.271 0.2479 0.233 0.2315 0.2225 0.2221 0.1554 0.2224 0.185 0.16 0.16 0.1525 0.1735 0.155 0.135 0.119 0.138 0.159 0.173 0.183 0.1519 0.1525 0.1765 0.1981 0.2221 0.176 0.1546 0.177 0.1422 0.1648 0.15245 0.164 0.1724 0.1336 0.173 0.151 0.163 0.1548 0.1559 0.139 0.156 0.1753 0.195 0.199 0.164 0.1332 0.144 0.1612 0.174 0.1336 0.152 0.1772 0.159 0.1701 0.166 0.14 0.237 0.202 0.189 0.237 0.201 0.192
-9999 0.1801 0.1626 0.1676 0.1622 0.192 0.255 0.255 0.2877 0.2315 0.263 0.25 0.233 0.239 0.2484 0.216 0.253 0.202 0.22 0.2225 0.1475 0.156 0.1569 0.1702 0.1631 0.1247 0.163 0.193 0.182 0.171 0.1813 0.197 0.181 0.2054 0.173 0.2011 0.1662 0.154 0.151 0.1408 0.1357 0.157 0.2011 0.1519 0.1505 0.209 0.198 0.163 0.139 0.163 0.152 0.149 0.1698 0.189 0.1827 0.183 0.197 0.22 0.1612 0.173 0.1818 0.132 0.1663 0.1659 0.2169 0.1778 0.142 0.201 0.1775 0.2144 0.236 0.202 0.204
-9999 0.1812 0.1629 0.1886 0.22 0.2139 0.218 0.307 0.299 0.298 0.357 0.269 0.2807 0.175 0.191 0.2212 0.1987 0.203 0.1462 0.176 0.1459 0.1557 0.1494 0.156 0.1341 0.138 0.1676 0.189 0.171 0.196 0.2021 0.2013 0.2094 0.185 0.174 0.206 0.2211 0.184 0.1644 0.1353 0.1632 0.1648 0.164 0.15235 0.2043 0.2051 0.2015 0.151 0.137 0.161 0.1327 0.16 0.144 0.1817 0.2089 0.1699 0.167 0.157 0.1744 -9999 -9999 -9999 -9999 -9999 -9999 -9999 -9999 -9999 -9999 -9999 -9999 -9999 -9999
-9999 0.155 0.1374 0.1814 0.188 0.2153 0.1848 0.229 0.2237 0.2872 0.256 0.254 0.284 0.272 0.237 0.231 0.2211 0.1987 0.138 0.168 0.1728 0.159 0.147 0.1341 0.162 0.1675 0.2001 0.1739 0.1473 0.173 0.1853 0.2093 0.232 0.2083 0.226 0.1648 0.156 0.1455 0.17 0.194 0.1527 0.1548 0.233 0.1327 0.1745 0.2473 0.214 0.1817 0.179 0.138 0.1814 0.17 0.1735 0.1736 0.188 0.205 0.141 0.164 0.194 -9999 -9999 -9999 -9999 -9999 -9999 -9999 -9999 -9999 -9999 -9999 -9999 -9999 -9999
-9999 -9999 0.2009 0.1824 0.2007 0.2158 0.19785 0.21005 0.259 0.242 0.2198 0.2215 0.218 0.233 0.207 0.252 0.2432 0.1727 0.1462 0.1632 0.139 0.212 0.1555 0.1725 0.1437 0.165 0.1853 0.2001 0.1736 0.2015 0.205 0.2485 0.2474 0.2134 0.2039 0.191 0.1699 0.196 0.2019 0.139 0.2053 0.2266 0.197 0.162 0.1559 0.262 0.1615 0.2053 0.1736 0.117 0.142 0.1724 0.1615 0.1724 0.191 0.2079 0.1692 0.19 -9999 -9999 -9999 -9999 -9999 -9999 -9999 -9999 -9999 -9999 -9999 -9999 -9999 -9999 -9999
-9999 -9999 0.1429 0.161 0.1809 0.1424 0.1895 0.1863 0.2221 0.218 0.2838 0.234 0.237 0.243 0.298 0.2208 0.2562 0.2001 0.2011 0.167 0.1441 0.1433 0.1713 0.1858 0.2221 0.2221 0.205 0.2019 0.258 0.21115 0.2085 0.213 0.262 0.2088 0.2005 0.207 0.2027 0.2228 0.2009 0.1493 0.2056 0.2277 0.2126 0.2023 0.233 0.2018 0.2274 0.256 0.249 0.1184 0.1502 0.139 0.197 0.2203 0.2 0.2077 0.282 0.1816 -9999 -9999 -9999 -9999 -9999 -9999 -9999 -9999 -9999 -9999 -9999 -9999 -9999 -9999 -9999
-9999 -9999 0.137 0.1639 0.159 0.1802 0.2015 0.209 0.254 0.2449 0.269 0.267 0.2017 0.1569 0.235 0.2196 0.201 0.202 0.189 0.1824 0.1483 0.1691 0.2015 0.189 0.2083 0.1731 0.1816 0.21115 0.265 0.284 0.258 0.2722 0.2207 0.2136 0.2018 0.1813 0.163 0.2005 0.1802 0.1899 0.2044 0.274 0.239 0.2412 0.203 0.221 0.294 0.284 0.2858 0.1602 0.25 0.1733 0.2115 0.2022 0.205 0.2414 0.2466 0.2114 -9999 -9999 -9999 -9999 -9999 -9999 -9999 -9999 -9999 -9999 -9999 -9999 -9999 -9999 -9999
-9999 0.1425 0.1386 0.1416 0.1625 0.1691 0.1817 0.232 0.233 0.239 0.2432 0.2431 0.2198 0.1564 0.18 0.1698 0.164 0.161 0.1624 0.1621 0.165 0.2027 0.232 0.2194 0.2208 0.279 0.244 0.2034 0.25 0.247 0.2716 0.244 0.287 0.2477 0.2477 0.2123 0.1859 0.2015 0.183 0.2418 0.221 0.226 0.18 0.2072 0.18 0.23 0.2415 0.2533 0.258 0.2016 0.166 0.2277 0.18 0.23 0.246 0.246 0.266 -9999 -9999 -9999 -9999 -9999 -9999 -9999 -9999 -9999 -9999 -9999 -9999 -9999 -9999 -9999 -9999
-9999 0.1201 0.1196 0.105 0.1492 0.2009 0.161 0.1566 0.1858 0.204 0.208 0.2195 0.1801 0.171 0.195 0.176 0.1543 0.1458 0.157 0.1566 0.1866 0.205 0.202 0.2446 0.204 0.216 0.258 0.278 0.26 0.2496 0.253 0.239 0.285 0.222 0.262 0.2027 0.2021 0.21 0.208 0.223 0.2417 0.2087 0.21 0.227 0.253 0.269 0.241 0.2271 0.2464 0.2549 0.2549 0.3177 0.397 0.2278 0.343 0.271 0.2208 -9999 -9999 -9999 -9999 -9999 -9999 -9999 -9999 -9999 -9999 -9999 -9999 -9999 -9999 -9999 -9999
-9999 0.121 0.1105 0.104 0.1434 0.1423 0.1685 0.1627 0.1601 0.1455 0.166 0.171 0.1821 0.1619 0.193 0.1361 0.123 0.14 0.177 0.202 0.1864 0.18 0.194 0.209 0.237 0.26995 0.2717 0.258 0.29 0.278 0.2507 0.2493 0.293 0.249 0.238 0.2026 0.204 0.19 0.243 0.218 0.2474 0.24 0.232 0.2264 0.328 0.28 0.356 0.342 0.2847 0.285 0.275 0.348 0.2946 0.328 0.352 0.2475 -9999 -9999 -9999 -9999 -9999 -9999 -9999 -9999 -9999 -9999 -9999 -9999 -9999 -9999 -9999 -9999 -9999
