GIS/bfa_beta.asc
ncols         173
nrows         126
xllcorner     224227.65281
yllcorner     1039207.04677
cellsize      5000
NODATA_value  -9999
[rows 37 to 73 of 126, columns 82 to 163 of 173]
0.61 0.65 0.7 0.55 0.46 0.43 0.5 0.64 0.85 0.51 0.56 0.62 0.62 0.61 0.61 0.67 0.65 0.92 0.78 0.94 0.93 0.76 0.91 0.93 0.94 0.93 1.07 1.13 1.15 1.16 0.98 0.92 0.945 0.79 0.945 0.78 0.8 0.895 0.755 0.85 0.84 0.68 0.68 0.65 0.7 0.575 0.39 0.385 0.45 0.365 0.325 0.26 0.25 0.325 0.325 0.36 0.315 0.26 0.22 0.215 0.275 0.275 0.295 0.245 -9999 0.22 -9999 -9999 -9999 -9999 -9999 -9999 -9999 -9999 -9999 -9999 -9999 -9999 -9999 -9999 -9999 -9999
0.54 0.52 0.54 0.48 0.51 0.345 0.4 0.55 0.57 0.43 0.49 0.62 0.62 0.55 0.56 0.63 0.65 0.755 0.91 1.065 0.86 0.76 0.85 0.87 0.86 0.91 0.91 1.055 1.29 0.97 0.95 1.005 1.04 1.04 0.805 0.735 0.82 0.865 0.795 0.775 0.755 0.775 0.8 0.57 0.55 0.495 0.43 0.375 0.33 0.285 0.285 0.375 0.405 0.355 0.345 0.4 0.36 0.265 0.25 0.235 -9999 -9999 -9999 0.255 -9999 -9999 -9999 -9999 -9999 -9999 -9999 -9999 -9999 -9999 -9999 -9999 -9999 -9999 -9999 -9999 -9999 -9999
0.41 0.49 0.47 0.39 0.41 0.275 0.3 0.41 0.49 0.44 0.5 0.62 0.53 0.48 0.51 0.5 0.6 0.63 0.8 0.825 0.69 0.65 0.75 0.805 0.885 0.95 0.81 0.815 0.98 0.98 1.11 0.9 0.85 0.8 0.79 0.805 0.745 0.75 0.82 0.755 0.81 0.925 0.925 0.74 0.43 0.515 0.43 0.38 0.355 0.285 0.42 0.4 0.46 0.385 0.355 0.26 0.25 0.25 0.305 0.275 -9999 -9999 -9999 -9999 -9999 -9999 -9999 -9999 -9999 -9999 -9999 -9999 -9999 -9999 -9999 -9999 -9999 -9999 -9999 -9999 -9999 -9999
0.4 0.39 0.37 0.4 0.31 0.225 0.28 0.29 0.35 0.43 0.37 0.48 0.55 0.56 0.41 0.51 0.48 0.51 0.65 0.55 0.52 0.65 0.69 0.73 0.78 0.82 0.52 0.79 1.07 1.19 0.83 0.61 0.65 0.56 0.61 0.91 1 0.71 0.735 0.65 0.595 0.57 0.57 0.56 0.48 0.525 0.39 0.375 0.38 0.39 0.385 0.32 0.37 0.285 0.26 0.24 0.335 0.24 0.275 0.275 -9999 -9999 -9999 -9999 -9999 -9999 -9999 -9999 -9999 -9999 -9999 -9999 -9999 -9999 -9999 -9999 -9999 -9999 -9999 -9999 -9999 -9999
0.38 0.34 0.33 0.31 0.33 0.28 0.25 0.26 0.29 0.31 0.3 0.39 0.48 0.49 0.38 0.45 0.51 0.51 0.64 0.65 0.68 0.61 0.63 0.75 0.86 1.1 1.06 0.86 0.845 0.86 0.83 0.925 0.705 0.65 0.61 0.82 1.04 0.805 0.745 0.66 0.62 0.64 0.64 0.435 0.535 0.45 0.385 0.4 0.385 0.405 0.525 0.41 0.425 0.385 0.305 0.2975 0.3075 0.28 0.315 0.25 -9999 -9999 -9999 -9999 -9999 -9999 -9999 -9999 -9999 -9999 -9999 -9999 -9999 -9999 -9999 -9999 -9999 -9999 -9999 -9999 -9999 -9999
0.305 0.28 0.31 0.25 0.28 0.23 0.27 0.25 0.29 0.28 0.23 0.29 0.4 0.34 0.4 0.41 0.43 0.48 0.62 0.55 0.4 0.74 0.65 0.75 1.05 1.11 0.95 0.8 0.83 0.77 0.84 0.92 0.76 0.77 0.74 0.765 0.945 0.805 0.77 0.78 0.74 0.56 0.56 0.535 0.46 0.35 0.435 0.485 0.5 0.575 0.46 0.425 0.38 0.35 0.29 0.28 0.315 0.42 0.32 0.3 -9999 -9999 -9999 -9999 -9999 -9999 -9999 -9999 -9999 -9999 -9999 -9999 -9999 -9999 -9999 -9999 -9999 -9999 -9999 -9999 -9999 -9999
0.45 0.31 0.28 0.28 0.215 0.205 0.205 0.2 0.2 0.2 0.19 0.215 0.24 0.28 0.27 0.305 0.39 0.46 0.58 0.54 0.39 0.62 0.61 0.75 0.94 0.87 1.07 0.765 0.8 0.84 0.865 0.76 0.78 0.75 0.79 0.65 0.775 0.85 0.78 0.73 0.73 0.595 0.69 0.56 0.485 0.55 0.545 0.45 0.53 0.47 0.5 0.39 0.34 0.35 0.39 0.46 0.34 0.355 0.35 0.285 -9999 -9999 -9999 -9999 -9999 -9999 -9999 -9999 -9999 -9999 -9999 -9999 -9999 -9999 -9999 -9999 -9999 -9999 -9999 -9999 -9999 -9999
0.305 0.25 0.215 0.17 0.18 0.175 0.2 0.175 0.175 0.16 0.19 0.185 0.185 0.25 0.235 0.205 0.31 0.32 0.49 0.59 0.39 0.53 0.63 0.91 0.8 0.71 0.82 0.88 0.86 0.88 0.83 0.78 0.77 0.83 0.81 0.77 0.775 0.73 0.595 0.56 0.69 0.66 0.66 0.545 0.475 0.48 0.535 0.585 0.535 0.39 0.43 0.46 0.46 0.405 0.4 0.37 0.37 0.34 0.335 0.335 -9999 -9999 -9999 -9999 -9999 -9999 -9999 -9999 -9999 -9999 -9999 -9999 -9999 -9999 -9999 -9999 -9999 -9999 -9999 -9999 -9999 -9999
0.315 0.215 0.195 0.2 0.17 0.17 0.16 0.195 0.16 0.195 0.17 0.165 0.17 0.19 0.2 0.18 0.27 0.31 0.49 0.55 0.6 0.59 0.63 0.73 0.7 0.63 0.75 0.75 0.78 0.92 0.78 0.62 0.78 0.92 0.78 0.81 0.74 0.71 0.56 0.575 0.545 0.59 0.68 0.575 0.555 0.535 0.44 0.44 0.425 0.4 0.505 0.515 0.41 0.395 0.425 0.425 0.42 0.39 0.335 0.335 -9999 -9999 -9999 -9999 -9999 -9999 -9999 -9999 -9999 -9999 -9999 -9999 -9999 -9999 -9999 -9999 -9999 -9999 -9999 -9999 -9999 -9999
0.27 0.22 0.2 0.18 0.16 0.12 0.12 0.16 0.165 0.16 0.17 0.15 0.185 0.185 0.2 0.185 0.205 0.25 0.43 0.51 0.56 0.65 0.72 0.88 0.76 0.85 0.79 0.84 0.83 0.84 0.84 0.79 0.95 0.9 0.79 0.8 0.865 0.65 0.835 0.7 0.66 0.45 0.45 0.56 0.68 0.565 0.505 0.535 0.545 0.47 0.49 0.46 0.47 0.46 0.535 0.49 0.4 0.465 0.38 0.36 0.36 0.415 0.485 0.48 -9999 -9999 -9999 -9999 -9999 -9999 -9999 -9999 -9999 -9999 -9999 -9999 -9999 -9999 -9999 -9999 -9999 -9999
0.255 0.24 0.26 0.19 0.175 0.12 0.145 0.155 0.17 0.16 0.165 0.155 0.185 0.185 0.19 0.215 0.25 0.26 0.4 0.47 0.53 0.58 0.68 0.805 0.765 0.83 0.86 0.5 0.48 0.91 0.85 0.745 0.71 0.68 0.8 0.5 0.73 0.835 0.71 0.66 0.68 0.415 0.415 0.71 0.73 0.68 0.575 0.51 0.45 0.545 0.415 0.445 0.455 0.505 0.535 0.415 0.475 0.48 0.48 0.475 0.55 0.41 0.46 0.485 0.55 -9999 -9999 -9999 -9999 -9999 -9999 -9999 -9999 -9999 -9999 -9999 -9999 -9999 -9999 -9999 -9999 -9999
0.265 0.255 0.19 0.23 0.2 0.21 0.16 0.185 0.155 0.135 0.14 0.155 0.185 0.16 0.19 0.205 0.22 0.39 0.35 0.41 0.53 0.52 0.65 0.63 0.64 0.67 0.805 0.51 0.5 0.86 0.77 0.815 0.7 0.565 0.74 0.76 0.77 0.63 0.57 0.69 0.57 0.68 0.68 0.735 0.7 0.69 0.485 0.435 0.44 0.425 0.435 0.48 0.585 0.535 0.485 0.485 0.535 0.45 0.585 0.51 0.545 0.485 0.5 0.47 0.495 0.45 -9999 -9999 -9999 -9999 -9999 -9999 -9999 -9999 -9999 -9999 -9999 -9999 -9999 -9999 -9999 -9999
0.285 0.255 0.23 0.185 0.13 0.185 0.23 0.175 0.17 0.155 0.185 0.17 0.195 0.18 0.19 0.205 0.23 0.29 0.33 0.33 0.365 0.53 0.59 0.5 0.55 0.59 0.63 0.71 0.825 0.87 0.845 1 1.02 0.82 0.805 0.745 0.765 0.66 0.57 0.71 0.69 0.74 0.74 0.725 0.675 0.6 0.535 0.405 0.395 0.41 0.475 0.545 0.545 0.585 0.575 0.535 0.485 0.575 0.54 0.545 0.54 0.585 0.56 0.64 0.335 0.4 0.4 -9999 -9999 -9999 -9999 -9999 -9999 -9999 -9999 -9999 -9999 -9999 -9999 -9999 -9999 -9999
0.28 0.24 0.255 0.195 0.18 0.185 0.23 0.165 0.13 0.155 0.175 0.15 0.2 0.19 0.215 0.205 0.185 0.23 0.27 0.35 0.48 0.43 0.51 0.51 0.49 0.56 0.65 0.63 0.86 0.88 0.78 0.92 0.93 0.85 0.7 0.76 0.67 0.62 0.68 0.7 0.7 0.81 0.68 0.68 0.545 0.64 0.48 0.535 0.535 0.535 0.68 0.54 0.485 0.6 0.68 0.56 0.5425 0.555 0.575 0.595 0.78 0.595 0.68 0.68 0.39 0.435 0.415 0.46 0.55 -9999 -9999 -9999 -9999 -9999 -9999 -9999 -9999 -9999 -9999 -9999 -9999 -9999
0.235 0.215 0.19 0.21 0.16 0.17 0.185 0.13 0.175 0.145 0.15 0.17 0.185 0.27 0.19 0.19 0.185 0.23 0.27 0.345 0.44 0.53 0.62 0.51 0.49 0.48 0.61 0.88 0.93 0.84 0.75 0.75 0.88 0.72 0.92 0.71 0.765 0.71 0.74 0.745 0.56 0.6 0.6 0.57 0.485 0.435 0.46 0.535 0.535 0.495 0.68 0.575 0.5675 0.71 0.63 0.5 0.57 0.71 0.735 0.815 0.78 0.63 0.56 0.545 0.41 0.475 0.435 0.485 0.45 0.575 -9999 -9999 -9999 -9999 -9999 -9999 -9999 -9999 -9999 -9999 -9999 0.45
0.21 0.205 0.17 0.13 0.13 0.17 0.135 0.13 0.15 0.15 0.175 0.22 0.22 0.2 0.225 0.24 0.25 0.26 0.245 0.345 0.46 0.425 0.5 0.54 0.355 0.42 0.64 0.63 0.79 0.72 0.7 0.72 0.59 0.7 0.66 0.61 0.58 0.51 0.45 0.49 0.485 0.535 0.535 0.475 0.41 0.49 0.565 0.66 0.47 0.63 0.735 0.73 0.69 0.78 0.63 0.725 0.62 0.7 0.7 0.84 0.66 0.59 0.56 0.64 0.48 0.535 0.485 0.545 0.5 0.485 0.485 -9999 -9999 -9999 -9999 -9999 -9999 -9999 -9999 -9999 0.56 0.495
0.17 0.165 0.175 0.17 0.145 0.15 0.155 0.14 0.17 0.15 0.16 0.18 0.175 0.185 0.245 0.275 0.26 0.31 0.355 0.375 0.43 0.38 0.455 0.46 0.61 0.5 0.5 0.63 0.63 0.7 0.72 0.63 0.59 0.58 0.505 0.57 0.52 0.49 0.51 0.535 0.46 0.55 0.55 0.485 0.545 0.58 0.7 0.735 0.735 0.7 0.81 0.67 0.78 0.81 0.74 0.595 0.69 0.63 0.71 0.69 0.69 0.63 0.585 0.485 0.495 0.68 0.56 0.495 0.56 0.51 0.68 0.55 -9999 -9999 -9999 -9999 -9999 -9999 -9999 0.62 0.66 0.54
0.195 0.15 0.17 0.15 0.155 0.13 0.135 0.14 0.145 0.16 0.175 0.16 0.175 0.14 0.15 0.15 0.215 0.245 0.29 0.345 0.35 0.45 0.48 0.5 0.59 0.59 0.51 0.63 0.61 0.71 0.7 0.64 0.56 0.62 0.73 0.52 0.295 0.48 0.47 0.41 0.505 0.49 0.49 0.59 0.57 0.68 0.945 0.785 0.905 0.63 0.805 0.65 0.92 0.92 0.855 0.745 0.57 0.56 0.725 0.63 0.62 0.57 0.485 0.485 0.59 0.725 0.69 0.565 0.66 0.63 0.555 0.475 0.455 0.55 0.71 0.595 0.7 0.69 0.7 0.65 0.62 0.71
0.155 0.12 0.14 0.15 0.125 0.12 0.105 0.14 0.115 0.14 0.155 0.155 0.13 0.18 0.15 0.18 0.245 0.245 0.23 0.245 0.29 0.37 0.445 0.545 0.7 0.79 0.55 0.61 0.52 0.72 0.65 0.65 0.5 0.68 0.385 0.32 0.27 0.4 0.43 0.475 0.64 0.51 0.51 0.595 0.62 0.835 0.79 0.765 0.78 0.85 0.82 0.945 0.85 0.84 0.81 0.67 0.725 0.62 0.725 0.66 0.735 0.57 0.54 0.485 0.56 0.67 0.63 0.66 0.66 0.56 0.51 0.545 0.495 0.535 0.555 0.56 0.575 0.56 0.735 0.765 0.735 0.795
0.17 0.15 0.14 0.15 0.13 0.13 0.095 0.085 0.135 0.155 0.155 0.17 0.23 0.255 0.18 0.16 0.275 0.265 0.295 0.3 0.355 0.37 0.45 0.545 0.625 0.61 0.5 0.5 0.64 0.61 0.59 0.425 0.48 0.46 0.415 0.535 0.49 0.43 0.6 0.61 0.68 0.73 0.73 0.79 0.765 0.775 0.92 0.74 0.885 0.92 0.9 1 0.84 0.805 0.85 0.85 0.57 0.565 0.7 0.7 0.66 0.64 0.515 0.595 0.71 0.73 0.78 0.56 0.68 0.57 0.56 0.55 0.435 0.485 0.515 0.5 0.555 0.62 0.595 0.7 0.735 0.745
0.15 0.14 0.15 0.1 0.11 0.14 0.12 0.09 0.11 0.15 0.185 0.23 0.215 0.15 0.15 0.21 0.2 0.25 0.27 0.355 0.46 0.48 0.625 0.545 0.525 0.54 0.455 0.39 0.455 0.445 0.5 0.5 0.47 0.57 0.66 0.55 0.47 0.29 0.335 0.73 0.69 0.7 0.7 0.895 0.775 1 0.93 0.775 0.945 0.875 0.915 0.94 0.945 0.945 0.7 0.595 0.66 0.57 0.62 0.735 0.57 0.555 0.66 0.745 0.565 0.63 0.68 0.51 0.57 0.69 0.495 0.48 0.32 0.535 0.6 0.515 0.54 0.71 0.71 0.69 0.7 0.73
0.13 0.14 0.145 0.135 0.12 0.12 0.115 0.09 0.09 0.16 0.18 0.23 0.2 0.225 0.13 0.15 0.22 0.3 0.25 0.34 0.37 0.42 0.445 0.46 0.48 0.455 0.415 0.41 0.405 0.405 0.5 0.52 0.555 0.63 0.68 0.46 0.4 0.305 0.34 0.66 0.63 0.765 0.765 0.84 0.85 0.785 0.8 0.67 0.775 0.83 0.9 0.89 0.93 0.86 0.63 0.595 0.68 0.7 0.7 0.56 0.69 0.69 0.73 0.78 0.565 0.595 0.56 0.535 0.435 0.585 0.485 0.55 0.505 0.55 0.64 0.56 0.68 0.57 0.595 0.595 0.74 0.805
0.14 0.16 0.145 0.13 0.105 0.11 0.095 0.115 0.135 0.14 0.18 0.255 0.235 0.2 0.28 0.285 0.3 0.25 0.27 0.34 0.405 0.445 0.47 0.5 0.44 0.435 0.43 0.595 0.42 0.4475 0.405 0.47 0.52 0.555 0.445 0.405 0.36 0.41 0.435 0.725 0.63 0.7 0.7 0.78 0.78 0.85 0.895 0.85 0.84 1 0.94 0.86 0.86 0.885 0.79 0.805 0.915 0.82 0.84 0.73 0.7 0.73 0.745 0.7 0.62 0.72 0.71 0.44 0.575 0.59 0.56 0.61 0.545 0.485 0.475 0.68 0.6 0.565 0.69 0.69 0.7 0.75
0.175 0.16 0.13 0.11 0.06 0.06 0.06 0.08 0.13 0.155 0.205 0.245 0.28 0.275 0.26 0.28 0.25 0.25 0.32 0.335 0.34 0.405 0.345 0.42 0.44 0.58 0.515 0.57 0.325 0.365 0.415 0.465 0.5 0.57 0.535 0.435 0.485 0.545 0.63 0.62 0.7 0.81 0.81 0.865 0.79 0.895 0.755 0.92 0.84 0.9 0.895 0.755 0.745 0.74 0.905 0.79 1.1 0.94 0.945 0.84 0.745 0.68 0.735 0.775 0.95 0.805 0.62 0.59 0.68 0.56 0.575 0.6 0.59 0.59 0.48 0.585 0.64 0.71 0.68 0.725 0.62 0.835
0.165 0.175 0.135 0.1 0.06 0.06 0.06 0.095 0.105 0.165 0.21 0.265 0.25 0.25 0.2 0.255 0.285 0.28 0.365 0.32 0.335 0.355 0.43 0.475 0.48 0.63 0.62 0.455 0.42 0.43 0.5 0.47 0.57 0.61 0.59 0.56 0.575 0.565 0.63 0.78 0.745 0.72 0.72 0.93 0.9 0.9 0.94 1.05 0.94 0.885 0.945 0.94 0.895 0.72 0.895 0.915 0.94 1.13 0.83 0.915 0.905 0.74 0.765 0.925 0.875 0.945 0.805 0.745 0.63 0.68 0.71 0.68 0.62 0.66 0.485 0.36 0.68 0.68 0.63 0.73 0.7 0.56
0.205 0.14 0.105 0.105 0.07 0.07 0.095 0.13 0.14 0.175 0.25 0.25 0.29 0.355 0.255 0.265 0.265 0.285 0.4 0.31 0.25 0.345 0.48 0.5 0.53 0.555 0.59 0.62 0.53 0.4 0.56 0.455 0.51 0.61 0.67 0.66 0.565 0.555 0.81 0.905 0.775 0.94 0.94 0.915 1 1.1 1.25 1.13 0.945 0.9 0.94 0.935 0.875 1.15 1.13 0.86 0.875 0.86 1.1 1.25 0.815 0.895 0.945 0.88 0.94 0.86 0.85 0.785 0.73 0.7 0.745 0.73 0.69 0.63 0.56 0.59 0.71 0.57 0.725 0.735 0.735 0.485
0.2 0.16 0.165 0.14 0.14 0.13 0.135 0.175 0.17 0.18 0.28 0.23 0.265 0.3 0.24 0.3 0.29 0.33 0.365 0.295 0.25 0.365 0.46 0.48 0.5 0.445 0.5 0.47 0.45 0.34 0.41 0.42 0.54 0.6 0.65 0.595 0.625 0.62 0.92 0.775 0.895 0.875 1.005 0.935 1.105 1.09 1.13 1.13 0.875 1.085 0.875 1 1.13 1.14 1.17 1.13 0.915 0.915 0.88 1.25 0.915 0.935 1 1.25 0.9 1.05 0.945 0.775 0.735 0.595 0.595 0.63 0.66 0.71 0.57 0.59 0.545 0.45 0.71 0.71 0.48 0.45
0.2 0.17 0.195 0.165 0.155 0.135 0.17 0.185 0.185 0.16 0.25 0.25 0.22 0.27 0.25 0.315 0.35 0.33 0.36 0.4 0.435 0.435 0.51 0.51 0.5 0.48 0.45 0.425 0.435 0.31 0.245 0.37 0.53 0.48 0.49 0.61 0.68 0.76 0.745 0.74 0.945 0.82 0.82 0.935 1.27 1.17 0.785 0.73 0.88 1.12 1.25 1.1 1.13 0.88 1.15 1.165 1.25 0.82 0.84 0.72 0.93 1.13 1.17 1.165 0.935 0.875 0.82 0.905 0.755 0.775 0.92 0.745 0.57 0.59 0.59 0.66 0.585 0.56 0.57 0.68 0.55 0.68
0.27 0.23 0.2 0.18 0.17 0.135 0.2 0.185 0.19 0.23 0.325 0.335 0.27 0.24 0.27 0.235 0.285 0.31 0.335 0.435 0.395 0.425 0.37 0.42 0.5 0.435 0.41 0.3 0.335 0.335 0.41 0.46 0.4 0.52 0.57 0.64 0.6 0.55 0.62 0.76 0.8 0.88 0.88 0.89 1 1 0.88 0.82 1.17 1.34 1.085 1.13 0.915 1.17 1.07 0.94 0.76 0.945 0.92 0.885 0.92 0.79 0.935 0.935 0.8 0.93 0.925 0.67 0.78 0.65 0.67 0.62 0.62 0.7 0.57 0.53 0.51 0.44 0.5 0.57 0.59 0.485
0.305 0.32 0.24 0.2 0.22 0.19 0.19 0.25 0.2 0.21 0.29 0.315 0.315 0.325 0.35 0.315 0.275 0.28 0.325 0.32 0.32 0.36 0.445 0.455 0.455 0.425 0.415 0.285 0.36 0.29 0.51 0.465 0.405 0.49 0.625 0.55 0.485 0.49 0.7 0.785 0.815 0.83 0.83 1.03 0.88 0.96 0.945 0.9 1.195 1.11 1.175 1.145 1.19 1.17 1 0.915 0.935 0.76 0.89 1.165 0.91 0.8 0.65 0.865 0.835 0.745 0.65 0.93 0.91 0.745 0.57 0.68 0.735 0.745 0.62 0.56 0.485 0.38 0.535 0.47 0.56 0.68
0.34 0.275 0.245 0.22 0.215 0.245 0.215 0.215 0.25 0.22 0.22 0.35 0.33 0.245 0.255 0.34 0.255 0.275 0.365 0.355 0.345 0.355 0.3925 0.365 0.32 0.365 0.38 0.37 0.44 0.355 0.35 0.455 0.47 0.56 0.565 0.58 0.67 0.49 0.76 0.79 0.83 0.895 0.895 0.94 0.9 1.045 1.2 0.53 1.015 1.155 1.29 1.035 0.945 0.775 0.91 1.05 0.925 0.88 1.175 1.15 0.9 0.915 0.925 0.905 0.78 0.72 0.65 0.71 0.63 0.595 0.69 0.69 0.735 0.565 0.66 0.69 0.7 0.585 0.53 0.6 0.555 0.56
0.315 0.29 0.25 0.215 0.235 0.265 0.235 0.335 0.27 0.32 0.225 0.275 0.44 0.425 0.425 0.34 0.32 0.295 0.36 0.365 0.33 0.385 0.325 0.41 0.435 0.45 0.47 0.365 0.42 0.285 0.29 0.435 0.46 0.545 0.6 0.57 0.58 0.58 0.77 0.945 0.82 0.895 0.895 1 1.105 1.27 1.17 1.18 1.155 1.34 0.935 1.13 0.935 0.935 0.9 1.25 0.935 0.82 1.095 0.79 0.775 0.82 0.91 1.05 0.94 0.92 0.775 0.745 0.73 0.745 0.71 0.56 0.71 0.68 0.65 0.56 0.565 0.56 0.56 0.485 0.485 0.535
0.34 0.34 0.275 0.28 0.275 0.275 0.285 0.295 0.33 0.305 0.305 0.345 0.375 0.375 0.365 0.425 0.33 0.34 0.305 0.3 0.335 0.34 0.45 0.43 0.335 0.45 0.365 0.39 0.405 0.365 0.385 0.465 0.41 0.555 0.57 0.61 0.65 0.63 0.7 0.815 0.895 0.83 0.83 1.105 0.935 1.07 0.88 1.11 1.54 1.33 1.07 1.155 1.18 1.175 1.13 0.94 1.05 0.915 0.92 1 0.935 0.94 0.79 0.805 0.84 0.92 0.82 0.92 0.84 0.745 0.62 0.73 0.62 0.71 0.66 0.55 0.52 0.68 0.52 0.55 0.57 0.485
0.37 0.3 0.275 0.27 0.19 0.245 0.335 0.33 0.335 0.31 0.275 0.315 0.375 0.37 0.38 0.37 0.31 0.27 0.305 0.255 0.325 0.305 0.435 0.47 0.415 0.44 0.405 0.42 0.365 0.44 0.375 0.46 0.55 0.49 0.65 0.64 0.62 0.62 0.66 0.79 0.945 0.935 0.935 1.36 1.155 1.095 1.15 1.14 1.17 1.17 1.27 1.28 1.27 1.25 0.915 0.755 0.78 0.765 1.06 1.25 0.83 0.93 0.91 0.915 0.91 0.82 0.745 0.7 0.785 0.565 0.68 0.63 0.57 0.66 0.58 0.52 0.55 0.59 0.52 0.55 0.52 0.51
0.4 0.34 0.3 0.265 0.325 0.325 0.3 0.3 0.315 0.34 0.275 0.3 0.305 0.335 0.33 0.265 0.5 0.375 0.37 0.315 0.35 0.41 0.405 0.43 0.43 0.45 0.465 0.465 0.395 0.365 0.365 0.54 0.61 0.57 0.65 0.63 0.7 0.75 0.63 0.91 0.945 1.13 1.13 1.27 1.155 1.11 1.105 1.23 1.17 1.21 1.29 1.23 1.37 1.11 1.05 1.11 1.14 1.155 1.175 1.095 1.15 0.945 1 1 0.9 0.915 0.815 0.82 0.78 0.71 0.63 0.73 0.63 0.595 0.64 0.69 0.48 0.49 0.46 0.52 0.52 0.49
0.445 0.375 0.335 0.295 0.315 0.305 0.305 0.335 0.315 0.315 0.315 0.24 0.265 0.275 0.345 0.35 0.275 0.33 0.285 0.335 0.345 0.335 0.34 0.405 0.365 0.405 0.35 0.34 0.255 0.36 0.36 0.475 0.47 0.6 0.63 0.64 0.76 0.76 0.68 1 0.945 0.945 0.945 1.105 1.175 1.1 1.11 1.29 1.34 1.25 1.18 1.11 1.19 1.085 0.935 1.12 1.2 1.145 1.09 1.11 1.08 0.915 0.76 0.93 0.93 0.93 0.86 0.92 0.57 0.63 0.7 0.71 0.71 0.63 0.63 0.63 0.52 0.52 0.535 0.5 0.52 0.63
0.465 0.33 0.3 0.31 0.305 0.305 0.325 0.245 0.29 0.295 0.315 0.245 0.33 0.34 0.3 0.335 0.275 0.275 0.27 0.33 0.295 0.26 0.27 0.38 0.295 0.345 0.225 0.195 0.21 0.315 0.275 0.39 0.42 0.47 0.64 0.83 0.74 0.8 0.85 0.67 0.73 0.78 0.78 0.815 1 1.105 1.49 1.155 1.15 0.875 1.1 1.105 0.875 0.945 1.17 1.29 1.33 1.35 1.19 1.095 1.24 1.05 1.05 1 1 0.86 0.855 0.79 0.67 0.71 0.64 0.56 0.69 0.66 0.61 0.59 0.435 0.475 0.48 0.485 0.485 0.52
