GIS/bfa_beta.asc
ncols         173
nrows         126
xllcorner     224227.65281
yllcorner     1039207.04677
cellsize      5000
NODATA_value  -9999
[rows 34 to 67 of 126, columns 77 to 153 of 173]
0.2026 0.169 0.135 0.126 0.14 0.136 0.13 0.171 0.153 0.147 0.185 0.138 0.14 0.2026 0.168 0.137 0.21 0.136 0.138 0.137 0.167 0.159 0.1895 0.1895 0.168 0.183 0.186 0.159 0.114 0.135 0.155 0.178 0.175 0.16 0.129 0.123 0.133 0.117 0.139 0.157 0.2021 0.155 0.15 0.136 0.126 0.116 0.132 0.132 0.163 0.132 0.1067 0.102 0.1061 0.089 0.10965 0.0642 0.0952 0.103 0.0652 0.075 0.058 0.0653 0.106 0.081 0.089 -9999 -9999 -9999 -9999 -9999 -9999 -9999 -9999 -9999 -9999 -9999 -9999
0.141 0.137 0.13 0.14 0.15 0.159 0.21 0.159 0.162 0.145 0.133 0.126 0.128 0.152 0.164 0.16 0.147 0.183 0.145 0.14 0.14 0.147 0.2165 0.212 0.187 0.166 0.152 0.138 0.152 0.164 0.15 0.2021 0.165 0.151 0.2021 0.152 0.1573 0.166 0.159 0.2026 0.136 0.152 0.2021 0.152 0.126 0.122 0.122 0.122 0.114 0.097 0.0966 0.09595 0.0952 0.074 0.087 0.102 0.096 0.0959 0.0896 0.077 0.0648 0.067 0.0713 0.08 0.075 0.089 0.076 -9999 -9999 -9999 -9999 -9999 -9999 -9999 -9999 -9999 -9999
0.12 0.109 0.12 0.143 0.173 0.145 0.151 0.153 0.148 0.123 0.113 0.089 0.099 0.128 0.117 0.117 0.133 0.133 0.141 0.137 0.144 0.138 0.174 0.153 0.165 0.14 0.164 0.175 0.133 0.133 0.133 0.164 0.166 0.182 0.2075 0.161 0.152 0.139 0.166 0.14 0.185 0.133 0.164 0.164 0.123 0.158 0.158 0.158 0.121 0.116 0.111 0.102 0.0968 0.096 0.092 0.09 0.09 0.083 0.0564 0.0566 0.0652 0.09 0.0653 0.0645 0.0645 0.0653 0.0648 0.0638 -9999 -9999 -9999 -9999 -9999 -9999 -9999 -9999 -9999
0.108 0.108 0.095 0.115 0.126 0.128 0.117 0.13 0.125 0.096 0.089 0.105 0.1066 0.114 0.111 0.0905 0.096 0.122 0.115 0.123 0.143 0.12 0.176 0.163 0.178 0.2026 0.123 0.136 0.2028 0.14 0.2026 0.142 0.212 0.19 0.17 0.18665 0.149 0.162 0.2021 0.162 0.114 0.2021 0.2021 0.152 0.126 0.165 0.164 0.164 0.121 0.117 0.134 0.0907 0.08 0.11 0.079 0.0572 0.0652 0.078 0.0572 0.0572 0.09725 0.081 0.0652 0.0571 0.0571 0.078 0.09 0.0891 0.067 -9999 0.084 -9999 -9999 -9999 -9999 -9999 -9999
0.11 0.101 0.101 0.114 0.113 0.114 0.12 0.12 0.108 0.102 0.087 0.085 0.114 0.115 0.098 0.0951 0.1069 0.122 0.125 0.115 0.126 0.126 0.145 0.148 0.174 0.166 0.141 0.123 0.2021 0.2021 0.148 0.171 0.15 0.205 0.2012 0.169 0.16 0.1589 0.1589 0.164 0.158 0.138 0.126 0.126 0.133 0.129 0.133 0.133 0.097 0.132 0.106 0.127 0.092 0.087 0.0896 0.087 0.1061 0.0906 0.068 0.074 0.102 0.09725 0.077 0.077 0.0566 -9999 -9999 -9999 0.0653 -9999 -9999 -9999 -9999 -9999 -9999 -9999 -9999
0.1 0.095 0.103 0.089 0.106 0.108 0.099 0.104 0.101 0.108 0.073 0.082 0.094 0.101 0.1045 0.1067 0.132 0.1057 0.106 0.095 0.11 0.121 0.116 0.129 0.173 0.141 0.126 0.185 0.155 0.157 0.157 0.152 0.161 0.17 0.161 0.21 0.161 0.139 0.159 0.132 0.164 0.123 0.126 0.155 0.165 0.123 0.139 0.139 0.114 0.127 0.1067 0.127 0.0963 0.09 0.0896 0.087 0.102 0.0899 0.0952 0.068 0.076 0.077 0.077 0.0652 0.078 -9999 -9999 -9999 -9999 -9999 -9999 -9999 -9999 -9999 -9999 -9999 -9999
0.094 0.094 0.099 0.113 0.102 0.092 0.087 0.086 0.083 0.073 0.0607 0.061 0.084 0.102 0.089 0.086 0.108 0.099 0.125 0.1 0.098 0.108 0.125 0.116 0.125 0.111 0.126 0.141 0.137 0.163 0.152 0.116 0.138 0.168 0.212 0.147 0.104 0.133 0.122 0.129 0.14 0.147 0.143 0.121 0.128 0.097 0.099 0.099 0.116 0.096 0.096 0.092 0.1061 0.0963 0.092 0.08 0.074 0.0898 0.0896 0.076 0.077 0.0958 0.077 0.088 0.09 -9999 -9999 -9999 -9999 -9999 -9999 -9999 -9999 -9999 -9999 -9999 -9999
0.084 0.102 0.111 0.104 0.1 0.093 0.082 0.09 0.073 0.08 0.071 0.088 0.073 0.084 0.076 0.09 0.094 0.108 0.101 0.096 0.11 0.107 0.125 0.1195 0.131 0.134 0.114 0.136 0.164 0.2021 0.2027 0.2156 0.183 0.176 0.2021 0.178 0.153 0.143 0.133 0.109 0.155 0.165 0.132 0.123 0.097 0.163 0.1062 0.114 0.0967 0.098 0.099 0.1 0.102 0.0952 0.0906 0.096 0.11 0.101 0.1 0.073 0.0955 0.0903 0.069 0.081 0.078 -9999 -9999 -9999 -9999 -9999 -9999 -9999 -9999 -9999 -9999 -9999 -9999
0.093 0.101 0.1 0.094 0.085 0.08 0.075 0.0679 0.0665 0.061 0.069 0.069 0.0664 0.084 0.075 0.069 0.0671 0.085 0.08 0.085 0.084 0.103 0.134 0.118 0.12 0.096 0.132 0.097 0.128 0.168 0.21 0.137 0.148 0.141 0.133 0.133 0.148 0.166 0.129 0.146 0.128 0.16 0.164 0.152 0.114 0.114 0.134 0.134 0.096 0.1045 0.083 0.088 0.0966 0.0967 0.1069 0.0899 0.1 0.095 0.1061 0.073 0.075 0.081 0.0959 0.074 0.073 -9999 -9999 -9999 -9999 -9999 -9999 -9999 -9999 -9999 -9999 -9999 -9999
0.085 0.08 0.101 0.0642 0.1 0.095 0.076 0.088 0.0669 0.076 0.0614 0.057 0.064 0.057 0.057 0.0548 0.0608 0.0618 0.0666 0.072 0.077 0.099 0.1 0.114 0.112 0.094 0.111 0.107 0.164 0.14 0.2021 0.142 0.166 0.148 0.173 0.155 0.166 0.137 0.14 0.129 0.128 0.133 0.126 0.114 0.158 0.158 0.117 0.136 0.121 0.0951 0.1067 0.106 0.1057 0.132 0.1065 0.10585 0.076 0.082 0.1061 0.076 0.0899 0.0901 0.068 0.1061 0.087 -9999 -9999 -9999 -9999 -9999 -9999 -9999 -9999 -9999 -9999 -9999 -9999
0.103 0.1 0.095 0.127 0.092 0.08 0.079 0.0608 0.0543 0.0603 0.054 0.058 0.062 0.054 0.06 0.0548 0.055 0.055 0.067 0.067 0.059 0.082 0.08 0.134 0.121 0.094 0.134 0.117 0.136 0.165 0.163 0.152 0.14 0.166 0.155 0.129 0.135 0.129 0.152 0.14 0.129 0.133 0.158 0.097 0.122 0.097 0.126 0.124 0.118 0.109 0.091 0.089 0.0905 0.1054 0.092 0.098 0.0899 0.0899 0.088 0.102 0.079 0.079 0.0901 0.092 0.09725 -9999 -9999 -9999 -9999 -9999 -9999 -9999 -9999 -9999 -9999 -9999 -9999
0.098 0.089 0.091 0.107 0.083 0.077 0.068 0.057 0.062 0.0524 0.052 0.06 0.052 0.06 0.052 0.0537 0.0538 0.0547 0.0605 0.062 0.058 0.078 0.073 0.134 0.114 0.121 0.121 0.12 0.157 0.121 0.117 0.128 0.185 0.129 0.138 0.137 0.127 0.114 0.148 0.137 0.14 0.114 0.118 0.122 0.125 0.11 0.125 0.121 0.105 0.125 0.1054 0.092 0.101 0.0897 0.0968 0.098 0.1067 0.109 0.0961 0.0897 0.0897 0.089 0.08 0.092 0.071 -9999 -9999 -9999 -9999 -9999 -9999 -9999 -9999 -9999 -9999 -9999 -9999
0.084 0.092 0.084 0.099 0.091 0.077 0.0604 0.0608 0.065 0.0538 0.056 0.047 0.06 0.0538 0.0527 0.054 0.045 0.059 0.058 0.0601 0.061 0.067 0.0664 0.095 0.103 0.115 0.119 0.143 0.126 0.141 0.137 0.123 0.175 0.141 0.173 0.173 0.148 0.149 0.161 0.148 0.155 0.155 0.128 0.135 0.14 0.124 0.1 0.093 0.129 0.116 0.099 0.127 0.1054 0.0969 0.106 0.088 0.0961 0.106 0.0899 0.0966 0.088 0.0968 0.1 0.102 0.103 0.103 0.094 0.0966 0.091 -9999 -9999 -9999 -9999 -9999 -9999 -9999 -9999
0.107 0.098 0.098 0.1 0.087 0.074 0.076 0.064 0.055 0.06 0.048 0.048 0.045 0.05 0.06 0.059 0.045 0.059 0.06 0.062 0.0604 0.0665 0.075 0.085 0.099 0.11 0.121 0.13 0.158 0.166 0.147 0.132 0.11 0.105 0.148 0.114 0.141 0.124 0.156 0.139 0.095 0.146 0.135 0.13 0.126 0.131 0.094 0.094 0.1066 0.158 0.116 0.125 0.0966 0.1057 0.106 0.09595 0.08 0.10965 0.127 0.1054 0.0906 0.109 0.091 0.091 0.109 0.1067 0.0899 0.0899 0.1057 0.1067 -9999 -9999 -9999 -9999 -9999 -9999 -9999
0.099 0.11 0.118 0.088 0.0895 0.068 0.076 0.057 0.0651 0.054 0.057 0.0573 0.0423 0.047 0.045 0.056 0.0549 0.059 0.06 0.0609 0.0602 0.062 0.097 0.094 0.084 0.106 0.12 0.144 0.133 0.1195 0.143 0.14 0.098 0.11 0.2021 0.139 0.169 0.133 0.1195 0.13 0.132 0.145 0.157 0.128 0.097 0.1053 0.1064 0.1064 0.121 0.121 0.097 0.0951 0.10585 0.0907 0.1 0.0893 0.104 0.1065 0.096 0.0966 0.0951 0.096 0.1057 0.1065 0.132 0.106 0.0951 0.0905 0.106 0.0905 0.1057 -9999 -9999 -9999 -9999 -9999 -9999
0.118 0.105 0.134 0.096 0.102 0.088 0.0655 0.055 0.0641 0.0421 0.0641 0.0576 0.0578 0.06 0.049 0.059 0.05 0.062 0.062 0.055 0.0602 0.068 0.0671 0.09 0.09 0.087 0.118 0.124 0.102 0.114 0.121 0.157 0.148 0.173 0.169 0.176 0.165 0.151 0.161 0.164 0.141 0.145 0.126 0.123 0.1066 0.097 0.128 0.128 0.117 0.097 0.1069 0.096 0.0952 0.094 0.108 0.108 0.1065 0.106 0.1065 0.105 0.0966 0.1057 0.125 0.1069 0.1065 0.1069 0.0905 0.111 0.1062 0.071 0.0968 0.0968 -9999 -9999 -9999 -9999 -9999
0.105 0.106 0.098 0.089 0.101 0.0663 0.063 0.076 0.055 0.052 0.065 0.0633 0.0562 0.05 0.0465 0.054 0.06 0.058 0.076 0.0674 0.065 0.0612 0.068 0.078 0.088 0.086 0.089 0.125 0.098 0.089 0.115 0.126 0.12 0.164 0.126 0.133 0.162 0.2026 0.137 0.138 0.166 0.146 0.117 0.115 0.138 0.121 0.123 0.128 0.128 0.106 0.0965 0.1056 0.096 0.096 0.1054 0.107 0.096 0.0951 0.1069 0.1064 0.134 0.0905 0.132 0.105 0.097 0.114 0.117 0.135 0.135 0.08 0.10585 0.0906 0.0961 0.1067 -9999 -9999 -9999
0.092 0.1 0.092 0.076 0.075 0.0608 0.067 0.0619 0.055 0.062 0.054 0.0641 0.047 0.0578 0.057 0.051 0.054 0.065 0.069 0.0637 0.0548 0.055 0.068 0.074 0.092 0.1045 0.118 0.125 0.121 0.134 0.108 0.128 0.14 0.14 0.165 0.185 0.185 0.158 0.135 0.148 0.128 0.145 0.1066 0.156 0.141 0.121 0.125 0.125 0.123 0.107 0.0967 0.0961 0.096 0.096 0.1062 0.116 0.105 0.099 0.1066 0.117 0.0905 0.099 0.1066 0.158 0.2021 0.114 0.154 0.111 0.0969 0.108 0.109 0.0967 0.0951 0.1057 0.105 -9999 -9999
0.088 0.077 0.0664 0.0666 0.068 0.065 0.0605 0.06 0.056 0.05 0.0538 0.048 0.05 0.06 0.052 0.054 0.057 0.059 0.065 0.072 0.067 0.088 0.073 0.076 0.103 0.093 0.109 0.091 0.099 0.096 0.093 0.125 0.116 0.121 0.158 0.13 0.123 0.124 0.138 0.125 0.116 0.12 0.125 0.134 0.089 0.134 0.096 0.089 0.109 0.0899 0.088 0.099 0.118 0.106 0.117 0.121 0.158 0.097 0.114 0.117 0.117 0.167 0.121 0.121 0.165 0.118 0.12 0.122 0.0965 0.104 0.0966 0.0951 0.106 0.0905 0.0951 0.0951 -9999
0.0666 0.063 0.068 0.071 0.064 0.062 0.059 0.0539 0.0543 0.057 0.0536 0.049 0.048 0.059 0.052 0.062 0.0543 0.045 0.059 0.0675 0.071 0.088 0.077 0.079 0.0897 0.096 0.0968 0.1 0.101 0.114 0.11 0.109 0.157 0.117 0.121 0.158 0.12 0.1195 0.12 0.107 0.125 0.113 0.089 0.091 0.089 0.0961 0.098 0.1067 0.0951 0.0969 0.1069 0.121 0.121 0.119 0.133 0.123 0.123 0.114 0.123 0.13 0.097 0.097 0.117 0.1066 0.097 0.097 0.117 0.0905 0.0951 0.1062 0.1064 0.134 0.1062 0.116 0.132 0.1064 0.1067
0.075 0.0666 0.069 0.0615 0.063 0.058 0.06 0.059 0.053 0.049 0.048 0.042 0.042 0.048 0.0603 0.0524 0.051 0.06 0.0544 0.05 0.053 0.066 0.068 0.075 0.0963 0.082 0.0961 0.099 0.111 0.126 0.125 0.103 0.136 0.107 0.163 0.121 0.126 0.115 0.143 0.13 0.118 0.07 0.099 0.094 0.1045 0.107 0.093 0.094 0.12 0.128 0.116 0.16 0.164 0.126 0.117 0.164 0.128 0.136 0.136 0.16 0.123 0.1053 0.134 0.117 0.154 0.163 0.099 0.1057 0.0966 0.1052 0.117 0.097 0.099 0.118 0.154 0.132 0.108
0.064 0.064 0.061 0.051 0.051 0.049 0.042 0.0413 0.041 0.0533 0.044 0.051 0.048 0.046 0.0446 0.052 0.0532 0.043 0.052 0.05 0.0542 0.0667 0.069 0.0643 0.077 0.0896 0.0772 0.109 0.125 0.119 0.133 0.114 0.123 0.116 0.158 0.097 0.097 0.1067 0.116 0.082 0.087 0.075 0.098 0.103 0.109 0.114 0.125 0.132 0.117 0.163 0.164 0.2021 0.128 0.114 0.126 0.155 0.162 0.126 0.165 0.123 0.123 0.117 0.163 0.117 0.118 0.158 0.1053 0.1069 0.1057 0.122 0.123 0.117 0.097 0.118 0.111 0.132 0.0969
0.062 0.0603 0.0524 0.06 0.057 0.0539 0.0418 0.0413 0.045 0.044 0.0428 0.0415 0.037 0.0462 0.0472 0.0465 0.054 0.0576 0.076 0.0541 0.0549 0.0604 0.09 0.084 0.073 0.083 0.0642 0.134 0.1069 0.134 0.114 0.099 0.113 0.123 0.128 0.1064 0.0967 0.0954 0.0961 0.09595 0.0966 0.093 0.103 0.13 0.109 0.115 0.158 0.158 0.2021 0.128 0.133 0.136 0.13 0.16 0.136 0.176 0.159 0.165 0.164 0.126 0.126 0.135 0.099 0.121 0.121 0.118 0.1062 0.12 0.097 0.1066 0.158 0.114 0.134 0.107 0.1053 0.134 0.099
0.0662 0.058 0.065 0.05 0.05 0.052 0.048 0.0418 0.046 0.042 0.047 0.0449 0.038 0.0433 0.047 0.0612 0.064 0.076 0.0536 0.0523 0.0539 0.068 0.078 0.077 0.078 0.086 0.108 0.121 0.1069 0.125 0.12 0.089 0.088 0.108 0.099 0.109 0.107 0.134 0.1053 0.097 0.098 0.094 0.085 0.087 0.143 0.126 0.121 0.121 0.2021 0.133 0.178 0.186 0.133 0.16 0.157 0.162 0.2015 0.16 0.16 0.121 0.097 0.097 0.1053 0.163 0.121 0.1053 0.125 0.118 0.123 0.099 0.117 0.107 0.132 0.099 0.097 0.1062 0.1045
0.061 0.064 0.054 0.064 0.05 0.056 0.048 0.0549 0.048 0.045 0.044 0.042 0.036 0.043 0.051 0.0603 0.055 0.068 0.057 0.048 0.06 0.0638 0.0652 0.078 0.0895 0.0952 0.095 0.11 0.106 0.1045 0.1 0.1 0.1045 0.084 0.086 0.107 0.089 0.125 0.117 0.121 0.1045 0.101 0.08 0.0895 0.097 0.117 0.156 0.156 0.165 0.126 0.164 0.2021 0.123 0.133 0.14 0.176 0.176 0.186 0.159 0.154 0.097 0.1064 0.121 0.121 0.134 0.126 0.097 0.158 0.114 0.099 0.097 0.134 0.096 0.0967 0.1065 0.0951 0.104
0.064 0.0541 0.0609 0.055 0.06 0.056 0.043 0.052 0.047 0.041 0.041 0.039 0.042 0.047 0.049 0.054 0.06 0.084 0.0571 0.061 0.088 0.0616 0.078 0.077 0.068 0.1061 0.107 0.1045 0.103 0.1 0.089 0.101 0.1195 0.101 0.099 0.089 0.118 0.108 0.125 0.111 0.102 0.103 0.0899 0.095 0.117 0.117 0.121 0.121 0.114 0.114 0.126 0.2021 0.126 0.165 0.159 0.2015 0.159 0.159 0.16 0.2021 0.164 0.168 0.155 0.165 0.158 0.121 0.158 0.121 0.121 0.163 0.164 0.1066 0.0907 0.105 0.12 0.122 0.0905
0.0548 0.06 0.064 0.0655 0.065 0.045 0.051 0.046 0.041 0.03 0.03 0.03 0.035 0.0447 0.056 0.064 0.084 0.0653 0.0648 0.0645 0.071 0.081 0.075 0.0895 0.086 0.087 0.083 0.083 0.084 0.108 0.12 0.099 0.121 0.079 0.098 0.1 0.103 0.108 0.121 0.089 0.0967 0.0951 0.0969 0.117 0.163 0.121 0.123 0.123 0.126 0.2021 0.2021 0.152 0.136 0.165 0.176 0.2021 0.152 0.123 0.114 0.126 0.2021 0.161 0.2015 0.16 0.165 0.123 0.107 0.158 0.133 0.2026 0.164 0.163 0.1052 0.135 0.116 0.125 0.1069
0.076 0.074 0.088 0.068 0.058 0.0527 0.0526 0.048 0.04 0.03 0.03 0.03 0.038 0.042 0.0539 0.0655 0.0566 0.078 0.078 0.068 0.061 0.088 0.088 0.092 0.082 0.091 0.09 0.113 0.089 0.099 0.128 0.125 0.101 0.102 0.1 0.108 0.113 0.114 0.123 0.111 0.134 0.114 0.099 0.117 0.114 0.123 0.164 0.164 0.186 0.171 0.176 0.2015 0.166 0.2015 0.16 0.162 0.168 0.2021 0.164 0.2021 0.168 0.2015 0.137 0.14 0.15 0.152 0.128 0.128 0.178 0.157 0.162 0.164 0.123 0.117 0.107 0.1066 0.107
0.084 0.0891 0.061 0.0668 0.065 0.062 0.0446 0.046 0.043 0.034 0.032 0.039 0.048 0.056 0.052 0.084 0.0571 0.0564 0.062 0.069 0.074 0.075 0.088 0.102 0.082 0.064 0.092 0.1045 0.107 0.114 0.119 0.111 0.122 0.121 0.1 0.12 0.101 0.106 0.123 0.126 0.146 0.1195 0.125 0.123 0.126 0.133 0.171 0.171 0.174 0.147 0.2165 0.215 0.137 0.162 0.176 0.168 0.21 0.157 0.2012 0.137 0.159 0.157 0.166 0.2165 0.169 0.2021 0.2021 0.162 0.161 0.2015 0.151 0.126 0.164 0.158 0.121 0.123 0.158
0.09 0.078 0.0604 0.063 0.062 0.062 0.052 0.0538 0.043 0.043 0.048 0.049 0.0524 0.0543 0.054 0.0652 0.0643 0.0566 0.084 0.0666 0.077 0.084 0.0679 0.083 0.076 0.075 0.083 0.086 0.108 0.103 0.102 0.098 0.116 0.108 0.093 0.097 0.101 0.12 0.125 0.136 0.1195 0.126 0.117 0.133 0.165 0.2021 0.157 0.165 0.159 0.1895 0.149 0.137 0.137 0.157 0.182 0.157 0.159 0.137 0.194 0.2164 0.137 0.174 0.168 0.161 0.169 0.168 0.21 0.178 0.179 0.176 0.166 0.162 0.133 0.158 0.097 0.097 0.167
0.091 0.09 0.082 0.076 0.0661 0.055 0.052 0.067 0.0527 0.043 0.049 0.062 0.055 0.0539 0.059 0.084 0.0571 0.0563 0.0604 0.069 0.08 0.085 0.0679 0.081 0.086 0.113 0.097 0.098 0.098 0.098 0.108 0.099 0.089 0.089 0.084 0.07 0.091 0.113 0.112 0.115 0.124 0.137 0.166 0.141 0.137 0.164 0.149 0.149 0.159 0.2025 0.17 0.155 0.158 0.131 0.224 0.169 0.2165 0.169 0.161 0.2012 0.2166 0.175 0.138 0.165 0.164 0.186 0.137 0.2024 0.2166 0.137 0.157 0.155 0.152 0.152 0.165 0.136 0.123
0.084 0.085 0.088 0.069 0.0664 0.076 0.0616 0.056 0.0603 0.055 0.06 0.063 0.0427 0.055 0.076 0.077 0.085 0.077 0.074 0.075 0.0648 0.088 0.0671 0.073 0.089 0.096 0.083 0.102 0.086 0.098 0.113 0.101 0.076 0.079 0.086 0.105 0.11 0.096 0.102 0.121 0.157 0.125 0.118 0.117 0.166 0.147 0.147 0.1585 0.154 0.142 0.187 0.166 0.155 0.2024 0.2 0.19 0.137 0.174 0.2164 0.2156 0.168 0.2026 0.16 0.136 0.16 0.133 0.2021 0.137 0.21 0.2021 0.186 0.139 0.123 0.114 0.128 0.123 0.163
0.09 0.085 0.076 0.08 0.084 0.084 0.07 0.074 0.063 0.0617 0.072 0.068 0.069 0.063 0.064 0.0663 0.09 0.087 0.077 0.079 0.0895 0.079 0.0663 0.082 0.082 0.09 0.087 0.109 0.094 0.091 0.084 0.087 0.075 0.087 0.09 0.105 0.102 0.087 0.12 0.12 0.115 0.089 0.106 0.126 0.155 0.169 0.152 0.152 0.159 0.151 0.156 0.16 0.164 0.18 0.238 0.2164 0.205 0.195 0.19 0.147 0.174 0.21 0.2026 0.176 0.2166 0.14 0.2021 0.128 0.126 0.164 0.123 0.128 0.14 0.14 0.141 0.1053 0.116
0.076 0.085 0.087 0.09 0.0895 0.0959 0.073 0.0653 0.0674 0.063 0.0653 0.074 0.074 0.069 0.071 0.071 0.081 0.079 0.0653 0.09 0.0963 0.088 0.088 0.092 0.085 0.093 0.078 0.096 0.096 0.082 0.092 0.086 0.102 0.095 0.087 0.08 0.101 0.102 0.114 0.121 0.128 0.157 0.106 0.132 0.183 0.2026 0.2021 0.15 0.171 0.171 0.16 0.2 0.108 0.153 0.218 0.193 0.17 0.176 0.175 0.14 0.166 0.139 0.2027 0.2164 0.2012 0.176 0.168 0.178 0.126 0.114 0.164 0.128 0.1066 0.117 0.12 0.12 0.097
