GIS/bfa_init_pop.asc
ncols         173
nrows         126
xllcorner     224227.65281
yllcorner     1039207.04677
cellsize      5000
NODATA_value  -9999
[rows 39 to 77 of 126, columns 0 to 87 of 173]
-9999 -9999 -9999 -9999 -9999 -9999 -9999 -9999 -9999 -9999 -9999 -9999 -9999 -9999 -9999 -9999 -9999 -9999 -9999 -9999 -9999 -9999 -9999 -9999 -9999 -9999 -9999 -9999 -9999 -9999 -9999 879 1108 962 949 954 844 568 408 -9999 -9999 -9999 -9999 -9999 -9999 -9999 -9999 -9999 -9999 -9999 596 581 293 296 400 497 557 949 1515 947 550 485 550 719 924 1272 1207 1077 1299 1164 1296 2288 1910 2378 2008 1042 1745 1578 1532 1970 1399 1650 2581 2820 2691 1698 3845 7816
-9999 -9999 -9999 -9999 -9999 -9999 -9999 -9999 -9999 -9999 -9999 -9999 -9999 -9999 -9999 -9999 -9999 -9999 -9999 -9999 -9999 -9999 -9999 -9999 -9999 -9999 -9999 -9999 -9999 656 942 1020 1348 802 640 563 719 430 377 332 -9999 -9999 -9999 -9999 -9999 -9999 1053 522 323 321 559 583 510 409 320 360 456 754 1082 1024 1039 1603 689 859 1529 1363 844 1281 1668 1861 1917 2460 2343 1928 1646 1166 977 1176 956 2446 2834 2057 1933 2129 1904 1336 1790 1692
-9999 -9999 -9999 -9999 -9999 -9999 -9999 -9999 -9999 -9999 -9999 -9999 -9999 -9999 -9999 -9999 -9999 -9999 -9999 -9999 -9999 -9999 -9999 -9999 -9999 -9999 -9999 -9999 662 776 904 902 1023 711 550 680 560 391 343 338 365 340 -9999 -9999 -9999 -9999 2075 774 480 384 455 765 527 351 362 522 615 702 544 697 1089 1818 899 1907 1105 869 1094 1702 4462 8554 1746 1676 1935 1622 1835 1468 822 1571 1443 3134 3399 2288 1598 1872 2401 2155 1429 1865
-9999 -9999 -9999 -9999 -9999 -9999 -9999 -9999 -9999 -9999 -9999 -9999 -9999 -9999 -9999 -9999 -9999 -9999 -9999 -9999 -9999 -9999 -9999 -9999 -9999 -9999 -9999 240 579 944 1122 1240 855 667 580 759 695 403 348 342 367 408 426 -9999 -9999 -9999 2397 683 345 382 405 788 751 554 756 497 555 450 470 687 931 544 672 1049 1032 949 1200 1820 5037 6343 1916 1663 1500 1739 2450 1209 1346 2849 2071 1825 1645 1593 1208 1017 2138 1864 1317 2165
-9999 -9999 -9999 -9999 -9999 -9999 -9999 -9999 -9999 -9999 -9999 -9999 -9999 -9999 -9999 -9999 -9999 -9999 -9999 -9999 -9999 -9999 -9999 -9999 -9999 -9999 651 427 525 1316 1981 1192 703 551 590 585 611 465 357 368 435 434 438 557 1086 832 1740 569 352 527 437 430 558 1051 930 598 577 514 876 1526 789 620 560 997 1307 779 1055 1478 2227 2278 2070 2200 2479 3368 3955 1435 1503 1363 1119 928 850 2334 1013 1188 1471 2105 1366 1561
-9999 -9999 -9999 -9999 -9999 -9999 -9999 -9999 -9999 -9999 -9999 -9999 -9999 -9999 -9999 -9999 -9999 -9999 -9999 -9999 -9999 -9999 -9999 -9999 -9999 -9999 -9999 528 676 1564 1314 1211 1094 606 775 588 616 491 399 378 564 477 518 677 680 1212 2493 962 1008 1069 499 760 627 2337 1795 683 932 1025 772 584 436 617 767 1573 1086 787 967 1089 1188 1822 1600 1564 1868 1975 3520 2515 1301 1034 1118 1044 849 985 864 1159 1871 2312 1858 974
-9999 -9999 -9999 -9999 -9999 -9999 -9999 -9999 -9999 -9999 -9999 -9999 -9999 -9999 -9999 -9999 -9999 -9999 -9999 -9999 -9999 -9999 -9999 -9999 -9999 -9999 -9999 423 852 1133 884 808 1052 757 635 548 501 471 513 377 393 395 468 584 1012 1636 2232 823 529 555 386 345 646 1273 1114 517 528 690 566 397 439 531 727 932 1168 1062 1365 897 792 1052 1855 1444 2133 1860 1320 2517 1563 1572 2437 1646 1248 1414 1424 1250 1032 1056 2739 1489
-9999 -9999 -9999 -9999 -9999 -9999 -9999 -9999 -9999 -9999 -9999 -9999 -9999 -9999 -9999 -9999 -9999 -9999 -9999 -9999 -9999 -9999 -9999 -9999 -9999 -9999 -9999 -9999 1163 1170 889 680 777 664 783 495 355 415 623 430 362 361 379 427 565 1601 3252 640 364 392 440 390 916 605 707 576 518 1087 605 420 534 426 607 783 997 977 881 1053 821 1314 1775 4343 1594 1566 2397 2528 2383 1670 1571 1542 1720 3034 2643 2727 1617 1261 2436 2145
-9999 -9999 -9999 -9999 -9999 -9999 -9999 -9999 -9999 -9999 -9999 -9999 -9999 -9999 -9999 -9999 -9999 -9999 -9999 -9999 -9999 -9999 -9999 -9999 -9999 -9999 -9999 -9999 714 1304 1020 1263 785 545 582 526 427 411 479 431 385 395 382 295 274 860 1044 655 505 539 348 372 613 473 472 632 633 638 507 420 430 580 864 1092 1026 914 985 1196 1119 1554 3092 10004 2597 1350 1515 1691 1164 1189 1284 1010 1156 1115 1009 1106 1149 891 972 1351
-9999 -9999 -9999 -9999 -9999 -9999 -9999 -9999 -9999 -9999 -9999 -9999 -9999 -9999 -9999 -9999 -9999 -9999 -9999 -9999 -9999 -9999 -9999 -9999 -9999 -9999 -9999 -9999 523 1875 1971 1009 663 567 466 665 668 437 542 709 466 740 548 184 258 691 1791 712 449 571 375 560 787 481 439 852 952 766 1296 671 612 836 905 1313 1551 1281 2271 3618 1337 1394 1436 1758 1631 1833 1049 1561 1141 1195 1008 1037 787 784 906 1071 938 685 969 1069
-9999 -9999 -9999 -9999 -9999 -9999 -9999 -9999 -9999 -9999 -9999 -9999 -9999 -9999 -9999 -9999 -9999 -9999 -9999 -9999 -9999 -9999 -9999 -9999 -9999 -9999 -9999 -9999 522 1287 1176 1079 745 662 496 533 707 620 870 852 960 1095 479 290 427 403 674 885 497 517 480 627 614 649 476 695 690 889 2165 727 667 991 679 799 1039 1222 1494 2200 1513 1521 932 1186 1613 1739 1332 1723 1768 1334 1736 1319 845 876 902 829 1116 733 735 680
-9999 -9999 -9999 -9999 -9999 -9999 -9999 -9999 -9999 -9999 -9999 -9999 -9999 -9999 -9999 -9999 -9999 -9999 -9999 -9999 -9999 -9999 -9999 -9999 -9999 -9999 -9999 -9999 256 835 727 734 617 767 825 575 703 902 820 1124 700 1299 1032 426 820 663 570 949 830 610 1443 1103 864 739 612 962 964 743 835 963 922 799 682 915 987 1487 1350 1611 1705 1119 1289 1641 1601 1291 838 1226 1627 1712 1823 1736 1554 1134 1651 1336 1286 1042 941 910
-9999 -9999 -9999 -9999 -9999 -9999 -9999 -9999 -9999 -9999 -9999 -9999 -9999 -9999 -9999 -9999 -9999 -9999 -9999 -9999 -9999 -9999 -9999 -9999 -9999 -9999 -9999 -9999 342 843 816 923 871 906 857 967 1794 1517 829 647 398 558 608 402 430 548 1144 944 564 453 724 771 1420 1756 1513 864 1141 5280 1029 668 744 722 652 971 1238 1551 1600 1497 1621 1413 1149 1653 1683 1381 1005 1583 1100 1299 2574 1206 1354 1161 1525 1723 2050 1619 1174 1183
-9999 -9999 -9999 -9999 -9999 -9999 -9999 -9999 -9999 -9999 -9999 -9999 -9999 -9999 -9999 -9999 -9999 -9999 -9999 -9999 -9999 -9999 -9999 -9999 263 343 -9999 -9999 759 974 832 852 660 712 862 1179 5661 2039 752 485 361 268 213 301 829 1111 867 390 429 553 524 457 523 1119 1290 1096 1057 2115 1127 1025 796 934 1156 1613 1683 1300 1530 1699 1904 1719 1421 1294 2568 1656 1016 1561 1533 1168 1343 1996 1720 1336 1508 2118 1429 890 1096 1578
-9999 -9999 -9999 -9999 -9999 -9999 -9999 -9999 -9999 -9999 -9999 -9999 -9999 -9999 -9999 -9999 -9999 -9999 -9999 -9999 -9999 -9999 -9999 480 645 738 587 526 616 737 646 640 684 664 882 995 1118 765 614 548 256 171 171 293 860 1169 918 449 387 555 575 491 675 600 766 711 1201 1001 721 799 670 1079 2111 1865 1209 1019 1042 1696 2346 2125 1344 1672 2782 2150 1351 1264 2905 2067 3207 5898 1686 1053 1216 954 2108 2217 1995 3142
-9999 -9999 -9999 -9999 -9999 -9999 -9999 -9999 -9999 -9999 -9999 -9999 -9999 -9999 -9999 -9999 -9999 -9999 -9999 -9999 -9999 -9999 -9999 226 672 501 549 443 515 799 742 907 1077 1252 757 1016 613 699 360 325 335 183 173 243 939 1217 835 527 515 470 1028 1517 871 614 644 600 685 718 719 933 701 969 1014 959 986 1591 1528 1860 1234 743 1142 1541 1674 1247 1510 1910 1206 1256 1879 3637 1702 1324 1190 1007 1389 2168 1484 1640
-9999 -9999 -9999 -9999 -9999 -9999 -9999 -9999 -9999 -9999 -9999 -9999 -9999 -9999 -9999 -9999 -9999 -9999 -9999 -9999 -9999 -9999 -9999 -9999 235 510 690 545 440 526 668 758 804 779 687 477 315 479 197 188 354 275 229 386 1070 1131 620 477 1216 1042 1311 1386 777 660 632 806 603 826 1184 665 800 807 917 1382 1122 1236 444 457 772 1296 1041 924 1074 1094 1668 2009 2319 1508 2380 2382 1980 1663 1240 665 804 812 1532 1022
-9999 -9999 -9999 -9999 -9999 -9999 -9999 -9999 -9999 -9999 -9999 -9999 -9999 -9999 -9999 -9999 -9999 -9999 -9999 -9999 -9999 -9999 -9999 -9999 -9999 793 755 610 545 492 646 871 592 644 538 417 348 397 250 203 235 305 385 792 1011 1189 1049 545 628 557 610 635 832 934 825 637 667 924 1134 608 840 1074 1225 1741 1108 1049 522 510 690 554 595 1029 1470 1934 2023 2034 1750 1371 2357 2853 928 1965 1614 612 737 1033 1800 752
-9999 -9999 -9999 -9999 -9999 -9999 -9999 -9999 -9999 -9999 -9999 -9999 -9999 -9999 -9999 -9999 -9999 -9999 -9999 -9999 -9999 -9999 -9999 -9999 241 685 498 509 427 440 532 902 606 527 447 445 618 769 472 380 454 606 577 2006 2813 5333 1526 687 329 296 312 380 862 775 645 552 584 732 752 672 800 1095 1369 1173 914 1032 687 527 720 1289 1136 1612 2109 2040 1372 1086 1150 2135 1359 876 819 1219 1542 1015 771 1105 16566 7863
-9999 -9999 -9999 -9999 -9999 -9999 -9999 -9999 -9999 -9999 -9999 -9999 -9999 -9999 -9999 -9999 -9999 -9999 -9999 -9999 -9999 -9999 -9999 -9999 637 812 465 451 372 474 701 1048 722 652 555 472 824 1158 767 744 944 509 520 1044 4065 10064 1944 927 358 292 278 427 445 698 872 577 542 522 540 804 1225 1107 1484 1970 2058 1486 1224 1756 2000 3935 3225 1841 1934 1638 2570 2422 2344 1303 1970 1228 997 1116 1278 2097 2240 25637 99569 83837
-9999 -9999 -9999 -9999 -9999 -9999 -9999 -9999 -9999 -9999 -9999 -9999 -9999 -9999 -9999 -9999 -9999 -9999 -9999 -9999 -9999 -9999 -9999 -9999 893 877 700 382 393 585 1045 1164 922 947 670 616 698 1960 1070 295 546 562 509 1088 1176 1214 1139 1443 811 410 296 312 325 487 834 862 769 650 549 912 1148 1526 1344 1536 2909 1908 1559 1835 1767 2060 3085 2024 1696 1776 2317 3107 1791 1335 2327 1593 1199 1466 1822 1393 23096 94274 140829 137285
-9999 -9999 -9999 -9999 -9999 -9999 -9999 -9999 -9999 -9999 -9999 -9999 -9999 -9999 -9999 -9999 -9999 -9999 -9999 -9999 -9999 -9999 -9999 -9999 457 464 765 669 660 972 1284 944 1259 1607 1404 898 767 1116 737 384 634 585 675 1042 828 677 703 877 1481 1226 669 397 380 340 628 680 964 662 517 967 1317 1914 2055 2349 1770 2002 2451 1636 2010 2210 3451 2360 2445 3149 3466 3516 1067 2273 1285 936 821 1033 2157 1601 38272 107298 147518 145132
-9999 -9999 -9999 -9999 -9999 -9999 -9999 -9999 -9999 -9999 -9999 -9999 -9999 -9999 -9999 -9999 -9999 -9999 -9999 -9999 -9999 -9999 -9999 195 308 807 471 519 580 482 832 845 755 1067 1201 795 690 590 523 444 601 625 807 1191 748 646 636 812 1019 884 1017 1106 711 425 378 378 395 595 826 638 457 478 894 1825 1643 2185 6607 4050 3053 3881 4281 3339 2667 2880 2122 1527 1085 1522 918 1016 1476 1299 2727 3587 30050 89817 120775 137997
-9999 -9999 -9999 -9999 -9999 -9999 -9999 -9999 -9999 -9999 -9999 -9999 -9999 -9999 -9999 -9999 -9999 -9999 -9999 -9999 -9999 -9999 133 331 328 512 404 506 649 637 1516 1603 894 808 1251 1187 724 490 435 473 519 675 1449 1253 1076 743 532 784 869 796 1015 1041 909 2549 719 745 462 542 527 381 320 324 786 1616 3075 1838 2709 2198 10694 14992 7086 4066 2999 3039 1904 2305 1693 1032 837 1134 1563 1790 3911 6132 1881 13122 30933 50667
-9999 -9999 -9999 -9999 -9999 -9999 -9999 -9999 -9999 -9999 -9999 -9999 -9999 -9999 -9999 -9999 -9999 -9999 -9999 -9999 -9999 110 295 345 365 335 516 1047 660 834 1017 1566 1156 1039 2202 2933 854 542 402 576 538 607 1488 1049 912 562 433 596 1149 827 1000 1216 644 941 515 586 741 668 843 862 440 374 555 798 1238 1394 2780 4106 11112 11254 4687 3603 2113 2285 3288 2898 2487 1629 1579 2271 2604 1964 2740 1763 1580 4749 5531 8048
-9999 -9999 -9999 -9999 -9999 -9999 -9999 -9999 -9999 -9999 -9999 -9999 -9999 -9999 -9999 -9999 -9999 -9999 -9999 -9999 -9999 227 274 345 271 332 692 685 742 925 1031 5772 2619 1079 1063 966 757 520 493 591 560 769 1076 581 675 526 452 610 854 1057 1242 1121 776 633 509 552 515 507 540 832 736 746 1004 1440 1641 1582 1451 2379 2348 2330 1877 2425 1893 2464 2291 2617 3471 2495 2237 3903 2783 1747 1299 1298 2173 3187 4010 1445
-9999 -9999 -9999 -9999 -9999 -9999 -9999 -9999 -9999 -9999 -9999 -9999 -9999 -9999 -9999 -9999 -9999 -9999 -9999 -9999 -9999 230 228 378 236 609 1367 637 690 1024 1720 1412 1347 926 1218 790 631 537 508 542 814 826 636 519 478 486 574 667 675 1129 2395 1085 913 712 557 555 470 299 298 335 467 704 860 1259 1174 957 889 1240 1787 1500 1554 1683 1448 1496 2098 2470 1843 1257 1044 1132 1091 1581 1266 2165 2565 2436 1890 1078
-9999 -9999 -9999 -9999 -9999 -9999 -9999 -9999 -9999 -9999 -9999 -9999 -9999 -9999 -9999 -9999 -9999 -9999 -9999 122 376 511 954 497 393 1481 1493 937 1166 2654 1888 1601 1209 879 1304 757 695 567 492 608 1997 970 655 597 507 628 787 877 867 1032 1233 877 861 779 613 813 649 323 284 277 337 701 674 852 919 1186 1124 720 654 1074 1064 2115 1830 1889 2290 1882 1351 1055 865 1291 1265 920 1022 2356 1953 1134 1910 907
-9999 -9999 -9999 -9999 -9999 -9999 -9999 -9999 -9999 -9999 -9999 -9999 -9999 -9999 -9999 -9999 -9999 -9999 1662 2864 1725 1805 1199 655 739 1428 2063 1943 2049 2178 3043 1291 947 979 992 631 781 608 505 650 1022 897 632 547 575 830 1074 962 925 807 572 685 840 793 809 662 509 482 350 299 343 658 392 553 1109 1788 1049 607 667 1577 1910 2823 4012 2043 2335 2549 1220 1054 977 922 991 688 758 1077 842 1523 1326 843
-9999 -9999 -9999 -9999 -9999 -9999 -9999 -9999 -9999 -9999 -9999 -9999 172 317 401 475 358 632 621 1040 1875 1990 933 764 719 1633 1968 2269 1492 920 1107 1161 860 962 473 772 1169 1059 624 802 765 837 667 665 647 1381 2949 1294 1015 1024 922 737 1105 863 845 788 985 1000 476 310 345 716 399 600 1019 939 849 745 1741 2218 1581 1815 2603 2206 3413 2583 729 672 723 996 1307 834 644 804 622 749 1197 902
-9999 -9999 -9999 -9999 -9999 -9999 -9999 -9999 395 756 517 422 515 607 703 856 835 795 422 420 991 1446 573 822 1169 1158 1988 1778 1169 1534 977 959 817 672 572 1106 1018 1396 847 1441 1001 687 660 859 972 1728 2713 1152 1020 1357 975 714 811 638 1046 682 682 892 446 390 487 637 391 502 1004 2012 1384 1232 2139 2200 1527 3355 4452 2659 1264 558 695 539 737 824 1042 993 580 533 551 826 1402 1209
-9999 -9999 -9999 -9999 -9999 -9999 -9999 291 708 678 664 816 816 792 458 884 762 767 564 403 898 1540 1356 1160 1067 1788 2701 1137 1129 1291 706 760 759 427 919 776 808 869 894 1096 1012 797 666 697 912 1155 1479 1024 844 1079 1256 716 989 600 739 1159 1109 1131 924 350 386 522 611 513 831 2780 2060 1125 1022 836 751 1014 1191 1458 1120 590 877 745 1021 951 1096 985 500 503 755 1103 1002 657
-9999 -9999 -9999 -9999 -9999 -9999 362 745 717 909 380 517 807 844 1039 1239 916 999 538 602 917 837 1443 1093 1216 1328 1362 1085 1189 766 620 1084 1023 475 611 762 944 879 1736 1310 885 1206 850 684 832 929 714 919 799 985 1273 1002 972 867 757 1597 1359 783 751 353 290 507 710 687 716 958 1073 497 590 425 376 465 1077 1555 1067 690 752 760 1007 1101 1085 1008 855 666 969 1017 812 602
-9999 -9999 -9999 185 452 588 967 966 645 642 584 718 555 1028 1249 1249 753 1032 770 597 870 727 1021 1110 1518 1486 1467 970 1151 1232 814 987 550 686 479 564 676 1101 1409 867 876 766 835 1226 1185 1116 715 888 952 1251 928 832 639 610 1031 1450 1526 1157 690 533 630 737 1322 955 462 482 487 350 326 295 300 357 647 791 903 858 847 726 790 830 1008 1111 1284 949 1147 1106 785 463
-9999 -9999 -9999 -9999 -9999 221 1061 1196 492 602 789 894 542 698 615 2095 1013 1121 999 611 513 517 852 1631 872 1312 1887 998 827 1441 1087 863 380 497 483 494 718 1353 783 673 680 622 681 827 1139 809 856 940 1715 1810 774 950 952 470 460 533 2153 1490 770 661 1196 1268 642 484 415 432 364 436 413 314 306 345 375 465 575 684 784 757 853 977 1228 1110 1098 796 812 1309 577 302
-9999 -9999 -9999 -9999 -9999 -9999 731 444 398 590 576 724 1014 807 687 1239 1061 986 877 922 998 860 1733 1226 410 388 1012 784 719 1286 627 388 344 457 441 485 562 721 522 572 585 675 774 647 786 711 609 655 2471 1876 951 776 899 458 498 1088 1854 867 308 295 617 538 319 476 529 634 320 415 529 351 490 403 482 650 604 647 989 1131 832 838 941 967 1066 822 764 932 607 326
-9999 -9999 -9999 -9999 -9999 -9999 680 495 482 635 522 652 698 594 512 904 693 831 609 859 844 1514 801 564 361 539 696 1022 763 674 333 297 280 377 325 415 532 545 698 771 896 829 767 1203 1356 1557 1083 923 760 956 778 1004 1124 876 395 612 694 338 254 280 1861 942 314 482 540 381 349 398 396 401 468 656 578 698 594 635 1000 1478 634 657 819 903 1122 1042 1131 1007 637 488
-9999 -9999 -9999 -9999 -9999 755 827 843 706 549 782 964 704 533 759 725 1741 1199 721 1121 1448 2707 969 632 450 677 615 1088 787 382 397 262 258 432 621 680 553 411 691 1039 1542 823 938 1309 1186 1080 1166 1521 1034 879 646 667 704 343 244 262 262 255 249 448 1767 915 345 323 412 506 582 362 353 440 560 490 580 1037 575 508 1314 1223 841 685 736 925 1201 1314 1371 839 635 474
-9999 -9999 -9999 -9999 -9999 -9999 -9999 817 652 826 789 728 959 580 657 766 1201 1119 867 1036 1669 3381 854 685 737 1134 1048 1238 771 399 254 250 323 377 725 542 373 445 622 759 1036 1365 1196 1158 1039 782 1385 1711 945 1004 1144 916 475 220 231 270 252 234 276 1063 3261 1135 647 505 445 572 988 689 606 743 605 446 753 1854 611 774 1545 918 1009 919 792 1189 1721 1556 929 707 569 494
