GIS/bfa_beta.asc
ncols         173
nrows         126
xllcorner     224227.65281
yllcorner     1039207.04677
cellsize      5000
NODATA_value  -9999
[rows 76 to 113 of 126, columns 0 to 83 of 173]
-9999 -9999 -9999 -9999 -9999 0.37 0.27 0.28 0.46 0.28 0.4 0.33 0.34 0.35 0.4 0.5 0.49 0.45 0.43 0.47 0.33 0.36 0.39 0.31 0.28 0.35 0.32 0.28 0.27 0.13 0.11 0.11 0.22 0.12 0.12 0.12 0.1 0.1 0.11 0.1 0.11 0.11 0.1 0.1 0.1 0.1 0.1 0.11 0.1 0.1 0.11 0.12 0.12 0.12 0.11 0.11 0.12 0.12 0.12 0.13 0.11 0.1 0.12 0.12 0.13 0.12 0.13 0.13 0.13 0.13 0.12 0.12 0.12 0.11 0.12 0.12 0.11 0.11 0.12 0.12 0.12 0.12 0.11 0.1
-9999 -9999 -9999 -9999 -9999 -9999 -9999 0.37 0.31 0.28 0.36 0.32 0.39 0.4 0.35 0.35 0.34 0.34 0.45 0.3 0.28 0.22 0.39 0.34 0.27 0.24 0.19 0.25 0.24 0.11 0.12 0.11 0.24 0.23 0.16 0.08 0.11 0.11 0.1 0.08 0.1 0.1 0.1 0.1 0.1 0.11 0.1 0.1 0.1 0.1 0.1 0.1 0.11 0.11 0.11 0.12 0.12 0.12 0.13 0.12 0.11 0.11 0.12 0.13 0.12 0.13 0.13 0.13 0.13 0.16 0.13 0.16 0.12 0.12 0.12 0.12 0.13 0.13 0.12 0.13 0.13 0.13 0.11 0.11
-9999 -9999 -9999 -9999 -9999 -9999 -9999 0.26 0.37 0.27 0.35 0.3 0.31 0.28 0.28 0.49 0.43 0.42 0.4 0.29 0.24 0.24 0.32 0.26 0.21 0.3 0.16 0.23 0.26 0.15 0.11 0.15 0.22 0.23 0.08 0.08 0.1 0.1 0.08 0.1 0.1 0.1 0.09 0.1 0.1 0.1 0.09 0.07 0.08 0.08 0.08 0.1 0.08 0.08 0.11 0.12 0.12 0.12 0.12 0.1 0.1 0.1 0.11 0.11 0.12 0.12 0.12 0.13 0.13 0.16 0.13 0.13 0.13 0.12 0.12 0.12 0.13 0.12 0.13 0.13 0.12 0.12 0.09 0.11
-9999 -9999 -9999 -9999 -9999 -9999 -9999 0.24 0.24 0.24 0.32 0.33 0.3 0.35 0.36 0.47 0.42 0.39 0.28 0.35 0.37 0.24 0.19 0.21 0.16 0.19 0.15 0.18 0.19 0.19 0.15 0.17 0.25 0.15 0.13 0.11 0.11 0.1 0.09 0.1 0.1 0.1 0.09 0.09 0.1 0.09 0.08 0.09 0.09 0.1 0.1 0.1 0.11 0.1 0.11 0.12 0.12 0.12 0.12 0.1 0.1 0.1 0.11 0.12 0.12 0.12 0.13 0.13 0.13 0.16 0.13 0.16 0.14 0.11 0.12 0.13 0.13 0.13 0.13 0.14 0.13 0.12 0.1 0.11
-9999 -9999 -9999 -9999 -9999 -9999 -9999 0.27 0.24 0.37 0.27 0.29 0.33 0.31 0.46 0.4 0.49 0.46 0.28 0.33 0.33 0.26 0.19 0.19 0.21 0.15 0.17 0.13 0.21 0.23 0.15 0.19 0.14 0.18 0.17 0.25 0.11 0.1 0.12 0.14 0.18 0.1 0.1 0.09 0.08 0.1 0.09 0.09 0.08 0.08 0.09 0.1 0.1 0.12 0.11 0.11 0.1 0.1 0.1 0.1 0.1 0.1 0.11 0.11 0.12 0.12 0.12 0.12 0.12 0.13 0.12 0.12 0.13 0.12 0.13 0.13 0.13 0.13 0.16 0.14 0.13 0.11 0.12 0.12
-9999 -9999 -9999 -9999 -9999 -9999 -9999 0.32 0.25 0.2 0.24 0.32 0.35 0.3 0.29 0.33 0.33 0.24 0.24 0.24 0.19 0.21 0.17 0.19 0.18 0.15 0.15 0.21 0.21 0.19 0.15 0.15 0.15 0.18 0.17 0.19 0.16 0.12 0.14 0.15 0.18 0.15 0.14 0.1 0.14 0.08 0.13 0.13 0.1 0.1 0.1 0.1 0.1 0.11 0.1 0.09 0.1 0.1 0.09 0.1 0.09 0.09 0.1 0.11 0.12 0.12 0.12 0.12 0.12 0.12 0.12 0.12 0.11 0.12 0.12 0.12 0.13 0.13 0.16 0.14 0.11 0.12 0.12 0.12
-9999 -9999 -9999 -9999 -9999 -9999 0.22 0.27 0.37 0.16 0.22 0.27 0.34 0.28 0.28 0.33 0.25 0.22 0.26 0.27 0.23 0.19 0.26 0.22 0.16 0.11 0.14 0.19 0.18 0.15 0.13 0.14 0.17 0.18 0.13 0.13 0.17 0.17 0.15 0.2 0.13 0.14 0.11 0.1 0.17 0.2 0.1 0.09 0.09 0.09 0.08 0.08 0.1 0.17 0.08 0.1 0.11 0.1 0.09 0.09 0.1 0.1 0.1 0.11 0.12 0.11 0.12 0.12 0.12 0.12 0.12 0.12 0.12 0.12 0.12 0.13 0.13 0.13 0.13 0.13 0.24 0.12 0.11 0.12
-9999 -9999 -9999 -9999 -9999 -9999 0.26 0.24 0.37 0.37 0.37 0.33 0.33 0.31 0.33 0.26 0.2 0.22 0.24 0.37 0.24 0.25 0.26 0.17 0.14 0.09 0.14 0.12 0.15 0.12 0.12 0.14 0.15 0.15 0.17 0.12 0.17 0.18 0.15 0.18 0.14 0.1 0.13 0.14 0.17 0.13 0.1 0.1 0.14 0.14 0.14 0.12 0.12 0.1 0.08 0.1 0.11 0.1 0.09 0.08 0.09 0.1 0.1 0.1 0.11 0.11 0.12 0.12 0.11 0.11 0.11 0.12 0.12 0.11 0.11 0.12 0.13 0.12 0.12 0.12 0.11 0.11 0.22 0.23
-9999 -9999 -9999 -9999 -9999 -9999 0.24 0.22 0.26 0.24 0.37 0.37 0.27 0.28 0.28 0.22 0.19 0.24 0.22 0.22 0.26 0.22 0.17 0.19 0.16 0.11 0.14 0.12 0.11 0.11 0.11 0.12 0.18 0.17 0.17 0.15 0.19 0.15 0.18 0.17 0.11 0.1 0.1 0.13 0.17 0.13 0.13 0.13 0.17 0.14 0.13 0.18 0.1 0.13 0.14 0.1 0.1 0.1 0.08 0.08 0.1 0.11 0.1 0.11 0.12 0.13 0.12 0.12 0.12 0.12 0.11 0.11 0.11 0.11 0.11 0.11 0.12 0.26 0.24 0.12 0.26 0.22 0.22 0.16
-9999 -9999 -9999 -9999 -9999 0.22 0.22 0.22 0.26 0.24 0.24 0.37 0.24 0.28 0.24 0.25 0.24 0.37 0.26 0.23 0.21 0.15 0.16 0.12 0.13 0.13 0.12 0.12 0.12 0.13 0.14 0.17 0.13 0.13 0.17 0.15 0.17 0.12 0.12 0.14 0.11 0.13 0.14 0.14 0.14 0.17 0.17 0.17 0.15 0.15 0.14 0.14 0.1 0.13 0.14 0.1 0.09 0.08 0.09 0.09 0.1 0.11 0.11 0.11 0.11 0.11 0.12 0.11 0.12 0.12 0.12 0.11 0.1 0.11 0.11 0.11 0.23 0.21 0.25 0.26 0.16 0.22 0.23 0.19
-9999 -9999 -9999 -9999 0.18 0.19 0.24 0.26 0.26 0.26 0.24 0.27 0.33 0.29 0.3 0.29 0.37 0.22 0.26 0.17 0.15 0.14 0.14 0.14 0.11 0.13 0.07 0.08 0.11 0.12 0.12 0.14 0.13 0.1 0.17 0.15 0.14 0.12 0.1 0.14 0.13 0.13 0.13 0.13 0.13 0.18 0.2 0.17 0.13 0.14 0.12 0.14 0.11 0.11 0.13 0.18 0.18 0.13 0.09 0.09 0.08 0.1 0.1 0.11 0.11 0.12 0.12 0.11 0.11 0.11 0.1 0.19 0.21 0.21 0.21 0.21 0.26 0.2 0.19 0.37 0.22 0.24 0.37 0.33
-9999 -9999 -9999 -9999 0.17 0.19 0.25 0.23 0.26 0.37 0.37 0.28 0.37 0.24 0.27 0.37 0.37 0.37 0.22 0.19 0.15 0.15 0.15 0.15 0.14 0.12 0.04 0.05 0.08 0.11 0.1 0.12 0.14 0.13 0.17 0.17 0.12 0.1 0.12 0.12 0.14 0.12 0.12 0.13 0.17 0.13 0.14 0.14 0.14 0.14 0.12 0.1 0.1 0.11 0.09 0.13 0.17 0.17 0.17 0.09 0.09 0.1 0.1 0.08 0.1 0.11 0.11 0.11 0.12 0.21 0.19 0.16 0.15 0.13 0.2 0.19 0.23 0.19 0.15 0.22 0.22 0.27 0.37 0.24
-9999 -9999 0.19 0.23 0.17 0.15 0.26 0.26 0.22 0.27 0.33 0.27 0.24 0.25 0.32 0.37 0.22 0.16 0.22 0.16 0.12 0.14 0.14 0.15 0.11 0.14 0.1 0.11 0.12 0.13 0.14 0.14 0.17 0.18 0.15 0.2 0.18 0.13 0.17 0.18 0.22 0.23 0.17 0.13 0.13 0.13 0.14 0.13 0.15 0.14 0.1 0.11 0.1 0.12 0.09 0.12 0.14 0.17 0.17 0.09 0.09 0.15 0.15 0.08 0.08 0.08 0.19 0.19 0.24 0.26 0.15 0.17 0.18 0.16 0.11 0.18 0.18 0.14 0.15 0.15 0.13 0.19 0.15 0.26
-9999 0.15 0.15 0.16 0.15 0.17 0.16 0.16 0.2 0.26 0.22 0.24 0.25 0.25 0.24 0.22 0.23 0.15 0.22 0.21 0.15 0.16 0.18 0.18 0.15 0.13 0.11 0.14 0.13 0.17 0.17 0.13 0.18 0.16 0.16 0.23 0.19 0.17 0.21 0.18 0.17 0.15 0.15 0.17 0.17 0.18 0.15 0.15 0.13 0.17 0.11 0.12 0.14 0.17 0.15 0.14 0.13 0.13 0.17 0.17 0.17 0.12 0.17 0.17 0.15 0.17 0.13 0.21 0.16 0.15 0.21 0.19 0.16 0.16 0.14 0.17 0.17 0.19 0.16 0.16 0.19 0.17 0.19 0.18
-9999 0.15 0.15 0.19 0.15 0.16 0.25 0.37 0.27 0.24 0.25 0.29 0.27 0.22 0.25 0.26 0.26 0.23 0.25 0.22 0.15 0.14 0.14 0.18 0.18 0.11 0.15 0.17 0.17 0.17 0.21 0.17 0.17 0.16 0.16 0.19 0.19 0.17 0.2 0.13 0.12 0.17 0.19 0.17 0.17 0.25 0.19 0.15 0.17 0.14 0.16 0.14 0.16 0.18 0.18 0.15 0.18 0.15 0.17 0.18 0.13 0.13 0.13 0.13 0.19 0.2 0.17 0.19 0.16 0.19 0.26 0.16 0.16 0.23 0.14 0.15 0.19 0.18 0.15 0.16 0.18 0.15 0.15 0.17
-9999 0.15 0.18 0.15 0.25 0.22 0.21 0.33 0.33 0.33 0.33 0.32 0.28 0.17 0.21 0.22 0.23 0.19 0.18 0.19 0.17 0.17 0.14 0.18 0.14 0.17 0.19 0.19 0.16 0.19 0.2 0.16 0.19 0.19 0.17 0.19 0.23 0.21 0.14 0.14 0.18 0.17 0.15 0.17 0.16 0.19 0.19 0.14 0.11 0.14 0.11 0.14 0.14 0.14 0.17 0.15 0.13 0.15 0.14 -9999 -9999 -9999 -9999 -9999 -9999 -9999 -9999 -9999 -9999 -9999 -9999 -9999 -9999 -9999 -9999 -9999 -9999 -9999 -9999 -9999 -9999 -9999 -9999 -9999
-9999 0.17 0.13 0.17 0.21 0.16 0.16 0.22 0.24 0.27 0.33 0.27 0.24 0.24 0.26 0.26 0.23 0.23 0.17 0.17 0.15 0.17 0.13 0.14 0.17 0.15 0.16 0.21 0.19 0.16 0.25 0.25 0.22 0.19 0.22 0.15 0.14 0.18 0.18 0.13 0.14 0.13 0.15 0.17 0.18 0.23 0.15 0.14 0.13 0.11 0.13 0.13 0.12 0.14 0.17 0.17 0.14 0.16 0.15 -9999 -9999 -9999 -9999 -9999 -9999 -9999 -9999 -9999 -9999 -9999 -9999 -9999 -9999 -9999 -9999 -9999 -9999 -9999 -9999 -9999 -9999 -9999 -9999 -9999
-9999 -9999 0.17 0.15 0.15 0.19 0.23 0.23 0.24 0.37 0.24 0.24 0.26 0.26 0.26 0.19 0.23 0.19 0.15 0.18 0.18 0.15 0.11 0.14 0.21 0.16 0.25 0.16 0.23 0.26 0.21 0.26 0.25 0.19 0.21 0.21 0.17 0.16 0.25 0.17 0.19 0.19 0.21 0.17 0.17 0.26 0.15 0.19 0.18 0.12 0.12 0.17 0.15 0.17 0.18 0.21 0.15 0.15 -9999 -9999 -9999 -9999 -9999 -9999 -9999 -9999 -9999 -9999 -9999 -9999 -9999 -9999 -9999 -9999 -9999 -9999 -9999 -9999 -9999 -9999 -9999 -9999 -9999 -9999
-9999 -9999 0.13 0.17 0.15 0.13 0.19 0.21 0.23 0.26 0.37 0.22 0.21 0.21 0.24 0.26 0.23 0.16 0.19 0.15 0.12 0.12 0.14 0.18 0.23 0.23 0.21 0.22 0.24 0.23 0.22 0.22 0.24 0.2 0.25 0.21 0.21 0.23 0.17 0.17 0.15 0.25 0.26 0.19 0.22 0.23 0.21 0.26 0.21 0.1 0.2 0.17 0.21 0.25 0.17 0.19 0.26 0.17 -9999 -9999 -9999 -9999 -9999 -9999 -9999 -9999 -9999 -9999 -9999 -9999 -9999 -9999 -9999 -9999 -9999 -9999 -9999 -9999 -9999 -9999 -9999 -9999 -9999 -9999
-9999 -9999 0.13 0.13 0.18 0.17 0.2 0.19 0.26 0.26 0.22 0.22 0.15 0.14 0.22 0.23 0.16 0.18 0.15 0.15 0.13 0.12 0.2 0.15 0.19 0.16 0.16 0.23 0.24 0.24 0.24 0.26 0.26 0.23 0.19 0.2 0.15 0.16 0.17 0.18 0.23 0.24 0.22 0.22 0.21 0.23 0.28 0.24 0.22 0.15 0.23 0.15 0.19 0.16 0.19 0.19 0.24 0.22 -9999 -9999 -9999 -9999 -9999 -9999 -9999 -9999 -9999 -9999 -9999 -9999 -9999 -9999 -9999 -9999 -9999 -9999 -9999 -9999 -9999 -9999 -9999 -9999 -9999 -9999
-9999 0.12 0.14 0.13 0.13 0.12 0.18 0.21 0.26 0.22 0.23 0.26 0.19 0.14 0.2 0.15 0.13 0.16 0.13 0.13 0.14 0.15 0.21 0.23 0.26 0.2 0.21 0.19 0.24 0.25 0.25 0.23 0.25 0.24 0.24 0.2 0.15 0.2 0.15 0.16 0.23 0.19 0.18 0.16 0.16 0.19 0.24 0.26 0.26 0.26 0.21 0.25 0.23 0.23 0.25 0.25 0.24 -9999 -9999 -9999 -9999 -9999 -9999 -9999 -9999 -9999 -9999 -9999 -9999 -9999 -9999 -9999 -9999 -9999 -9999 -9999 -9999 -9999 -9999 -9999 -9999 -9999 -9999 -9999
-9999 0.09 0.09 0.08 0.13 0.17 0.17 0.14 0.18 0.21 0.15 0.21 0.15 0.18 0.18 0.16 0.14 0.12 0.1 0.14 0.18 0.17 0.16 0.25 0.16 0.2 0.22 0.24 0.22 0.19 0.25 0.23 0.24 0.19 0.22 0.15 0.18 0.15 0.16 0.21 0.26 0.2 0.19 0.2 0.23 0.25 0.26 0.24 0.22 0.24 0.24 0.37 0.3 0.24 0.27 0.24 0.22 -9999 -9999 -9999 -9999 -9999 -9999 -9999 -9999 -9999 -9999 -9999 -9999 -9999 -9999 -9999 -9999 -9999 -9999 -9999 -9999 -9999 -9999 -9999 -9999 -9999 -9999 -9999
-9999 0.11 0.09 0.1 0.1 0.14 0.12 0.14 0.14 0.13 0.13 0.17 0.17 0.16 0.18 0.11 0.1 0.12 0.15 0.18 0.14 0.15 0.16 0.16 0.21 0.26 0.19 0.22 0.24 0.27 0.26 0.26 0.27 0.22 0.2 0.16 0.21 0.16 0.21 0.26 0.26 0.26 0.25 0.26 0.24 0.27 0.32 0.33 0.33 0.24 0.25 0.37 0.29 0.31 0.32 0.26 -9999 -9999 -9999 -9999 -9999 -9999 -9999 -9999 -9999 -9999 -9999 -9999 -9999 -9999 -9999 -9999 -9999 -9999 -9999 -9999 -9999 -9999 -9999 -9999 -9999 -9999 -9999 -9999
-9999 0.1 0.14 0.09 0.09 0.11 0.17 0.13 0.12 0.11 0.17 0.2 0.13 0.12 0.16 0.14 0.14 0.13 0.15 0.16 0.17 0.16 0.17 0.18 0.17 0.25 0.25 0.24 0.27 0.25 0.22 0.24 0.32 0.24 0.24 0.24 0.37 0.24 0.22 0.26 0.16 0.23 0.26 0.37 0.27 0.33 0.33 0.31 0.3 0.33 0.37 0.27 0.33 0.3 0.27 0.24 0.22 -9999 -9999 -9999 -9999 -9999 -9999 -9999 -9999 -9999 -9999 -9999 -9999 -9999 -9999 -9999 -9999 -9999 -9999 -9999 -9999 -9999 -9999 -9999 -9999 -9999 -9999 -9999
-9999 0.08 0.1 0.1 0.1 0.14 0.14 0.12 0.14 0.13 0.17 0.15 0.12 0.12 0.14 0.11 0.14 0.16 0.13 0.18 0.21 0.15 0.16 0.15 0.25 0.24 0.24 0.24 0.37 0.24 0.25 0.19 0.26 0.24 0.24 0.28 0.32 0.24 0.22 0.22 0.37 0.27 0.27 0.31 0.33 0.26 0.27 0.32 0.32 0.31 0.24 0.37 0.27 0.27 0.33 0.22 0.28 -9999 -9999 -9999 -9999 -9999 -9999 -9999 -9999 -9999 -9999 -9999 -9999 -9999 -9999 -9999 -9999 -9999 -9999 -9999 -9999 -9999 -9999 -9999 -9999 -9999 -9999 -9999
-9999 0.1 0.11 0.09 0.11 0.12 0.2 0.2 0.14 0.17 0.17 0.13 0.12 0.12 0.14 0.11 0.14 0.15 0.18 0.18 0.15 0.16 0.23 0.15 0.21 0.37 0.37 0.24 0.22 0.33 0.28 0.25 0.25 0.24 0.24 0.27 0.31 0.27 0.24 0.37 0.33 0.33 0.33 0.33 0.27 0.37 0.29 0.32 0.27 0.27 0.22 0.27 0.32 0.32 0.28 0.2 0.25 -9999 -9999 -9999 -9999 -9999 -9999 -9999 -9999 -9999 -9999 -9999 -9999 -9999 -9999 -9999 -9999 -9999 -9999 -9999 -9999 -9999 -9999 -9999 -9999 -9999 -9999 -9999
0.09 0.1 0.11 0.09 0.11 0.14 0.13 0.2 0.14 0.12 0.17 0.15 0.12 0.13 0.17 0.11 0.14 0.18 0.15 0.18 0.19 0.16 0.23 0.15 0.16 0.24 0.37 0.24 0.22 0.33 0.33 0.25 0.25 0.24 0.24 0.27 0.31 0.27 0.24 0.37 0.33 0.33 0.33 0.33 0.27 0.37 0.29 0.32 0.27 0.27 0.22 0.28 0.32 0.32 0.28 0.2 0.25 0.12 -9999 -9999 -9999 -9999 -9999 -9999 -9999 -9999 -9999 -9999 -9999 -9999 -9999 -9999 -9999 -9999 -9999 -9999 -9999 -9999 -9999 -9999 -9999 -9999 -9999 -9999
0.09 0.1 0.11 0.1 0.11 0.14 0.13 0.17 0.17 0.17 0.14 0.11 0.13 0.17 0.18 0.12 0.11 0.15 0.18 0.18 0.18 0.17 0.15 0.25 0.26 0.37 0.24 0.25 0.29 0.27 0.27 0.24 0.37 0.24 0.37 0.33 0.3 0.28 0.24 0.33 0.32 0.33 0.27 0.31 0.29 0.31 0.28 0.33 0.33 0.33 0.28 0.24 0.29 0.37 0.24 0.16 0.23 0.25 0.09 0.06 -9999 -9999 -9999 -9999 -9999 -9999 -9999 -9999 -9999 -9999 -9999 -9999 -9999 -9999 -9999 -9999 -9999 -9999 -9999 -9999 -9999 -9999 -9999 -9999
-9999 0.14 0.1 0.11 0.1 0.12 0.13 0.17 0.13 0.17 0.12 0.11 0.12 0.17 0.13 0.12 0.15 0.17 0.15 0.15 0.2 0.13 0.2 0.16 0.23 0.37 0.24 0.22 0.25 0.24 0.31 0.24 0.3 0.22 0.22 0.27 0.24 0.24 0.33 0.33 0.36 0.46 0.33 0.32 0.28 0.28 0.4 0.41 0.31 0.37 0.28 0.28 0.28 0.24 0.24 0.26 0.37 0.28 0.26 -9999 -9999 -9999 -9999 -9999 -9999 -9999 -9999 -9999 -9999 -9999 -9999 -9999 -9999 -9999 -9999 -9999 -9999 -9999 -9999 -9999 -9999 -9999 -9999 -9999
-9999 -9999 0.1 0.11 0.13 0.13 0.13 0.2 0.17 0.17 0.17 0.14 0.12 0.14 0.14 0.17 0.17 0.17 0.19 0.19 0.15 0.17 0.15 0.16 0.26 0.24 0.24 0.27 0.33 0.29 0.33 0.28 0.33 0.37 0.27 0.33 0.37 0.28 0.31 0.28 0.43 0.43 0.31 0.29 0.38 0.4 0.41 0.46 0.34 0.39 0.28 0.2 0.25 0.37 0.24 0.24 0.24 0.23 -9999 -9999 -9999 -9999 -9999 -9999 -9999 -9999 -9999 -9999 -9999 -9999 -9999 -9999 -9999 -9999 -9999 -9999 -9999 -9999 -9999 -9999 -9999 -9999 -9999 -9999
-9999 -9999 -9999 -9999 -9999 -9999 -9999 -9999 -9999 0.17 0.13 0.17 0.14 0.13 0.14 0.17 0.17 0.17 0.15 0.18 0.15 0.17 0.15 0.15 0.25 0.22 0.37 0.27 0.33 0.3 0.3 0.33 0.27 0.37 0.31 0.34 0.3 0.31 0.31 0.34 0.33 0.36 0.28 0.3 0.4 0.34 0.49 0.28 0.31 0.29 0.23 0.21 0.28 0.37 0.24 0.24 0.23 0.22 0.23 -9999 -9999 -9999 -9999 -9999 -9999 -9999 -9999 -9999 -9999 -9999 -9999 -9999 -9999 -9999 -9999 -9999 -9999 -9999 -9999 -9999 -9999 -9999 -9999 -9999
-9999 -9999 -9999 -9999 -9999 -9999 -9999 -9999 -9999 0.17 0.17 0.14 0.14 0.12 0.14 0.17 0.17 0.15 0.17 0.17 0.17 0.15 0.18 0.23 0.25 0.37 0.37 0.29 0.28 0.32 0.27 0.22 0.27 0.27 0.28 0.28 0.3 0.28 0.31 0.28 0.29 0.36 0.31 0.29 0.35 0.4 0.28 0.28 0.31 0.24 0.24 0.21 0.22 0.28 0.24 0.24 0.26 0.24 0.22 0.12 -9999 -9999 -9999 -9999 -9999 -9999 -9999 -9999 -9999 -9999 -9999 -9999 -9999 -9999 -9999 -9999 -9999 -9999 -9999 -9999 -9999 -9999 -9999 -9999
-9999 -9999 -9999 -9999 -9999 -9999 -9999 -9999 -9999 0.17 0.17 0.12 0.12 0.14 0.11 0.17 0.17 0.15 0.21 0.18 0.15 0.19 0.16 0.15 0.19 0.24 0.33 0.27 0.33 0.33 0.3 0.33 0.27 0.31 0.33 0.31 0.28 0.46 0.31 0.4 0.31 0.43 0.49 0.35 0.35 0.41 0.4 0.43 0.46 0.33 0.27 0.33 0.33 0.22 0.26 0.22 0.37 0.24 0.24 0.16 -9999 -9999 -9999 -9999 -9999 -9999 -9999 -9999 -9999 -9999 -9999 -9999 -9999 -9999 -9999 -9999 -9999 -9999 -9999 -9999 -9999 -9999 -9999 -9999
-9999 -9999 -9999 -9999 -9999 -9999 -9999 -9999 -9999 -9999 0.13 0.13 0.13 0.13 0.13 0.17 0.17 0.19 0.19 0.19 0.25 0.19 0.26 0.21 0.15 0.24 0.27 0.31 0.33 0.33 0.32 0.3 0.4 0.39 0.34 0.34 0.28 0.28 0.4 0.49 0.46 0.35 0.49 0.49 0.37 0.42 0.42 0.28 0.29 0.29 0.27 0.33 0.31 0.24 0.24 0.37 0.24 0.32 0.19 0.21 -9999 -9999 -9999 -9999 -9999 -9999 -9999 -9999 -9999 -9999 -9999 -9999 -9999 -9999 -9999 -9999 -9999 -9999 -9999 -9999 -9999 -9999 -9999 -9999
-9999 -9999 -9999 -9999 -9999 -9999 -9999 -9999 -9999 -9999 0.13 0.12 0.13 0.14 0.14 0.17 0.2 0.17 0.19 0.19 0.19 0.25 0.37 0.27 0.22 0.24 0.29 0.29 0.3 0.32 0.29 0.28 0.49 0.28 0.39 0.34 0.34 0.41 0.48 0.43 0.43 0.48 0.51 0.42 0.35 0.27 0.32 0.46 0.4 0.29 0.28 0.33 0.31 0.31 0.28 0.37 0.27 0.27 0.21 0.17 -9999 -9999 -9999 -9999 -9999 -9999 -9999 -9999 -9999 -9999 -9999 -9999 -9999 -9999 -9999 -9999 -9999 -9999 -9999 -9999 -9999 -9999 -9999 -9999
-9999 -9999 -9999 -9999 -9999 -9999 -9999 -9999 -9999 -9999 -9999 -9999 0.13 0.13 0.13 0.17 0.18 0.17 0.16 0.23 0.15 0.16 0.24 0.23 0.22 0.22 0.33 0.32 0.32 0.31 0.28 0.41 0.41 0.31 0.43 0.49 0.34 0.44 0.49 0.52 0.52 0.44 0.47 0.5 0.28 0.3 0.28 0.46 0.35 0.39 0.41 0.3 0.33 0.3 0.32 0.29 0.31 0.24 0.25 0.19 -9999 -9999 -9999 -9999 -9999 -9999 -9999 -9999 -9999 -9999 -9999 -9999 -9999 -9999 -9999 -9999 -9999 -9999 -9999 -9999 -9999 -9999 -9999 -9999
-9999 -9999 -9999 -9999 -9999 -9999 -9999 -9999 -9999 -9999 -9999 -9999 0.13 0.13 0.17 0.17 0.17 0.17 0.15 0.19 0.18 0.25 0.22 0.22 0.24 0.27 0.29 0.31 0.31 0.31 0.46 0.28 0.43 0.43 0.64 0.49 0.45 0.45 0.52 0.55 0.45 0.48 0.35 0.41 0.4 0.28 0.3 0.4 0.36 0.28 0.4 0.4 0.33 0.28 0.31 0.32 0.33 0.24 0.23 0.15 -9999 -9999 -9999 -9999 -9999 -9999 -9999 -9999 -9999 -9999 -9999 -9999 -9999 -9999 -9999 -9999 -9999 -9999 -9999 -9999 -9999 -9999 -9999 -9999
-9999 -9999 -9999 -9999 -9999 -9999 -9999 -9999 -9999 -9999 -9999 -9999 0.03 0.13 0.13 0.13 0.13 0.17 0.15 0.19 0.17 0.26 0.22 0.22 0.37 0.33 0.39 0.31 0.31 0.28 0.34 0.31 0.39 0.51 0.54 0.46 0.59 0.45 0.52 0.51 0.52 0.59 0.58 0.44 0.55 0.4 0.41 0.43 0.4 0.28 0.4 0.4 0.33 0.28 0.34 0.31 0.27 0.22 0.22 0.23 -9999 -9999 -9999 -9999 -9999 -9999 -9999 -9999 -9999 -9999 -9999 -9999 -9999 -9999 -9999 -9999 -9999 -9999 -9999 -9999 -9999 -9999 -9999 -9999
