GIS/bfa_beta.asc
ncols         173
nrows         126
xllcorner     224227.65281
yllcorner     1039207.04677
cellsize      5000
NODATA_value  -9999
[rows 33 to 65 of 126, columns 0 to 72 of 173]
-9999 -9999 -9999 -9999 -9999 -9999 -9999 -9999 -9999 -9999 -9999 -9999 -9999 -9999 -9999 -9999 -9999 -9999 -9999 -9999 -9999 -9999 -9999 -9999 -9999 -9999 -9999 -9999 -9999 -9999 -9999 -9999 -9999 -9999 -9999 -9999 -9999 -9999 -9999 -9999 -9999 -9999 -9999 -9999 -9999 -9999 -9999 -9999 -9999 -9999 0.261 0.217 0.184 0.211 0.196 0.137 0.169 0.2166 0.138 0.1631 0.1275 0.141 0.1261 0.135 0.121 0.1138 0.125 0.086 0.1 0.1193 0.1213 0.121 0.131
-9999 -9999 -9999 -9999 -9999 -9999 -9999 -9999 -9999 -9999 -9999 -9999 -9999 -9999 -9999 -9999 -9999 -9999 -9999 -9999 -9999 -9999 -9999 -9999 -9999 -9999 -9999 -9999 -9999 -9999 -9999 -9999 -9999 -9999 -9999 -9999 -9999 -9999 -9999 -9999 -9999 -9999 -9999 -9999 -9999 -9999 -9999 -9999 -9999 0.202 0.188 0.1593 0.188 0.2151 0.1607 0.157 0.1631 0.1631 0.1274 0.1651 0.11065 0.13 0.131 0.1219 0.1028 0.1135 0.1141 0.078 0.086 0.095 0.1245 0.096 0.1209
-9999 -9999 -9999 -9999 -9999 -9999 -9999 -9999 -9999 -9999 -9999 -9999 -9999 -9999 -9999 -9999 -9999 -9999 -9999 -9999 -9999 -9999 -9999 -9999 -9999 -9999 -9999 -9999 -9999 -9999 -9999 -9999 -9999 -9999 -9999 -9999 -9999 -9999 -9999 -9999 -9999 -9999 -9999 -9999 -9999 -9999 -9999 -9999 -9999 0.183 0.1283 0.1895 0.195 0.183 0.211 0.1214 0.138 0.1214 0.121 0.1138 0.146 0.117 0.121 0.129 0.1267 0.1128 0.099 0.112 0.1144 0.098 0.0989 0.1206 0.1264
-9999 -9999 -9999 -9999 -9999 -9999 -9999 -9999 -9999 -9999 -9999 -9999 -9999 -9999 -9999 -9999 -9999 -9999 -9999 -9999 -9999 -9999 -9999 -9999 -9999 -9999 -9999 -9999 -9999 -9999 -9999 -9999 -9999 -9999 0.271 -9999 -9999 -9999 -9999 -9999 -9999 -9999 -9999 -9999 -9999 -9999 -9999 -9999 -9999 0.211 0.1633 0.169 0.151 0.1653 0.1648 0.1222 0.1137 0.1138 0.1235 0.164 0.1099 0.1288 0.12475 0.1066 0.1141 0.101 0.1004 0.1105 0.103 0.0984 0.1206 0.1205 0.1263
-9999 -9999 -9999 -9999 -9999 -9999 -9999 -9999 -9999 -9999 -9999 -9999 -9999 -9999 -9999 -9999 -9999 -9999 -9999 -9999 -9999 -9999 -9999 -9999 -9999 -9999 -9999 -9999 -9999 -9999 -9999 -9999 0.202 0.2212 -9999 -9999 -9999 -9999 -9999 -9999 -9999 -9999 -9999 -9999 -9999 -9999 -9999 -9999 -9999 0.2149 0.1655 0.1654 0.186 0.1648 0.1648 0.2021 0.1231 0.1592 0.163 0.1176 0.1176 0.1138 0.1206 0.1583 0.111 0.0983 0.108 0.1263 0.108 0.1105 0.0836 0.0961 0.0836
-9999 -9999 -9999 -9999 -9999 -9999 -9999 -9999 -9999 -9999 -9999 -9999 -9999 -9999 -9999 -9999 -9999 -9999 -9999 -9999 -9999 -9999 -9999 -9999 -9999 -9999 -9999 -9999 -9999 -9999 -9999 0.308 0.302 0.265 0.25 0.279 0.277 0.308 -9999 -9999 -9999 -9999 -9999 -9999 -9999 -9999 -9999 -9999 -9999 -9999 0.1645 0.1608 0.1643 0.1598 0.1274 0.126 0.1602 0.096 0.1149 0.1176 0.117 0.1204 0.1218 0.1592 0.107 0.0925 0.106 0.1245 0.103 0.1187 0.0836 0.0889 0.0984
-9999 -9999 -9999 -9999 -9999 -9999 -9999 -9999 -9999 -9999 -9999 -9999 -9999 -9999 -9999 -9999 -9999 -9999 -9999 -9999 -9999 -9999 -9999 -9999 -9999 -9999 -9999 -9999 -9999 -9999 -9999 0.302 0.231 0.2654 0.2195 0.3 0.3095 0.3106 0.33 -9999 -9999 -9999 -9999 -9999 -9999 -9999 -9999 -9999 -9999 -9999 0.192 0.1895 0.177 0.2012 0.138 0.1136 0.12475 0.126 0.1248 0.131 0.1176 0.097 0.0966 0.129 0.1244 0.0836 0.1252 0.1245 0.0854 0.1263 0.0984 0.0999 0.1104
-9999 -9999 -9999 -9999 -9999 -9999 -9999 -9999 -9999 -9999 -9999 -9999 -9999 -9999 -9999 -9999 -9999 -9999 -9999 -9999 -9999 -9999 -9999 -9999 -9999 -9999 -9999 -9999 -9999 0.28 0.266 0.278 0.3 0.203 0.3084 0.3085 0.4101 0.3095 0.3093 0.32 -9999 -9999 -9999 -9999 -9999 -9999 0.1674 0.2179 0.2164 0.195 0.2164 0.176 0.1283 0.1283 0.1222 0.1598 0.1234 0.1229 0.1192 0.1214 0.116 0.125 0.1069 0.1187 0.1154 0.091 0.127 0.1251 0.1103 0.105 0.1145 0.113 0.099
-9999 -9999 -9999 -9999 -9999 -9999 -9999 -9999 -9999 -9999 -9999 -9999 -9999 -9999 -9999 -9999 -9999 -9999 -9999 -9999 -9999 -9999 -9999 -9999 -9999 -9999 -9999 -9999 0.202 0.3097 0.278 0.295 0.263 0.2162 0.3087 0.3096 0.23 0.3086 0.3082 0.3107 0.3094 0.202 -9999 -9999 -9999 -9999 0.1628 0.187 0.2025 0.2024 0.1654 0.181 0.1283 0.137 0.1648 0.12315 0.1603 0.1176 0.1131 0.096 0.1206 0.1104 0.0935 0.0909 0.1242 0.1242 0.1257 0.1117333 0.097 0.099 0.0888 0.084 0.095
-9999 -9999 -9999 -9999 -9999 -9999 -9999 -9999 -9999 -9999 -9999 -9999 -9999 -9999 -9999 -9999 -9999 -9999 -9999 -9999 -9999 -9999 -9999 -9999 -9999 -9999 -9999 0.1635 0.3079 0.2653 0.29 0.215 0.1894 0.222 0.2159 0.3097 0.23 0.33 0.33 0.33 0.308 0.202 0.204 -9999 -9999 -9999 0.1541 0.2161 0.1895 0.1653 0.2021 0.1654 0.137 0.161 0.1658 0.1052 0.1229 0.1216 0.116 0.1053 0.1245 0.08 0.102 0.0718 0.1242 0.107 0.108 0.1113 0.0934 0.086 0.0855 0.087 0.0897
-9999 -9999 -9999 -9999 -9999 -9999 -9999 -9999 -9999 -9999 -9999 -9999 -9999 -9999 -9999 -9999 -9999 -9999 -9999 -9999 -9999 -9999 -9999 -9999 -9999 -9999 0.1606 0.2164 0.206 0.25 0.218 0.2215 0.2158 0.216 0.28 0.308 0.3097 0.3087 0.27 0.44 0.3087 0.308 0.27 0.222 0.265 0.183 0.162 0.214 0.17745 0.1649 0.1599 0.1658 0.176 0.1706 0.1185 0.158 0.1074 0.1206 0.1268 0.1148 0.0907 0.10965 0.1162 0.0985 0.0984 0.1165 0.114 0.0985 0.0898 0.0876 0.0897 0.101 0.0919
-9999 -9999 -9999 -9999 -9999 -9999 -9999 -9999 -9999 -9999 -9999 -9999 -9999 -9999 -9999 -9999 -9999 -9999 -9999 -9999 -9999 -9999 -9999 -9999 -9999 -9999 -9999 0.2158 0.195 0.215 0.2217 0.221 0.2207 0.225 0.216 0.3098 0.3084 0.2154 0.24 0.156 0.211 0.1609 0.204 0.24 0.219 0.152 0.163 0.2183 0.2186 0.167 0.1644 0.137 0.1657 0.1557 0.1563 0.1204 0.13 0.1186 0.1216 0.1165 0.1052 0.0889 0.1132 0.1125 0.0854 0.1167 0.0854 0.0946 0.0833 0.085 0.0896 0.1004 0.0813
-9999 -9999 -9999 -9999 -9999 -9999 -9999 -9999 -9999 -9999 -9999 -9999 -9999 -9999 -9999 -9999 -9999 -9999 -9999 -9999 -9999 -9999 -9999 -9999 -9999 -9999 -9999 0.1895 0.2179 0.188 0.263 0.211 0.178 0.2155 0.217 0.202 0.3081 0.3098 0.3081 0.2157 0.1609 0.2179 0.1593 0.214 0.2113 0.1661 0.1498 0.1653 0.181 0.138 0.169 0.137 0.2015 0.155 0.128 0.164 0.1216 0.1053 0.1138 0.1234 0.1131 0.1209 0.1078 0.1213 0.0908 0.0935 0.1266 0.107 0.0975 0.1218 0.094 0.0728 0.085
-9999 -9999 -9999 -9999 -9999 -9999 -9999 -9999 -9999 -9999 -9999 -9999 -9999 -9999 -9999 -9999 -9999 -9999 -9999 -9999 -9999 -9999 -9999 -9999 -9999 -9999 -9999 -9999 0.1905 0.2654 0.2119 0.217 0.2158 0.20685 0.229 0.156 0.202 0.261 0.217 0.217 0.217 0.2171 0.229 0.3079 0.1609 0.158 0.162 0.139 0.1657 0.1653 0.1283 0.1895 0.20495 0.16 0.165 0.1232 0.1598 0.1206 0.118 0.1278 0.1165 0.1069 0.129 0.1064 0.0947 0.1266 0.1242 0.1257 0.0905 0.1187 0.0882 0.087 0.0998
-9999 -9999 -9999 -9999 -9999 -9999 -9999 -9999 -9999 -9999 -9999 -9999 -9999 -9999 -9999 -9999 -9999 -9999 -9999 -9999 -9999 -9999 -9999 -9999 -9999 -9999 -9999 -9999 0.223 0.2216 0.2122 0.2208 0.2168 0.223 0.223 0.2151 0.2168 0.2149 0.2158 0.217 0.223 0.2029 0.229 0.193 0.2166 0.1581 0.1665 0.1647 0.137 0.1233 0.169 0.169 0.155 0.1234 0.165 0.1215 0.1069 0.1069 0.107 0.096 0.1149 0.1149 0.1206 0.1266 0.0947 0.134 0.1187 0.0907 0.1187 0.0895 0.0905 0.077 0.0869
-9999 -9999 -9999 -9999 -9999 -9999 -9999 -9999 -9999 -9999 -9999 -9999 -9999 -9999 -9999 -9999 -9999 -9999 -9999 -9999 -9999 -9999 -9999 -9999 -9999 -9999 -9999 -9999 0.1895 0.223 0.219 0.196 0.20315 0.2151 0.211 0.2179 0.1642 0.2014 0.2179 0.1283 0.2172 0.2161 0.2168 0.222 0.2161 0.2166 0.1606 0.139 0.1638 0.161 0.2024 0.1649 0.2026 0.1643 0.1608 0.1066 0.1241 0.1176 0.1192 0.1052 0.122 0.12 0.1263 0.0946 0.098 0.0946 0.0899 0.098 0.101 0.08 0.08785 0.0825 0.086
-9999 -9999 -9999 -9999 -9999 -9999 -9999 -9999 -9999 -9999 -9999 -9999 -9999 -9999 -9999 -9999 -9999 -9999 -9999 -9999 -9999 -9999 -9999 -9999 -9999 -9999 -9999 -9999 0.182 0.2183 0.2204 0.1906 0.2172 0.227 0.217 0.2019 0.161 0.211 0.2193 0.2166 0.2204 0.1897 0.2156 0.2014 0.1657 0.1633 0.2021 0.195 0.1649 0.2164 0.2161 0.1653 0.1071 0.164 0.1214 0.1074 0.11065 0.1241 0.1105 0.1052 0.1217 0.1243 0.0885 0.0979 0.1266 0.1187 0.093 0.0819 0.0883 0.0833 0.08245 0.0987 0.089
-9999 -9999 -9999 -9999 -9999 -9999 -9999 -9999 -9999 -9999 -9999 -9999 -9999 -9999 -9999 -9999 -9999 -9999 -9999 -9999 -9999 -9999 -9999 -9999 -9999 -9999 -9999 -9999 0.18665 0.2025 0.2024 0.194 0.1609 0.217 0.211 0.195 0.2012 0.1818 0.2179 0.1706 0.2165 0.1675 0.184 0.195 0.224 0.175 0.192 0.1921 0.18665 0.181 0.1594 0.148 0.173 0.1651 0.114 0.133 0.1254 0.106 0.0972 0.1246 0.1213 0.1281 0.092 0.107 0.0984 0.0935 0.1218 0.082 0.0842 0.0884 0.0972 0.0897 0.0827
-9999 -9999 -9999 -9999 -9999 -9999 -9999 -9999 -9999 -9999 -9999 -9999 -9999 -9999 -9999 -9999 -9999 -9999 -9999 -9999 -9999 -9999 -9999 -9999 -9999 -9999 -9999 -9999 0.177 0.1642 0.157 0.192 0.168 0.184 0.2208 0.2205 0.1663 0.167 0.2164 0.176 0.2165 0.182 0.2012 0.223 0.20315 0.2179 0.17465 0.1909 0.1597 0.2028 0.1204 0.1258 0.15 0.151 0.133 0.1195 0.1191 0.116 0.1245 0.1069 0.1167 0.0954 0.1281 0.1263 0.1251 0.0989 0.0834 0.0858 0.0988 0.0771 0.0943 0.089 0.0835
-9999 -9999 -9999 -9999 -9999 -9999 -9999 -9999 -9999 -9999 -9999 -9999 -9999 -9999 -9999 -9999 -9999 -9999 -9999 -9999 -9999 -9999 -9999 -9999 0.165 0.1653 -9999 -9999 0.1895 0.159 0.15 0.1895 0.192 0.1649 0.2204 0.1897 0.174 0.1616 0.2164 0.1656 0.2172 0.20315 0.2011 0.2162 0.20315 0.1929 0.1829 0.169 0.157 0.1608 0.1258 0.1636 0.1598 0.1186 0.1267 0.114 0.1243 0.1132 0.1206 0.1245 0.105 0.1257 0.1257 0.0985 0.0905 0.0939 0.0901 0.085 0.101 0.0818 0.0835 0.073 0.0821
-9999 -9999 -9999 -9999 -9999 -9999 -9999 -9999 -9999 -9999 -9999 -9999 -9999 -9999 -9999 -9999 -9999 -9999 -9999 -9999 -9999 -9999 -9999 0.1258 0.186 0.137 0.1648 0.1608 0.2165 0.157 0.2161 0.137 0.195 0.1895 0.2192 0.1668 0.173 0.155 0.1137 0.159 0.2171 0.2014 0.2158 0.2168 0.182 0.1897 0.1679 0.223 0.1654 0.1214 0.1595 0.1204 0.164 0.1287 0.1216 0.0965 0.1264 0.0944 0.1057 0.1057 0.0975 0.0943 0.1002 0.099 0.0959 0.0973 0.0937 0.1133 0.0831 0.07 0.07553333 0.0667 0.0815
-9999 -9999 -9999 -9999 -9999 -9999 -9999 -9999 -9999 -9999 -9999 -9999 -9999 -9999 -9999 -9999 -9999 -9999 -9999 -9999 -9999 -9999 -9999 0.162 0.1071 0.1654 0.1137 0.1636 0.2012 0.194 0.2025 0.1674 0.1934 0.1921 0.2024 0.1581 0.159 0.1656 0.1644 0.1658 0.2151 0.2179 0.1283 0.214 0.2213 0.1826 0.1638 0.2024 0.1233 0.1233 0.156 0.127 0.133 0.134 0.1258 0.1209 0.111 0.0965 0.1057 0.111 0.1167 0.0943 0.1242 0.0936 0.0924 0.0818 0.094 0.101 0.0832 0.0787 0.0832 0.0825 0.079
-9999 -9999 -9999 -9999 -9999 -9999 -9999 -9999 -9999 -9999 -9999 -9999 -9999 -9999 -9999 -9999 -9999 -9999 -9999 -9999 -9999 -9999 -9999 -9999 0.186 0.137 0.1137 0.1637 0.151 0.151 0.1601 0.139 0.138 0.1136 0.11065 0.1639 0.162 0.1636 0.1648 0.18705 0.166 0.186 0.166 0.1233 0.1667 0.1593 0.1638 0.1233 0.137 0.14 0.137 0.146 0.1138 0.1278 0.12475 0.1217 0.132 0.096 0.099 0.122 0.1069 0.0975 0.0907 0.0728 0.0891 0.0906 0.103 0.0959 0.0764 0.0835 0.079 0.0509 0.0769
-9999 -9999 -9999 -9999 -9999 -9999 -9999 -9999 -9999 -9999 -9999 -9999 -9999 -9999 -9999 -9999 -9999 -9999 -9999 -9999 -9999 -9999 -9999 -9999 -9999 0.2015 0.169 0.1608 0.1648 0.1289 0.1282 0.143 0.1222 0.1212 0.1282 0.162 0.1214 0.164 0.1276 0.1631 0.1071 0.2021 0.165 0.165 0.185 0.173 0.161 0.1636 0.1258 0.123 0.1071 0.1071 0.1204 0.1201 0.1179 0.109 0.1057 0.1243 0.1245 0.1064 0.0786 0.134 0.1266 0.099 0.0985 0.0837 0.0765 0.0763 0.073 0.086 0.081 0.0713 0.07055
-9999 -9999 -9999 -9999 -9999 -9999 -9999 -9999 -9999 -9999 -9999 -9999 -9999 -9999 -9999 -9999 -9999 -9999 -9999 -9999 -9999 -9999 -9999 -9999 0.2028 0.1658 0.215 0.155 0.166 0.1653 0.1636 0.143 0.1632 0.1608 0.2026 0.151 0.165 0.1643 0.126 0.1276 0.13 0.164 0.1285 0.124 0.14 0.139 0.1603 0.1608 0.1214 0.1258 0.114 0.1258 0.1595 0.163 0.096 0.1132 0.1057 0.1203 0.1165 0.135 0.1202 0.0836 0.1248 0.0937 0.09445 0.0838 0.074 0.0572 0.1061 0.0712 0.0856 0.0832 0.0671
-9999 -9999 -9999 -9999 -9999 -9999 -9999 -9999 -9999 -9999 -9999 -9999 -9999 -9999 -9999 -9999 -9999 -9999 -9999 -9999 -9999 -9999 -9999 -9999 0.175 0.1644 0.2028 0.1233 0.1647 0.2026 0.186 0.1593 0.1656 0.1608 0.1608 0.1222 0.162 0.185 0.1276 0.1278 0.138 0.1603 0.1216 0.1212 0.1306 0.115 0.1579 0.144 0.1651 0.1176 0.1288 0.13 0.1235 0.1109 0.0836 0.1169 0.107 0.1179 0.106 0.1165 0.0925 0.0854 0.0989 0.11195 0.0899 0.0984 0.0897 0.0814 0.0896 0.082 0.082 0.0821 0.078
-9999 -9999 -9999 -9999 -9999 -9999 -9999 -9999 -9999 -9999 -9999 -9999 -9999 -9999 -9999 -9999 -9999 -9999 -9999 -9999 -9999 -9999 -9999 -9999 0.16 0.1679 0.1648 0.1658 0.137 0.181 0.1268 0.1702 0.1667 0.1695 0.178 0.1071 0.1232 0.132 0.138 0.1209 0.1064 0.1172 0.1064 0.1219 0.115 0.1264 0.1702 0.1598 0.1651 0.1222 0.1214 0.1631 0.1211 0.096 0.1165 0.114 0.1172 0.116 0.1163 0.1246 0.0933 0.1004 0.0935 0.101 0.0912 0.0895 0.0898 0.07 0.0816 0.0842 0.091 0.0836 0.0904
-9999 -9999 -9999 -9999 -9999 -9999 -9999 -9999 -9999 -9999 -9999 -9999 -9999 -9999 -9999 -9999 -9999 -9999 -9999 -9999 -9999 -9999 -9999 -9999 0.1638 0.1638 0.1647 0.2156 0.1632 0.133 0.1595 0.1702 0.15 0.1575 0.163 0.141 0.1602 0.12 0.1173 0.107 0.118 0.134 0.1136 0.126 0.1066 0.097 0.1217 0.13 0.146 0.1268 0.1222 0.126 0.1278 0.1229 0.1172 0.1172 0.126 0.1165 0.1109 0.1206 0.1255 0.102 0.099 0.0882 0.0822 0.0827 0.0855 0.0822 0.0831 0.085 0.0814 0.0904 0.106
-9999 -9999 -9999 -9999 -9999 -9999 -9999 -9999 -9999 -9999 -9999 -9999 -9999 -9999 -9999 -9999 -9999 -9999 -9999 -9999 -9999 -9999 -9999 0.1638 0.18705 0.161 0.175 0.1643 0.1138 0.1274 0.136 0.1631 0.1631 0.163 0.141 0.1651 0.163 0.1206 0.1217 0.1229 0.1133 0.1602 0.1204 0.1255 0.1074 0.1136 0.1234 0.1176 0.137 0.1582 0.133 0.133 0.1138 0.12315 0.114125 0.11065 0.1052 0.1165 0.1142 0.0905 0.097 0.12 0.0836 0.1009 0.0673 0.0814 0.087 0.081 0.089 0.0917 0.0842 0.0917 0.0861
-9999 -9999 -9999 -9999 -9999 -9999 -9999 -9999 -9999 -9999 -9999 -9999 -9999 -9999 -9999 -9999 -9999 -9999 -9999 -9999 -9999 -9999 0.2024 0.2151 0.2166 0.1137 0.1654 0.176 0.159 0.186 0.1691 0.1574 0.148 0.1231 0.119 0.1592 0.1206 0.1651 0.111 0.1173 0.1216 0.1274 0.143 0.1203 0.126 0.1206 0.1278 0.114 0.133 0.1275 0.185 0.145 0.1188 0.139 0.11065 0.1149 0.1205 0.1062 0.1172 0.1133 0.135 0.1053 0.11915 0.1127 0.0822 0.0673 0.0819 0.0827 0.087 0.098 0.1 0.0839 0.0816
-9999 -9999 -9999 -9999 -9999 -9999 -9999 -9999 -9999 -9999 -9999 -9999 -9999 -9999 -9999 -9999 -9999 -9999 -9999 -9999 -9999 0.2166 0.182 0.1634 0.1658 0.1601 0.2028 0.1665 0.1638 0.1648 0.1592 0.1603 0.169 0.1703 0.138 0.145 0.157 0.122 0.1207 0.1179 0.1602 0.163 0.1219 0.1212 0.1593 0.165 0.121 0.13 0.185 0.165 0.146 0.133 0.117 0.134 0.125 0.1229 0.1149 0.0969 0.1225 0.1592 0.1275 0.1232 0.116 0.0966 0.1242 0.0943 0.0829 0.084 0.0737 0.0677 0.0939 0.0863 0.096
-9999 -9999 -9999 -9999 -9999 -9999 -9999 -9999 -9999 -9999 -9999 -9999 -9999 -9999 -9999 -9999 -9999 -9999 -9999 -9999 -9999 0.181 0.1593 0.64 0.182 0.1895 0.174 0.157 0.1599 0.17465 0.1666 0.148 0.163 0.147 0.1592 0.143 0.1066 0.1149 0.11915 0.1069 0.1204 0.1235 0.123 0.1138 0.126 0.14 0.1651 0.1258 0.135 0.129 0.1212 0.0977 0.1602 0.1229 0.1179 0.117 0.1069 0.0965 0.116 0.12745 0.114 0.1212 0.1264 0.1251 0.1105 0.0993 0.0884 0.1005 0.0679 0.058 0.0896 0.0891 0.0908
-9999 -9999 -9999 -9999 -9999 -9999 -9999 -9999 -9999 -9999 -9999 -9999 -9999 -9999 -9999 -9999 -9999 -9999 -9999 -9999 -9999 0.1653 0.5995 0.2025 0.6002 0.2166 0.174 0.1283 0.182 0.159 0.15555 0.156 0.138 0.185 0.139 0.164 0.154 0.116 0.1172 0.163 0.1138 0.1176 0.1206 0.1598 0.136 0.165 0.1136 0.1598 0.1258 0.1268 0.1481 0.128 0.141 0.1231 0.117 0.12475 0.096 0.0965 0.1216 0.097 0.122 0.11915 0.1255 0.126 0.0984 0.0897 0.0883 0.107 0.103 0.0876 0.0893 0.1158 0.0718
