GIS/bfa_beta.asc
ncols         173
nrows         126
xllcorner     224227.65281
yllcorner     1039207.04677
cellsize      5000
NODATA_value  -9999
[rows 0 to 33 of 126, columns 77 to 153 of 173]
-9999 -9999 -9999 -9999 -9999 -9999 -9999 -9999 -9999 -9999 -9999 -9999 -9999 -9999 -9999 -9999 -9999 -9999 -9999 -9999 -9999 -9999 -9999 -9999 -9999 -9999 -9999 0.2124 0.2124 0.169 0.146 0.1204 0.11 -9999 -9999 -9999 0.124 0.134 -9999 -9999 -9999 -9999 -9999 -9999 -9999 -9999 -9999 -9999 -9999 -9999 -9999 -9999 -9999 -9999 -9999 -9999 -9999 -9999 -9999 -9999 -9999 -9999 -9999 -9999 -9999 -9999 -9999 -9999 -9999 -9999 -9999 -9999 -9999 -9999 -9999 -9999 -9999
-9999 -9999 -9999 -9999 -9999 -9999 -9999 -9999 -9999 -9999 -9999 -9999 -9999 -9999 -9999 -9999 -9999 -9999 -9999 -9999 -9999 -9999 -9999 -9999 -9999 0.219 0.2136 0.169 0.135 0.2139 0.141 0.149 0.138 0.1213 -9999 0.172 0.13815 0.085 0.109 0.0996 0.09545 -9999 -9999 -9999 -9999 -9999 -9999 -9999 -9999 -9999 -9999 -9999 -9999 -9999 -9999 -9999 -9999 -9999 -9999 -9999 -9999 -9999 -9999 -9999 -9999 -9999 -9999 -9999 -9999 -9999 -9999 -9999 -9999 -9999 -9999 -9999 -9999
-9999 -9999 -9999 -9999 -9999 -9999 -9999 -9999 -9999 -9999 -9999 -9999 -9999 -9999 -9999 -9999 -9999 -9999 -9999 -9999 -9999 -9999 -9999 -9999 0.168 0.219 0.219 0.169 0.167 0.139 0.17 0.174 0.146 0.1206 0.151 0.11 0.122 0.098 0.104 0.109 0.1217 0.1 0.1005 0.123 0.1212 0.101 0.101 0.0993 -9999 -9999 -9999 -9999 -9999 -9999 -9999 -9999 -9999 -9999 -9999 -9999 -9999 -9999 -9999 -9999 -9999 -9999 -9999 -9999 -9999 -9999 -9999 -9999 -9999 -9999 -9999 -9999 -9999
-9999 -9999 -9999 -9999 -9999 -9999 -9999 -9999 -9999 -9999 -9999 -9999 -9999 -9999 -9999 -9999 -9999 -9999 -9999 -9999 -9999 -9999 -9999 0.209 0.168 0.2136 0.209 0.217 0.177 0.2136 0.219 0.2124 0.171 0.1206 0.1216 0.1207 0.1207 0.1213 0.125 0.1211 0.1211 0.104 0.104 0.0992 0.0995 0.09545 0.09545 0.093 -9999 -9999 -9999 -9999 -9999 -9999 -9999 -9999 -9999 -9999 -9999 -9999 -9999 -9999 -9999 -9999 -9999 -9999 -9999 -9999 -9999 -9999 -9999 -9999 -9999 -9999 -9999 -9999 -9999
-9999 -9999 -9999 -9999 -9999 -9999 -9999 -9999 -9999 -9999 -9999 -9999 -9999 -9999 -9999 -9999 -9999 -9999 -9999 -9999 -9999 -9999 0.214 0.217 0.2127 0.209 0.184 0.209 0.217 0.208 0.2123 0.203 0.169 0.171 0.141 0.158 0.098 0.154 0.1216 0.132 0.122 0.1008 0.098 0.109 0.0998 0.106 0.106 -9999 -9999 -9999 -9999 -9999 -9999 -9999 -9999 -9999 -9999 -9999 -9999 -9999 -9999 -9999 -9999 -9999 -9999 -9999 -9999 -9999 -9999 -9999 -9999 -9999 -9999 -9999 -9999 -9999 -9999
-9999 -9999 -9999 -9999 -9999 -9999 -9999 -9999 -9999 -9999 -9999 -9999 -9999 -9999 -9999 -9999 -9999 -9999 -9999 -9999 -9999 0.2991 0.2706 0.22 0.207 0.217 0.2122 0.202 0.203 0.219 0.204 0.135 0.2122 0.2139 0.146 0.16 0.1206 0.1219 0.143 0.098 0.1207 0.143 0.1264 0.109 0.1005 0.1209 0.1209 -9999 -9999 -9999 -9999 -9999 -9999 -9999 -9999 -9999 -9999 -9999 -9999 -9999 -9999 -9999 -9999 -9999 -9999 -9999 -9999 -9999 -9999 -9999 -9999 -9999 -9999 -9999 -9999 -9999 -9999
-9999 -9999 -9999 -9999 -9999 -9999 -9999 -9999 -9999 -9999 -9999 -9999 -9999 -9999 -9999 -9999 -9999 -9999 -9999 0.2122 0.177 0.177 0.2133 0.214 0.179 0.2133 0.215 0.2991 0.2598 0.179 0.209 0.2136 0.177 0.169 0.219 0.2139 0.161 0.1208 0.165 0.172 0.1211 0.151 0.151 0.098 0.13815 0.1005 0.1005 0.0991 -9999 -9999 -9999 -9999 -9999 -9999 -9999 -9999 -9999 -9999 -9999 -9999 -9999 -9999 -9999 -9999 -9999 -9999 -9999 -9999 -9999 -9999 -9999 -9999 -9999 -9999 -9999 -9999 -9999
-9999 -9999 -9999 -9999 -9999 -9999 -9999 -9999 -9999 -9999 -9999 -9999 -9999 -9999 -9999 -9999 0.2705 0.177 0.214 0.2128 0.2 0.177 0.214 0.202 0.202 0.22 0.214 0.2598 0.177 0.202 0.2136 0.202 0.218 0.147 0.171 0.167 0.2139 0.163 0.11 0.158 0.122 0.13815 0.151 0.122 0.124 0.109 0.109 0.0996 -9999 -9999 -9999 -9999 -9999 -9999 -9999 -9999 -9999 -9999 -9999 -9999 -9999 -9999 -9999 -9999 -9999 -9999 -9999 -9999 -9999 -9999 -9999 -9999 -9999 -9999 -9999 -9999 -9999
-9999 -9999 -9999 -9999 -9999 -9999 -9999 -9999 -9999 -9999 -9999 -9999 -9999 -9999 0.214 0.2134 0.2591 0.2595 0.205 0.215 0.2705 0.207 0.206 0.179 0.2121 0.2121 0.23 0.2127 0.176 0.162 0.137 0.2136 0.141 0.16 0.2139 0.135 0.173 0.1208 0.11 0.121 0.1215 0.11705 0.1219 0.143 0.1201 0.109 0.109 0.1212 -9999 -9999 -9999 -9999 -9999 -9999 -9999 -9999 -9999 -9999 -9999 -9999 -9999 -9999 -9999 -9999 -9999 -9999 -9999 -9999 -9999 -9999 -9999 -9999 -9999 -9999 -9999 -9999 -9999
-9999 -9999 -9999 -9999 -9999 -9999 -9999 -9999 -9999 -9999 -9999 -9999 0.25 0.3004 0.2601 0.2593 0.28 0.2693 0.2609 0.2129 0.207 0.23 0.214 0.217 0.217 0.214 0.2137 0.2709 0.208 0.2138 0.163 0.159 0.1371 0.1371 0.2139 0.157 0.157 0.157 0.1206 0.1366 0.124 0.104 0.172 0.112 0.105 0.1004 0.1004 -9999 -9999 -9999 -9999 -9999 -9999 -9999 -9999 -9999 -9999 -9999 -9999 -9999 -9999 -9999 -9999 -9999 -9999 -9999 -9999 -9999 -9999 -9999 -9999 -9999 -9999 -9999 -9999 -9999 -9999
-9999 -9999 -9999 -9999 -9999 -9999 -9999 -9999 -9999 -9999 -9999 0.2607 0.2708 0.205 0.269 0.2693 0.2708 0.25 0.3 0.215 0.213 0.215 0.2598 0.2129 0.22 0.206 0.213 0.2598 0.217 0.174 0.148 0.161 0.135 0.2122 0.203 0.161 0.146 0.1208 0.14 0.1363 0.1211 0.124 0.108 0.134 0.122 0.098 0.134 -9999 -9999 -9999 -9999 -9999 -9999 -9999 -9999 -9999 -9999 -9999 -9999 -9999 -9999 -9999 -9999 -9999 -9999 -9999 -9999 -9999 -9999 -9999 -9999 -9999 -9999 -9999 -9999 -9999 -9999
-9999 -9999 -9999 -9999 -9999 -9999 -9999 -9999 -9999 0.2592 0.2992 0.2607 0.2708 0.205 0.269 0.2693 0.2708 0.25 0.3 0.215 0.213 0.215 0.2598 0.2129 0.22 0.206 0.213 0.2598 0.217 0.174 0.148 0.161 0.135 0.2122 0.203 0.15 0.151 0.1208 0.14 0.1363 0.1363 0.124 0.108 0.134 0.122 0.098 0.134 -9999 -9999 -9999 -9999 -9999 -9999 -9999 -9999 -9999 -9999 -9999 -9999 -9999 -9999 -9999 -9999 -9999 -9999 -9999 -9999 -9999 -9999 -9999 -9999 -9999 -9999 -9999 -9999 -9999 -9999
-9999 -9999 -9999 -9999 -9999 -9999 -9999 0.2593 0.2605 0.2594 0.2595 0.2595 0.215 0.2991 0.3 0.205 0.2992 0.2701 0.28 0.2134 0.2991 0.2129 0.2133 0.2709 0.269 0.24 0.179 0.202 0.204 0.18 0.146 0.137 0.1204 0.11 0.2124 0.157 0.155 0.162 0.145 0.139 0.116 0.1211 0.151 0.158 0.13 0.098 0.098 -9999 -9999 -9999 -9999 -9999 -9999 -9999 -9999 -9999 -9999 -9999 -9999 -9999 -9999 -9999 -9999 -9999 -9999 -9999 -9999 -9999 -9999 -9999 -9999 -9999 -9999 -9999 -9999 -9999 -9999
-9999 0.2704 0.3004 0.2701 -9999 0.2137 0.2704 0.31 0.2603 0.2595 0.26 0.28 0.2693 0.3007 0.2992 0.3004 0.2595 0.3004 0.2706 0.22 0.2704 0.2592 0.2137 0.215 0.24 0.2706 0.2127 0.202 0.2131 0.169 0.2139 0.161 0.2124 0.2124 0.169 0.162 0.1371 0.15 0.13 0.1365 0.154 0.158 0.1207 0.122 0.133 0.1211 0.1008 -9999 -9999 -9999 -9999 -9999 -9999 -9999 -9999 -9999 -9999 -9999 -9999 -9999 -9999 -9999 -9999 -9999 -9999 -9999 -9999 -9999 -9999 -9999 -9999 -9999 -9999 -9999 -9999 -9999 -9999
0.2992 0.37 0.2601 0.2998 0.2992 0.2992 0.2992 0.2595 0.2595 0.2594 0.2603 0.2697 0.2702 0.2609 0.2704 0.2593 0.26 0.2601 0.2137 0.3007 0.2991 0.2137 0.28 0.22 0.2698 0.24 0.206 0.2592 0.2129 0.2124 0.17 0.167 0.162 0.161 0.148 0.162 0.1361 0.15 0.129 0.126 0.1206 0.1219 0.1363 0.098 0.122 0.1001 0.1005 0.107 -9999 -9999 -9999 -9999 -9999 -9999 -9999 -9999 -9999 -9999 -9999 -9999 -9999 -9999 -9999 -9999 -9999 -9999 -9999 -9999 -9999 -9999 -9999 -9999 -9999 -9999 -9999 -9999 -9999
0.3001 0.36 0.2595 0.33 0.2691 0.2593 0.28 0.26 0.2992 0.33 0.2992 0.2697 0.2697 0.2601 0.28 0.3004 0.2701 0.2693 0.23 0.25 0.2693 0.2693 0.2707 0.2706 0.28 0.2991 0.2129 0.2129 0.214 0.2598 0.2123 0.219 0.2124 0.2035 0.15 0.1361 0.146 0.1207 0.142 0.1377 0.154 0.137 0.126 0.1363 0.137 0.117 0.104 0.083 0.09545 -9999 -9999 -9999 -9999 -9999 -9999 -9999 -9999 -9999 -9999 -9999 -9999 -9999 -9999 -9999 -9999 -9999 -9999 -9999 -9999 -9999 -9999 -9999 -9999 -9999 -9999 -9999 -9999
0.3005 0.299 0.2739333 0.2691 0.2595 0.2707 0.29 0.3004 0.2998 0.2607 0.2996 0.3004 0.2739333 0.2599 0.299 0.2899 0.2592 0.24 0.19 0.205 0.2137 0.2137 0.2693 0.28 0.2126 0.2129 0.26 0.2129 0.2123 0.2598 0.207 0.153 0.14 0.1687 0.163 0.146 0.165 0.138 0.1211 0.133 0.1362 0.11 0.112 0.1215 0.123 0.108 0.09 0.101 0.1 0.11005 -9999 -9999 -9999 -9999 -9999 -9999 -9999 -9999 -9999 -9999 -9999 -9999 -9999 -9999 -9999 -9999 -9999 -9999 -9999 -9999 -9999 -9999 -9999 -9999 -9999 -9999 -9999
0.2595 0.2599 0.2594 0.2696 0.2995 0.3004 0.2593 0.2992 0.2691 0.2739333 0.2597 0.281 0.2599 0.3002 0.25 0.2704 0.2708 0.2137 0.2137 0.3007 0.2603 0.2702 0.2593 0.2591 0.231 0.2128 0.277 0.2047 0.209 0.168 0.209 0.2122 0.14 0.149 0.137 0.1208 0.1207 0.1216 0.133 0.1211 0.1365 0.1377 0.141 0.105 0.1215 0.112 0.112 0.1215 0.1 0.109 0.1005 -9999 -9999 -9999 -9999 -9999 -9999 -9999 -9999 -9999 -9999 -9999 -9999 -9999 -9999 -9999 -9999 -9999 -9999 -9999 -9999 -9999 -9999 -9999 -9999 -9999 -9999
0.2995 0.3009 0.33 0.2996 0.3001 0.32 0.2603 0.25 0.2603 0.32 0.274 0.287 0.274 0.2599 0.2594 0.2708 0.2704 0.2995 0.2597 0.28 0.2707 0.2698 0.2592 0.2892 0.2892 0.27 0.24 0.19 0.3007 0.214 0.204 0.2124 0.171 0.161 0.171 0.219 0.219 0.159 0.163 0.121 0.102 0.1366 0.1211 0.104 0.13815 0.1005 0.109 0.123 0.128 0.1004 0.13815 -9999 -9999 -9999 -9999 -9999 -9999 -9999 -9999 -9999 -9999 -9999 -9999 -9999 -9999 -9999 -9999 -9999 -9999 -9999 -9999 -9999 -9999 -9999 -9999 -9999 -9999
0.3003 0.259 0.28 0.32 0.36 0.42 0.33 0.3003 0.298 0.271 0.291 0.282 0.2599 0.2599 0.299 0.2704 0.2599 0.3005 0.2998 0.26 0.2708 0.2609 0.32 0.275 0.2902 0.285 0.242 0.184 0.23 0.2137 0.177 0.177 0.168 0.209 0.2136 0.135 0.2124 0.161 0.163 0.157 0.153 0.126 0.143 0.1008 0.104 0.1005 0.13815 0.105 0.104 0.107 0.107 -9999 -9999 -9999 -9999 -9999 -9999 -9999 -9999 -9999 -9999 -9999 -9999 -9999 -9999 -9999 -9999 -9999 -9999 -9999 -9999 -9999 -9999 -9999 -9999 -9999 -9999
0.2606 0.2593 0.287 0.31 0.2607 0.2739333 0.31 0.268 0.2496 0.244 0.3004 0.2992 0.2696 0.3001 0.2994 0.2595 0.37 0.2994 0.2998 0.259 0.2595 0.2041 0.285 0.2592 0.2707 0.201 0.266 0.207 0.233 0.3 0.2598 0.207 0.164 0.218 0.169 0.167 0.2124 0.2132 0.137 0.165 0.108 0.126 0.098 0.098 0.108 0.1211 0.122 0.124 0.104 0.1211 0.124 -9999 -9999 -9999 -9999 -9999 -9999 -9999 -9999 -9999 -9999 -9999 -9999 -9999 -9999 -9999 -9999 -9999 -9999 -9999 -9999 -9999 -9999 -9999 -9999 -9999 -9999
0.2597 0.3004 0.2992 0.2126 0.3 0.26 0.209 0.292 0.293 0.268 0.2994 0.2596 0.33 0.36 0.299 0.2594 0.2607 0.2594 0.2701 0.28 0.2708 0.2706 0.2995 0.3 0.215 0.24 0.213 0.24 0.2137 0.264 0.204 0.217 0.2122 0.164 0.2124 0.174 0.169 0.219 0.173 0.165 0.137 0.1362 0.116 0.1372 0.122 0.1207 0.122 0.098 0.13815 0.105 0.13815 -9999 -9999 -9999 -9999 -9999 -9999 -9999 -9999 -9999 -9999 -9999 -9999 -9999 -9999 -9999 -9999 -9999 -9999 -9999 -9999 -9999 -9999 -9999 -9999 -9999 -9999
0.2704 0.2704 0.2991 0.3 0.3004 0.272 0.281 0.26 0.21 0.268 0.32 0.33 0.299 0.2993 0.3002 0.2594 0.33 0.2994 0.37 0.2595 0.29 0.37 0.2702 0.205 0.2692 0.215 0.22 0.2135 0.2698 0.2709 0.2125 0.2126 0.168 0.201 0.174 0.174 0.14 0.167 0.137 0.1367 0.116 0.15 0.1597 0.145 0.1368 0.1367 0.153 0.122 0.136 0.117 0.1201 -9999 -9999 -9999 -9999 -9999 -9999 -9999 -9999 -9999 -9999 -9999 -9999 -9999 -9999 -9999 -9999 -9999 -9999 -9999 -9999 -9999 -9999 -9999 -9999 -9999 -9999
0.3004 0.2704 0.2126 0.3004 0.286 0.268 0.2899 0.292 0.219 0.2595 0.259 0.3001 0.34 0.36 0.3003 0.2595 0.2696 0.2603 0.2596 0.2607 0.2696 0.37 0.25 0.2706 0.2598 0.175 0.28 0.2598 0.2598 0.215 0.2121 0.2215 0.157 0.154 0.18 0.144 0.164 0.219 0.122 0.121 0.131 0.118 0.11 0.17 0.141 0.116 0.1207 0.121 0.1376 0.1379 0.108 0.1 -9999 -9999 -9999 -9999 -9999 -9999 -9999 -9999 -9999 -9999 -9999 -9999 -9999 -9999 -9999 -9999 -9999 -9999 -9999 -9999 -9999 -9999 -9999 -9999 -9999
0.2998 0.2995 0.2708 0.2592 0.244 0.268 0.2899 0.298 0.278 0.2998 0.2998 0.2996 0.33 0.2993 0.2695 0.2691 0.2994 0.2994 0.2998 0.2996 0.2691 0.2609 0.272 0.231 0.2137 0.215 0.24 0.2692 0.215 0.2129 0.209 0.2131 0.204 0.2131 0.169 0.219 0.1208 0.121 0.133 0.157 0.171 0.1365 0.127 0.145 0.143 0.1204 0.1213 0.14 0.1365 0.143 0.135 0.112 0.122 -9999 -9999 -9999 -9999 -9999 -9999 -9999 -9999 -9999 -9999 -9999 -9999 -9999 -9999 -9999 -9999 -9999 -9999 -9999 -9999 -9999 -9999 -9999 -9999
0.2126 0.2992 0.2691 0.3007 0.286 0.235 0.33 0.279 0.274 0.33 0.2996 0.3003 0.2739333 0.2596 0.3005 0.2994 0.37 0.2596 0.2992 0.29 0.2595 0.2126 0.2137 0.269 0.2708 0.2991 0.214 0.179 0.2129 0.207 0.214 0.2121 0.217 0.2123 0.168 0.147 0.146 0.11 0.173 0.169 0.144 0.1361 0.1208 0.137 0.163 0.1208 0.163 0.165 0.128 0.126 0.1006 0.105 0.13 -9999 -9999 -9999 -9999 -9999 -9999 -9999 -9999 -9999 -9999 -9999 -9999 -9999 -9999 -9999 -9999 -9999 -9999 -9999 -9999 -9999 -9999 -9999 -9999
0.2706 0.3007 0.2609 0.265 0.2894 0.2494 0.248 0.285 0.239 0.2599 0.3003 0.3004 0.2998 0.2607 0.3 0.32 0.293 0.295 0.33 0.271 0.2599 0.2691 0.29 0.2032 0.215 0.3004 0.207 0.214 0.2598 0.214 0.179 0.2123 0.177 0.2124 0.218 0.2122 0.147 0.1369 0.174 0.16 0.137 0.134 0.146 0.171 0.171 0.146 0.155 0.155 0.121 0.0998 0.0995 0.134 0.122 0.13815 -9999 -9999 -9999 -9999 -9999 -9999 -9999 -9999 -9999 -9999 -9999 -9999 -9999 -9999 -9999 -9999 -9999 -9999 -9999 -9999 -9999 -9999 -9999
0.2134 0.179 0.24 0.29 0.249 0.285 0.2603 0.3003 0.2904 0.276 0.29 0.261 0.28 0.265 0.249 0.272 0.244 0.2896 0.292 0.285 0.2991 0.205 0.22 0.2604 0.24 0.205 0.2127 0.217 0.208 0.206 0.19 0.2121 0.176 0.202 0.177 0.209 0.204 0.145 0.147 0.171 0.171 0.1371 0.173 0.2139 0.161 0.138 0.141 0.142 0.1365 0.0991 0.097 0.124 0.1215 0.13815 0.105 -9999 -9999 -9999 -9999 -9999 -9999 -9999 -9999 -9999 -9999 -9999 -9999 -9999 -9999 -9999 -9999 -9999 -9999 -9999 -9999 -9999 -9999
0.175 0.2161 0.214 0.2173 0.172 0.2011 0.3098 0.3098 0.269 0.223 0.3098 0.25 0.2177 0.2173 0.273 0.24 0.2173 0.188 0.199 0.2155 0.211 0.211 0.2121 0.24 0.207 0.214 0.2123 0.217 0.206 0.179 0.214 0.2127 0.2121 0.2127 0.2123 0.218 0.211 0.164 0.1375 0.166 0.157 0.148 0.16 0.1213 0.149 0.137 0.1367 0.1367 0.12 0.114 0.108 0.1363 0.137 0.1215 0.13815 0.1005 -9999 -9999 -9999 -9999 -9999 -9999 -9999 -9999 -9999 -9999 -9999 -9999 -9999 -9999 -9999 -9999 -9999 -9999 -9999 -9999 -9999
0.16 0.19 0.2024 0.2155 0.2014 0.2168 0.217 0.33 0.217 0.189 0.225 0.22 0.2018 0.188 0.2014 0.2178 0.219 0.213 0.2158 0.211 0.2162 0.219 0.214 0.2158 0.183 0.212 0.137 0.202 0.137 0.217 0.2123 0.217 0.179 0.2699 0.214 0.204 0.169 0.219 0.15 0.138 0.155 0.164 0.15 0.163 0.165 0.171 0.137 0.1687 0.121 0.104 0.105 0.122 0.102 0.13815 0.1 0.1212 -9999 -9999 -9999 -9999 -9999 -9999 -9999 -9999 -9999 -9999 -9999 -9999 -9999 -9999 -9999 -9999 -9999 -9999 -9999 -9999 -9999
0.174 0.195 0.238 0.182 0.211 0.223 0.222 0.292 0.219 0.226 0.213 0.217 0.22 0.2029 0.2173 0.2178 0.213 0.21 0.199 0.20685 0.188 0.172 0.2168 0.211 0.2151 0.182 0.2015 0.2026 0.137 0.2136 0.204 0.2127 0.183 0.215 0.21 0.21 0.176 0.2136 0.14 0.166 0.2021 0.2021 0.162 0.1204 0.141 0.146 0.141 0.141 0.1008 0.1211 0.13815 0.122 0.134 0.1215 0.1201 0.1209 0.1212 0.0991 0.0991 0.0998 -9999 -9999 -9999 -9999 -9999 -9999 -9999 -9999 -9999 -9999 -9999 -9999 -9999 -9999 -9999 -9999 -9999
0.164 0.171 0.16 0.17 0.188 0.20315 0.2014 0.2169 0.21 0.2292 0.22 0.181 0.229 0.22 0.3098 0.261 0.14 0.15 0.19 0.183 0.214 0.2024 0.161 0.1963 0.2015 0.157 0.164 0.169 0.186 0.176 0.149 0.137 0.151 0.161 0.177 0.194 0.137 0.165 0.177 0.179 0.133 0.136 0.164 0.123 0.121 0.167 0.122 0.151 0.0951 0.1067 0.127 0.098 0.13815 0.107 0.1004 0.109 0.099 0.1212 0.084 0.095 -9999 -9999 -9999 -9999 -9999 -9999 -9999 -9999 -9999 -9999 -9999 -9999 -9999 -9999 -9999 -9999 -9999
0.133 0.2021 0.173 0.176 0.17 0.194 0.196 0.2164 0.2012 0.166 0.146 0.159 0.2166 0.184 0.223 0.211 0.2024 0.2164 0.192 0.205 0.201 0.2151 0.137 0.17 0.146 0.126 0.147 0.173 0.14 0.1575 0.162 0.165 0.174 0.159 0.21 0.181 0.186 0.147 0.174 0.138 0.162 0.186 0.126 0.133 0.152 0.126 0.1053 0.1053 0.106 0.1068 0.116 0.0966 0.09595 0.0897 0.0961 0.10965 0.0998 0.0996 0.1212 0.084 0.0995 0.084 0.084 -9999 -9999 -9999 -9999 -9999 -9999 -9999 -9999 -9999 -9999 -9999 -9999 -9999 -9999
0.165 0.147 0.169 0.123 0.163 0.129 0.132 0.187 0.193 0.142 0.135 0.133 0.168 0.159 0.2164 0.2164 0.192 0.21 0.178 0.224 0.2019 0.2075 0.182 0.195 0.157 0.147 0.152 0.126 0.152 0.129 0.175 0.173 0.155 0.171 0.165 0.143 0.13 0.123 0.159 0.2015 0.157 0.186 0.2026 0.164 0.133 0.117 0.096 0.096 0.135 0.1065 0.107 0.1065 0.0952 0.1061 0.09595 0.089 0.09725 0.0898 0.081 0.089 0.088 0.094 0.094 0.106 0.081 -9999 -9999 -9999 -9999 -9999 -9999 -9999 -9999 -9999 -9999 -9999 -9999
