GIS/bfa_beta.asc
ncols         173
nrows         126
xllcorner     224227.65281
yllcorner     1039207.04677
cellsize      5000
NODATA_value  -9999
[rows 0 to 32 of 126, columns 73 to 145 of 173]
-9999 -9999 -9999 -9999 -9999 -9999 -9999 -9999 -9999 -9999 -9999 -9999 -9999 -9999 -9999 -9999 -9999 -9999 -9999 -9999 -9999 -9999 -9999 -9999 -9999 -9999 -9999 -9999 -9999 -9999 -9999 0.1636 0.1636 0.2119 0.16695 0.1204 0.11 -9999 -9999 -9999 0.1081 0.134 -9999 -9999 -9999 -9999 -9999 -9999 -9999 -9999 -9999 -9999 -9999 -9999 -9999 -9999 -9999 -9999 -9999 -9999 -9999 -9999 -9999 -9999 -9999 -9999 -9999 -9999 -9999 -9999 -9999 -9999 -9999
-9999 -9999 -9999 -9999 -9999 -9999 -9999 -9999 -9999 -9999 -9999 -9999 -9999 -9999 -9999 -9999 -9999 -9999 -9999 -9999 -9999 -9999 -9999 -9999 -9999 -9999 -9999 -9999 -9999 0.1766 0.2136 0.169 0.135 0.2139 0.141 0.149 0.1465 0.1213 -9999 0.172 0.13815 0.085 0.0885 0.0996 0.0796 -9999 -9999 -9999 -9999 -9999 -9999 -9999 -9999 -9999 -9999 -9999 -9999 -9999 -9999 -9999 -9999 -9999 -9999 -9999 -9999 -9999 -9999 -9999 -9999 -9999 -9999 -9999 -9999
-9999 -9999 -9999 -9999 -9999 -9999 -9999 -9999 -9999 -9999 -9999 -9999 -9999 -9999 -9999 -9999 -9999 -9999 -9999 -9999 -9999 -9999 -9999 -9999 -9999 -9999 -9999 -9999 0.1708 0.1766 0.1609 0.1609 0.1762 0.139 0.1734 0.174 0.16695 0.1206 0.151 0.11 0.1091 0.1013 0.1228 0.109 0.1052 0.1229 0.1097 0.123 0.0793 0.101 0.101 0.0809 -9999 -9999 -9999 -9999 -9999 -9999 -9999 -9999 -9999 -9999 -9999 -9999 -9999 -9999 -9999 -9999 -9999 -9999 -9999 -9999 -9999
-9999 -9999 -9999 -9999 -9999 -9999 -9999 -9999 -9999 -9999 -9999 -9999 -9999 -9999 -9999 -9999 -9999 -9999 -9999 -9999 -9999 -9999 -9999 -9999 -9999 -9999 -9999 0.2191 0.1708 0.2136 0.209 0.2115333 0.1629 0.1614 0.1766 0.1709 0.1712 0.1206 0.1054 0.1207 0.1207 0.1213 0.1683 0.1225 0.1082 0.1228 0.104 0.0992 0.1065 0.0796 0.0796 0.093 -9999 -9999 -9999 -9999 -9999 -9999 -9999 -9999 -9999 -9999 -9999 -9999 -9999 -9999 -9999 -9999 -9999 -9999 -9999 -9999 -9999
-9999 -9999 -9999 -9999 -9999 -9999 -9999 -9999 -9999 -9999 -9999 -9999 -9999 -9999 -9999 -9999 -9999 -9999 -9999 -9999 -9999 -9999 -9999 -9999 -9999 -9999 0.2194 0.2084 0.2182 0.2191 0.2185 0.2191 0.2115333 0.2081 0.2123 0.203 0.1628 0.1712 0.1606 0.1683 0.1013 0.154 0.1216 0.15085 0.1603 0.1008 0.1013 0.1084 0.1099 0.1064 0.106 -9999 -9999 -9999 -9999 -9999 -9999 -9999 -9999 -9999 -9999 -9999 -9999 -9999 -9999 -9999 -9999 -9999 -9999 -9999 -9999 -9999 -9999
-9999 -9999 -9999 -9999 -9999 -9999 -9999 -9999 -9999 -9999 -9999 -9999 -9999 -9999 -9999 -9999 -9999 -9999 -9999 -9999 -9999 -9999 -9999 -9999 -9999 0.2991 0.2706 0.2186 0.1686 0.2115333 0.1702 0.1705 0.2094 0.1766 0.1711 0.135 0.2122 0.2139 0.16695 0.16 0.1206 0.1219 0.143 0.098 0.1207 0.143 0.1264 0.109 0.1061 0.1089 0.1089 -9999 -9999 -9999 -9999 -9999 -9999 -9999 -9999 -9999 -9999 -9999 -9999 -9999 -9999 -9999 -9999 -9999 -9999 -9999 -9999 -9999 -9999
-9999 -9999 -9999 -9999 -9999 -9999 -9999 -9999 -9999 -9999 -9999 -9999 -9999 -9999 -9999 -9999 -9999 -9999 -9999 -9999 -9999 -9999 -9999 0.2122 0.1714 0.2149 0.2133 0.2095 0.179 0.2133 0.2192 0.2991 0.2089 0.2081 0.2184 0.1681 0.2149 0.169 0.1766 0.2139 0.1622 0.1687 0.1693 0.172 0.1094 0.1626 0.1626 0.1013 0.13815 0.1084 0.1084 0.0991 -9999 -9999 -9999 -9999 -9999 -9999 -9999 -9999 -9999 -9999 -9999 -9999 -9999 -9999 -9999 -9999 -9999 -9999 -9999 -9999 -9999
-9999 -9999 -9999 -9999 -9999 -9999 -9999 -9999 -9999 -9999 -9999 -9999 -9999 -9999 -9999 -9999 -9999 -9999 -9999 -9999 0.2705 0.1692 0.214 0.2128 0.2 0.1761 0.2194 0.2191 0.1705 0.2186 0.214 0.2181 0.2149 0.1705 0.2136 0.2191 0.2187 0.147 0.1712 0.1762 0.2139 0.1356 0.11 0.158 0.1603 0.13815 0.151 0.1091 0.124 0.1084 0.1084 0.1011 -9999 -9999 -9999 -9999 -9999 -9999 -9999 -9999 -9999 -9999 -9999 -9999 -9999 -9999 -9999 -9999 -9999 -9999 -9999 -9999 -9999
-9999 -9999 -9999 -9999 -9999 -9999 -9999 -9999 -9999 -9999 -9999 -9999 -9999 -9999 -9999 -9999 -9999 -9999 0.2194 0.2141 0.2591 0.2595 0.205 0.1769 0.2705 0.2189 0.206 0.179 0.1695 0.1695 0.23 0.2182 0.176 0.1773 0.137 0.2187 0.141 0.16 0.2139 0.1688 0.1608 0.1208 0.1665 0.1255 0.1069 0.1093 0.1219 0.143 0.1201 0.109 0.109 0.0811 -9999 -9999 -9999 -9999 -9999 -9999 -9999 -9999 -9999 -9999 -9999 -9999 -9999 -9999 -9999 -9999 -9999 -9999 -9999 -9999 -9999
-9999 -9999 -9999 -9999 -9999 -9999 -9999 -9999 -9999 -9999 -9999 -9999 -9999 -9999 -9999 -9999 0.25 0.3004 0.2601 0.2593 0.2098 0.2693 0.2609 0.2195 0.207 0.23 0.2188 0.2115333 0.2115333 0.214 0.2137 0.2709 0.208 0.1773 0.1356 0.159 0.1371 0.1371 0.2139 0.1593 0.157 0.1616 0.1206 0.1366 0.124 0.1228 0.172 0.112 0.105 0.1004 0.1004 -9999 -9999 -9999 -9999 -9999 -9999 -9999 -9999 -9999 -9999 -9999 -9999 -9999 -9999 -9999 -9999 -9999 -9999 -9999 -9999 -9999 -9999
-9999 -9999 -9999 -9999 -9999 -9999 -9999 -9999 -9999 -9999 -9999 -9999 -9999 -9999 -9999 0.3605 0.2708 0.205 0.269 0.2693 0.2708 0.25 0.3 0.2192 0.213 0.2192 0.2598 0.1619 0.2186 0.206 0.213 0.2598 0.2084 0.174 0.148 0.1684 0.1688 0.2122 0.203 0.1622 0.1549 0.1687 0.14 0.1363 0.1225 0.124 0.108 0.1068 0.1055 0.098 0.134 -9999 -9999 -9999 -9999 -9999 -9999 -9999 -9999 -9999 -9999 -9999 -9999 -9999 -9999 -9999 -9999 -9999 -9999 -9999 -9999 -9999 -9999
-9999 -9999 -9999 -9999 -9999 -9999 -9999 -9999 -9999 -9999 -9999 -9999 -9999 0.2592 0.2992 0.3605 0.2708 0.205 0.269 0.2693 0.2708 0.25 0.3 0.2192 0.213 0.2192 0.2598 0.1619 0.2186 0.206 0.213 0.2598 0.2084 0.174 0.148 0.1684 0.1688 0.2122 0.203 0.1499 0.151 0.1687 0.14 0.1363 0.1363 0.124 0.108 0.1068 0.1055 0.098 0.134 -9999 -9999 -9999 -9999 -9999 -9999 -9999 -9999 -9999 -9999 -9999 -9999 -9999 -9999 -9999 -9999 -9999 -9999 -9999 -9999 -9999 -9999
-9999 -9999 -9999 -9999 -9999 -9999 -9999 -9999 -9999 -9999 -9999 0.2593 0.2605 0.2594 0.2595 0.2595 0.215 0.2991 0.3 0.205 0.2992 0.2701 0.2098 0.2141 0.2991 0.1619 0.2133 0.2709 0.269 0.24 0.2146 0.1705 0.2086 0.18 0.16695 0.1605 0.1224 0.11 0.1633 0.1492 0.155 0.1574 0.1562 0.139 0.116 0.0889 0.151 0.1683 0.13 0.1053 0.1053 -9999 -9999 -9999 -9999 -9999 -9999 -9999 -9999 -9999 -9999 -9999 -9999 -9999 -9999 -9999 -9999 -9999 -9999 -9999 -9999 -9999 -9999
-9999 -9999 -9999 -9999 -9999 0.2704 0.3004 0.2701 -9999 0.2137 0.2704 0.31 0.2603 0.3592 0.26 0.28 0.2693 0.3007 0.2992 0.3591 0.2595 0.3004 0.2706 0.22 0.2704 0.1717 0.2145 0.2192 0.24 0.1717 0.2127 0.202 0.2109 0.1627 0.2139 0.1226 0.1628 0.1772 0.2118 0.1773 0.1491 0.15 0.13 0.1365 0.154 0.158 0.1207 0.1603 0.133 0.1225 0.1008 -9999 -9999 -9999 -9999 -9999 -9999 -9999 -9999 -9999 -9999 -9999 -9999 -9999 -9999 -9999 -9999 -9999 -9999 -9999 -9999 -9999 -9999
-9999 -9999 -9999 -9999 0.2992 0.37 0.2601 0.2998 0.2992 0.2992 0.2992 0.2595 0.2595 0.2594 0.2603 0.2697 0.2702 0.2609 0.2704 0.2593 0.26 0.2601 0.2145 0.3007 0.2991 0.2137 0.28 0.2186 0.2698 0.24 0.206 0.2592 0.2195 0.1617 0.1734 0.1696 0.1773 0.1624 0.148 0.1773 0.1504 0.15 0.129 0.126 0.1206 0.1219 0.1363 0.1053 0.1091 0.1093 0.1061 0.107 -9999 -9999 -9999 -9999 -9999 -9999 -9999 -9999 -9999 -9999 -9999 -9999 -9999 -9999 -9999 -9999 -9999 -9999 -9999 -9999 -9999
-9999 -9999 -9999 -9999 0.3001 0.3606 0.2595 0.33 0.2691 0.2593 0.2098 0.26 0.2992 0.33 0.2992 0.2697 0.2697 0.2601 0.28 0.3004 0.2701 0.2693 0.23 0.25 0.2693 0.2693 0.2098 0.2706 0.28 0.2991 0.1619 0.1619 0.2188 0.2598 0.1714 0.219 0.2124 0.2035 0.1499 0.1504 0.146 0.1207 0.142 0.1567 0.154 0.137 0.126 0.1363 0.137 0.117 0.104 0.083 0.0796 -9999 -9999 -9999 -9999 -9999 -9999 -9999 -9999 -9999 -9999 -9999 -9999 -9999 -9999 -9999 -9999 -9999 -9999 -9999 -9999
-9999 -9999 -9999 -9999 0.3598 0.299 0.2739333 0.2691 0.2595 0.2707 0.29 0.3004 0.2998 0.2607 0.2996 0.3004 0.2739333 0.2599 0.299 0.2899 0.2592 0.24 0.19 0.205 0.2145 0.2137 0.2693 0.28 0.2126 0.2129 0.26 0.1619 0.2123 0.2598 0.207 0.153 0.14 0.1687 0.163 0.1639 0.1632 0.1227 0.1211 0.133 0.1362 0.11 0.112 0.1215 0.123 0.108 0.09 0.101 0.1229 0.11005 -9999 -9999 -9999 -9999 -9999 -9999 -9999 -9999 -9999 -9999 -9999 -9999 -9999 -9999 -9999 -9999 -9999 -9999 -9999
-9999 -9999 -9999 -9999 0.2595 0.2599 0.2594 0.2696 0.3592 0.3004 0.2593 0.2992 0.2691 0.2739333 0.2597 0.281 0.2599 0.3002 0.25 0.2704 0.2708 0.2137 0.2137 0.3007 0.2603 0.2702 0.2593 0.2591 0.231 0.2128 0.277 0.2047 0.2191 0.1629 0.2191 0.1779 0.1569 0.149 0.1605 0.1208 0.1207 0.1216 0.133 0.1211 0.1365 0.1567 0.1606 0.105 0.1215 0.112 0.112 0.1215 0.1 0.1012 0.1061 -9999 -9999 -9999 -9999 -9999 -9999 -9999 -9999 -9999 -9999 -9999 -9999 -9999 -9999 -9999 -9999 -9999 -9999
-9999 -9999 -9999 -9999 0.3592 0.3009 0.33 0.2996 0.3001 0.32 0.2603 0.25 0.2603 0.32 0.3194 0.3191 0.274 0.2599 0.2594 0.2708 0.2704 0.25685 0.3591 0.28 0.2707 0.2698 0.1717 0.2892 0.2892 0.27 0.1769 0.19 0.3007 0.2194 0.204 0.1617 0.1764 0.1684 0.1712 0.1609 0.1766 0.159 0.1356 0.121 0.1057 0.1366 0.1211 0.104 0.13815 0.1061 0.109 0.1096 0.128 0.1004 0.13815 -9999 -9999 -9999 -9999 -9999 -9999 -9999 -9999 -9999 -9999 -9999 -9999 -9999 -9999 -9999 -9999 -9999 -9999
-9999 -9999 -9999 -9999 0.3003 0.259 0.28 0.3194 0.3606 0.38975 0.33 0.3003 0.3203 0.3193 0.3204 0.282 0.2599 0.2599 0.299 0.2704 0.2599 0.3005 0.2998 0.26 0.2708 0.2609 0.32 0.3209 0.2902 0.285 0.242 0.1836 0.23 0.2137 0.2149 0.2149 0.1629 0.2191 0.1614 0.135 0.1691 0.1684 0.163 0.157 0.153 0.1255 0.143 0.1008 0.1228 0.1097 0.1069 0.1062 0.1228 0.1096 0.1096 -9999 -9999 -9999 -9999 -9999 -9999 -9999 -9999 -9999 -9999 -9999 -9999 -9999 -9999 -9999 -9999 -9999 -9999
0.2708 -9999 0.1619 0.2609 0.2606 0.2593 0.30335 0.31 0.3605 0.2739333 0.31 0.268 0.2496 0.3208 0.3004 0.2992 0.2696 0.3001 0.2994 0.2595 0.37 0.2994 0.2998 0.259 0.2595 0.2041 0.285 0.2592 0.2098 0.201 0.266 0.207 0.233 0.3 0.2089 0.1686 0.164 0.2187 0.2118 0.1696 0.1636 0.2132 0.1605 0.1227 0.1067 0.126 0.1053 0.1013 0.108 0.1082 0.122 0.124 0.104 0.1225 0.1081 -9999 -9999 -9999 -9999 -9999 -9999 -9999 -9999 -9999 -9999 -9999 -9999 -9999 -9999 -9999 -9999 -9999 -9999
0.236 0.181 0.249 0.2137 0.2597 0.3591 0.2992 0.2126 0.3 0.26 0.209 0.292 0.293 0.268 0.2994 0.2596 0.33 0.3606 0.299 0.2594 0.3605 0.2594 0.2701 0.2098 0.2708 0.2706 0.2097 0.3 0.2144 0.24 0.213 0.24 0.2145 0.264 0.204 0.217 0.19815 0.2082 0.1691 0.1688 0.1715 0.219 0.1608 0.1227 0.137 0.1362 0.116 0.1372 0.122 0.1207 0.1091 0.1013 0.13815 0.1013 0.13815 -9999 -9999 -9999 -9999 -9999 -9999 -9999 -9999 -9999 -9999 -9999 -9999 -9999 -9999 -9999 -9999 -9999 -9999
0.2047 0.2042 0.237 0.2707 0.2704 0.2704 0.2991 0.3 0.3004 0.272 0.281 0.26 0.21 0.268 0.32 0.33 0.299 0.2993 0.3002 0.2594 0.33 0.2994 0.37 0.3592 0.29 0.37 0.2702 0.205 0.1719 0.2192 0.2186 0.2135 0.2698 0.2709 0.2125 0.2126 0.1708 0.201 0.174 0.1688 0.1569 0.167 0.137 0.1367 0.116 0.15 0.1597 0.1562 0.1368 0.1367 0.153 0.1603 0.136 0.117 0.1201 -9999 -9999 -9999 -9999 -9999 -9999 -9999 -9999 -9999 -9999 -9999 -9999 -9999 -9999 -9999 -9999 -9999 -9999
0.2194 0.2192 0.2144 0.2098 0.3004 0.2704 0.2126 0.3004 0.3199 0.268 0.2899 0.292 0.219 0.3592 0.259 0.3001 0.34965 0.3606 0.3003 0.2595 0.2696 0.2603 0.2596 0.2607 0.2696 0.37 0.25 0.1717 0.2598 0.175 0.28 0.2598 0.2598 0.2144 0.1695 0.2215 0.157 0.154 0.1564 0.1497 0.164 0.219 0.122 0.1255 0.131 0.118 0.11 0.17 0.141 0.116 0.1207 0.1255 0.1376 0.1379 0.108 0.1 -9999 -9999 -9999 -9999 -9999 -9999 -9999 -9999 -9999 -9999 -9999 -9999 -9999 -9999 -9999 -9999 -9999
0.2081 0.2117 0.22 0.2708 0.2998 0.3592 0.2708 0.2592 0.3208 0.268 0.2899 0.3203 0.3193 0.2998 0.2998 0.2996 0.33 0.2993 0.2695 0.2691 0.2994 0.2994 0.2998 0.2996 0.2691 0.2609 0.272 0.231 0.2137 0.2192 0.24 0.1719 0.1769 0.1619 0.2183 0.1776 0.1711 0.2109 0.1628 0.1609 0.1687 0.1255 0.133 0.157 0.1624 0.1365 0.127 0.1491 0.1572 0.1204 0.1213 0.14 0.1365 0.1427 0.135 0.112 0.1603 -9999 -9999 -9999 -9999 -9999 -9999 -9999 -9999 -9999 -9999 -9999 -9999 -9999 -9999 -9999 -9999
0.2194 0.1769 0.2089 0.2706 0.2126 0.2992 0.2691 0.3007 0.3199 0.235 0.33 0.279 0.3194 0.33 0.2996 0.3003 0.2739333 0.2596 0.3005 0.2994 0.37 0.2596 0.2992 0.29 0.2595 0.2126 0.2137 0.269 0.2708 0.2991 0.214 0.2081 0.2129 0.2189 0.2194 0.2084 0.2115333 0.2123 0.1708 0.1682 0.1639 0.11 0.1604 0.1628 0.144 0.1504 0.1778 0.137 0.1356 0.1208 0.1356 0.1632 0.128 0.126 0.1006 0.1092 0.13 -9999 -9999 -9999 -9999 -9999 -9999 -9999 -9999 -9999 -9999 -9999 -9999 -9999 -9999 -9999 -9999
0.2191 0.2705 0.214 0.2709 0.2706 0.3007 0.2609 0.265 0.2894 0.2494 0.248 0.285 0.239 0.2599 0.3003 0.3004 0.2998 0.3605 0.3201 0.32 0.3207 0.295 0.33 0.271 0.2599 0.2691 0.29 0.2032 0.2192 0.3004 0.2117 0.2095 0.2089 0.214 0.2081 0.2184 0.2149 0.1691 0.1775 0.1718 0.1613 0.1369 0.1713 0.16 0.137 0.1453 0.146 0.1764 0.1764 0.1639 0.1778 0.1778 0.1255 0.1099 0.0995 0.1093 0.122 0.1069 -9999 -9999 -9999 -9999 -9999 -9999 -9999 -9999 -9999 -9999 -9999 -9999 -9999 -9999 -9999
0.18705 0.192 0.1895 0.1908 0.2141 0.2146 0.21435 0.29 0.249 0.285 0.2603 0.3003 0.291 0.276 0.29 0.261 0.28 0.265 0.249 0.272 0.3208 0.2896 0.292 0.285 0.2991 0.205 0.2186 0.2115 0.24 0.205 0.2194 0.2084 0.208 0.206 0.19 0.1621 0.176 0.2141 0.1889 0.2191 0.1711 0.2099 0.147 0.171 0.1764 0.1371 0.173 0.2139 0.1622 0.138 0.141 0.142 0.1365 0.0991 0.1059 0.1092 0.1215 0.13815 0.105 -9999 -9999 -9999 -9999 -9999 -9999 -9999 -9999 -9999 -9999 -9999 -9999 -9999 -9999
0.1233 0.1585 0.1653 0.159 0.175 0.2161 0.214 0.2173 0.172 0.2011 0.3098 0.3098 0.2651 0.223 0.3098 0.25 0.2177 0.2173 0.2212 0.24 0.2173 0.188 0.2127 0.2155 0.211 0.211 0.1621 0.24 0.1686 0.214 0.1714 0.2115333 0.206 0.2081 0.2188 0.2194 0.2084 0.2194 0.2184 0.1896 0.211 0.164 0.1375 0.1763 0.1492 0.1505 0.16 0.1213 0.149 0.137 0.1367 0.1367 0.12 0.114 0.108 0.1363 0.137 0.1215 0.1069 0.1061 -9999 -9999 -9999 -9999 -9999 -9999 -9999 -9999 -9999 -9999 -9999 -9999 -9999
0.1638 0.183 0.14 0.1665 0.1669 0.2126 0.2024 0.2155 0.2014 0.2168 0.217 0.33 0.217 0.17745 0.3081 0.22 0.2018 0.188 0.2014 0.2178 0.2203 0.2654 0.2158 0.211 0.2162 0.219 0.214 0.2158 0.183 0.1923 0.1647 0.1705 0.1657 0.2115333 0.2123 0.2115333 0.2146 0.2196 0.2194 0.2086 0.169 0.219 0.15 0.138 0.155 0.164 0.1499 0.1356 0.1606 0.171 0.1605 0.1687 0.121 0.1228 0.105 0.122 0.1057 0.13815 0.1 0.0793 -9999 -9999 -9999 -9999 -9999 -9999 -9999 -9999 -9999 -9999 -9999 -9999 -9999
0.1499 0.1599 0.1188 0.149 0.1594 0.195 0.238 0.2183 0.211 0.223 0.222 0.2659 0.2217 0.226 0.2114 0.217 0.22 0.2029 0.2173 0.2178 0.2644 0.21 0.1936 0.20685 0.188 0.172 0.2168 0.211 0.2151 0.182 0.2015 0.2026 0.1647 0.2136 0.1711 0.2127 0.183 0.1637 0.18705 0.18705 0.176 0.2187 0.1569 0.166 0.1214 0.1643 0.1773 0.1224 0.1606 0.1638 0.1634 0.1634 0.1008 0.1225 0.0883 0.1091 0.1068 0.1069 0.0891 0.0884 0.0811 0.0991 0.0991 0.1099 -9999 -9999 -9999 -9999 -9999 -9999 -9999 -9999 -9999
0.156 0.1544 0.1071 0.176 0.1691 0.171 0.16 0.1826 0.188 0.20315 0.2014 0.2169 0.21 0.2292 0.22 0.181 0.229 0.22 0.3098 0.261 0.1608 0.15 0.2113 0.183 0.214 0.2024 0.161 0.1594 0.2015 0.1606 0.1621 0.1657 0.186 0.1691 0.149 0.137 0.151 0.161 0.1594 0.1895 0.137 0.165 0.1666 0.1208 0.1071 0.136 0.164 0.1603 0.121 0.167 0.122 0.1697 0.0951 0.1174 0.127 0.1053 0.13815 0.1096 0.1004 0.0885 0.0881 0.1212 0.0809 0.095 -9999 -9999 -9999 -9999 -9999 -9999 -9999 -9999 -9999
0.14 0.143 0.141 0.1214 0.1284 0.2021 0.1198 0.1822 0.1896 0.194 0.1929 0.1283 0.1635 0.1576 0.146 0.159 0.1658 0.184 0.223 0.211 0.2024 0.2164 0.192 0.205 0.201 0.2151 0.137 0.17 0.146 0.1563 0.1579 0.1596 0.14 0.1575 0.1654 0.1585 0.1695 0.1233 0.1137 0.181 0.1589 0.1665 0.174 0.138 0.162 0.186 0.12315 0.1071 0.1275 0.126 0.1053 0.1053 0.106 0.1068 0.116 0.0966 0.09595 0.1162 0.0976 0.1139 0.0998 0.0996 0.1212 0.0809 0.1065 0.1083 0.1083 -9999 -9999 -9999 -9999 -9999 -9999
