GIS/bfa_beta.asc
ncols         173
nrows         126
xllcorner     224227.65281
yllcorner     1039207.04677
cellsize      5000
NODATA_value  -9999
[rows 66 to 98 of 126, columns 73 to 145 of 173]
0.126 0.1228 0.107 0.1179 0.09055 0.0775 0.0964 0.088 0.0924 0.0725 0.0865 0.0765 0.0623 0.0647 0.0714 0.0674 0.0816 0.0755 0.0705 0.0841 0.0952 0.0934 0.082 0.0954 0.0867 0.0941 0.1 0.093 0.1049 0.1051 0.111 0.161 0.1481 0.1121 0.1277 0.125 0.0919 0.111 0.084 0.139 0.1364 0.1169 0.1511 0.1349 0.1521 0.1382 0.1249 0.202 0.2193 0.227 0.2663 0.2663 0.2765 0.249 0.293 0.29 0.267 0.298 0.315 0.2312 0.3075 0.347 0.311 0.243 0.277 0.1968 0.254 0.272 0.2895 0.2534 0.2179 0.162 0.22865
0.1158 0.1158 0.1339 0.097 0.079 0.094 0.09905 0.0952 0.0878 0.0869 0.0798 0.07415 0.0678 0.0592 0.0706 0.0649 0.0804 0.0726 0.074 0.074 0.0993 0.0907 0.069 0.0741 0.0877 0.082 0.0946 0.1034 0.1131 0.1139 0.0981 0.1141 0.1033 0.1039 0.1075 0.1441 0.089 0.138 0.1049 0.1027 0.1292 0.1307 0.1351 0.1307 0.164 0.1742 0.1215 0.2359 0.2171 0.2255 0.1752 0.205 0.2667 0.2705 0.325 0.35 0.1438 0.292 0.328 0.336 0.304 0.2189 0.1855 0.1849 0.22465 0.2139 0.244 0.304 0.2494 0.229 0.265 0.23765 0.1695
0.122 0.1485 0.1355 0.099 0.0905 0.095 0.0951 0.0892 0.0905 0.0918 0.0763 0.0647 0.0759 0.07865 0.0727 0.0706 0.08 0.0699 0.0931 0.071 0.0992 0.1328 0.1157 0.09 0.0869 0.0851 0.07345 0.0986 0.1033 0.1061 0.1278 0.1422 0.1167 0.1432 0.1178 0.1291 0.1207 0.106 0.0816 0.087 0.1303 0.1462 0.1355 0.1314 0.144 0.201 0.1507 0.225 0.2585 0.245 0.219 0.219 0.2762 0.24805 0.306 0.33 0.292 0.367 0.4 0.289 0.26 0.1968 0.2361 0.1969 0.313 0.255 0.2126 0.298 0.1963 0.1847 0.2126 0.276 0.2425
0.115 0.129 0.1292 0.1216 0.1131 0.0872 0.1157 0.106 0.0881 0.0896 0.0869 0.098 0.0539 0.0752 0.0964 0.057 0.0928 0.0952 0.0924 0.0803 0.09 0.1146 0.1058 0.08755 0.1157 0.0962 0.1028 0.0803 0.0918 0.0992 0.1023 0.1417 0.0994 0.0873 0.119 0.1085 0.109 0.1069 0.1136 0.114 0.1086 0.1296 0.13235 0.1328 0.18 0.162 0.1743 0.1836 0.222 0.2133 0.2255 0.2255 0.24805 0.2704 0.318 0.261 0.333 0.401 0.315 0.29416667 0.3074 0.292 0.366 0.2355 0.246 0.3088 0.2527 0.2256 0.1842 0.2356 0.2605 0.2249 0.1839
0.1159 0.149 0.1291 0.1232 0.1247 0.1361 0.14 0.1151 0.1222 0.0951 0.09085 0.0785 0.0734 0.068 0.069 0.0839 0.0938 0.1024 0.098 0.079 0.0938 0.11 0.1032 0.1009 0.0995 0.098 0.0844 0.1021 0.0826 0.1055 0.1069 0.135 0.1262 0.11915 0.1209 0.1165 0.1256 0.117 0.0945 0.088 0.129 0.1484 0.1438 0.1512 0.16 0.189 0.199 0.1623 0.2076 0.2267 0.2356 0.2356 0.305 0.367 0.321 0.2525 0.283 0.2887 0.2896 0.346 0.321 0.2893 0.277 0.2489 0.2136 0.1676 0.212 0.2881 0.2486 0.2261 0.269 0.2534 0.2527
0.1437 0.1234 0.1226 0.1207 0.1293 0.1361 0.1238 0.1269 0.112 0.1297 0.0899 0.0856 0.076 0.0777 0.0804 0.0851 0.084 0.0885 0.0843 0.0637 0.08425 0.102 0.1001 0.085 0.0931 0.131 0.0967 0.0808 0.0938 0.11 0.1211 0.1166 0.124 0.1238 0.1296 0.1227 0.1356 0.1069 0.1085 0.1065 0.1212 0.1385 0.1323 0.1535 0.1503 0.2 0.192 0.1773 0.2317 0.2121 0.25425 0.25425 0.2893 0.3074 0.2893 0.24805 0.2894 0.295 0.371 0.28 0.3066 0.316 0.2898 0.3088 0.2515 0.2435 0.273 0.344 0.295 0.306 0.2151 0.214 0.2762
0.12735 0.1127 0.1237 0.1097 0.1453 0.1282 0.1092 0.1154 0.1404 0.1283 0.0953 0.094 0.0959 0.0857 0.0862 0.0911 0.083 0.0797 0.0797 0.0897 0.07315 0.0931 0.0934 0.0856 0.0878 0.0992 0.0962 0.0813 0.0775 0.0738 0.099 0.1039 0.1155 0.1 0.1231 0.1032 0.1028 0.07 0.111 0.1132 0.1255 0.1217 0.147 0.1503 0.162 0.196 0.196 0.173 0.2186 0.2151 0.2585 0.244 0.24805 0.304 0.27785 0.2515 0.336 0.2659 0.2329 0.359 0.2898 0.347 0.278 0.1968 0.3071 0.3087 0.371 0.374 0.2898 0.24805 0.2489 0.254 0.269
0.13945 0.129 0.1387 0.1201 0.1375 0.1417 0.1186 0.1295 0.14 0.1385 0.0861 0.0609 0.0951 0.0911 0.081 0.077 0.069 0.0949 0.0777 0.0938 0.0658 0.0952 0.0969 0.0801 0.094 0.0934 0.0992 0.0845 0.0851 0.09 0.0697 0.086 0.1059 0.0863 0.093 0.076 0.0602 0.0534 0.1018 0.09 0.1057 0.106 0.1469 0.16 0.193 0.188 0.206 0.228 0.1965 0.183 0.201 0.201 0.215 0.207 0.24805 0.379 0.2526 0.318 0.2707 0.27785 0.291 0.2325 0.2319 0.296 0.288 0.336 0.2886 0.3735 0.295 0.3081 0.3088 0.2425 0.2762
0.12965 0.1288 0.1325 0.142 0.1171 0.1575 0.1204 0.1303 0.149 0.1408 0.1203 0.1084 0.0825 0.11795 0.123 0.0889 0.0828 0.076 0.062 0.0835 0.0855 0.102 0.109 0.1061 0.0871 0.0931 0.0725 0.0834 0.086 0.0858 0.0533 0.0633 0.0911 0.0919 0.089 0.075 0.0865 0.0725 0.082 0.1061 0.1161 0.1232 0.1157 0.1476 0.1363 0.152 0.187 0.1974 0.191 0.202 0.199 0.207 0.216 0.172 0.255 0.335 0.2888 0.2126 0.266 0.321 0.179 0.2881 0.31 0.305 0.331 0.321 0.388 0.314 0.27095 0.291 0.291 0.2505 0.2068
0.1397 0.116 0.1397 0.1295 0.138 0.1185 0.1196 0.1455 0.145 0.152 0.138 0.14 0.13285 0.1243 0.1204 0.1136 0.121 0.0899 0.0762 0.07415 0.0806 0.0806 0.0939 0.107 0.093 0.1023 0.0938 0.0834 0.101 0.0591 0.0491 0.0536 0.0724 0.0809 0.0767 0.0835 0.0814 0.086 0.0858 0.1092 0.1295 0.1276 0.101 0.1308 0.1246 0.1265 0.158 0.1491 0.2374 0.215 0.2 0.1739 0.23395 0.157 0.274 0.259 0.2371 0.242 0.263 0.1972 0.19326667 0.342 0.352 0.388 0.401 0.292 0.3068 0.401 0.299 0.31405 0.1977 0.2151 0.251
0.149 0.1835 0.1325 0.1505 0.173 0.1683 0.1398 0.167 0.1545 0.152 0.1151 0.0862 0.1098 0.111 0.1245 0.1286 0.1451 0.12 0.103 0.0763 0.07405 0.0943 0.116 0.0945 0.0799 0.095 0.105 0.081 0.0883 0.058 0.0485 0.0481 0.0724 0.0763 0.0859 0.0775 0.08 0.065 0.0998 0.1081 0.11625 0.112 0.1204 0.142 0.1263 0.1304 0.1218 0.147 0.1977 0.175 0.192 0.192 0.161 0.232 0.187 0.2317 0.22 0.219 0.242 0.1586 0.2898 0.29 0.2887 0.3081 0.398 0.379 0.352 0.3066 0.3081 0.2895 0.2552 0.2425 0.2265
0.1522 0.1683 0.1666 0.1758 0.179 0.1747 0.1904 0.224 0.182 0.136 0.127 0.1285 0.1744 0.1463 0.1397 0.1332 0.11146667 0.1282 0.1149 0.0905 0.0953 0.0946 0.08 0.0997 0.094 0.1003 0.0946 0.0856 0.0815 0.0656 0.0539 0.0495 0.0587 0.076 0.071 0.0583 0.0592 0.0855 0.0772 0.089 0.111 0.0728 0.1105 0.1307 0.1182 0.1962 0.1369 0.155 0.153 0.1974 0.205 0.223 0.23395 0.2375 0.193 0.2389 0.227 0.224 0.215 0.1517 0.291 0.259 0.2881 0.299 0.308 0.297 0.34 0.3745 0.314 0.304 0.24805 0.2322 0.2255
0.1502 0.1513 0.1515 0.179 0.1747 0.208 0.156 0.1856 0.154 0.1326 0.1416 0.1465 0.129 0.1243 0.1201 0.1201 0.12526667 0.1138 0.1229 0.0787 0.0748 0.0844 0.0775 0.0957 0.1024 0.0899 0.0814 0.0682 0.0874 0.073 0.0483 0.0412 0.0426 0.0401 0.0598 0.0413 0.0665 0.0718 0.0735 0.0911 0.107 0.1201 0.1157 0.1182 0.12326667 0.1272 0.1383 0.154 0.162 0.1773 0.175 0.159 0.246 0.217 0.1751 0.193 0.255 0.233 0.232 0.2079 0.2355 0.24805 0.2544 0.2321 0.2486 0.3071 0.3075 0.2894 0.257 0.2494 0.272 0.24525 0.256
0.1546 0.1688 0.18288 0.19 0.1574 0.174 0.199 0.1794 0.1844 0.1129 0.155 0.15595 0.15 0.1575 0.1223 0.1088 0.1207 0.1355 0.1165 0.1157 0.0657 0.0854 0.0924 0.07 0.0833 0.0869 0.0822 0.0637 0.0782 0.0813 0.0588 0.0429 0.038 0.0467 0.038 0.0394 0.0469 0.077 0.0718 0.0761 0.078 0.0954 0.097 0.1309 0.1317 0.1194 0.1186 0.144 0.159 0.177 0.1579 0.1579 0.212 0.22 0.1952 0.219 0.248 0.2348 0.2336 0.154 0.248 0.242 0.2881 0.2503 0.307 0.291 0.274 0.2894 0.2356 0.1968 0.24805 0.2328 0.195
0.1507 0.1501 0.159 0.159 0.211 0.20685 0.203 0.1836 0.161 0.178 0.1488 0.1463 0.1294 0.1318 0.1238 0.147 0.1469 0.149 0.1449 0.11283333 0.09085 0.0782 0.0822 0.0838 0.0908 0.07485 0.082 0.072 0.075 0.0787 0.0694 0.05 0.033 0.043 0.031 0.044 0.0436 0.0534 0.0724 0.0667 0.0873 0.0951 0.1266 0.113 0.1326 0.1309 0.1758 0.1342 0.1723 0.217 0.1498 0.1498 0.1964 0.236 0.2345 0.157 0.18 0.1305 0.1757 0.226 0.192 0.246 0.31 0.2486 0.31405 0.289 0.2494 0.314 0.2552 0.323 0.2887 0.27785 0.2139
0.1552 0.1652 0.152 0.1675 0.187 0.1847 0.2193 0.1546 0.1755 0.1508 0.1323 0.1384 0.1247 0.105 0.184 0.1465 0.198 0.1544 0.1429 0.161 0.0944 0.0816 0.0772 0.0879 0.0852 0.0891 0.0951 0.0741 0.0717 0.0746 0.0599 0.0659 0.0604 0.0601 0.0599 0.048 0.0498 0.057 0.0545 0.065 0.0873 0.081 0.0848 0.112 0.125 0.1371 0.1247 0.1524 0.1507 0.16 0.155 0.1745 0.169 0.239 0.225 0.177 0.1969 0.1955 0.1305 0.2333 0.22865 0.251 0.249 0.2595 0.24805 0.2505 0.277 0.2328 0.24805 0.272 0.22 0.2503 0.2041
0.174 0.1455 0.1833 0.201 0.187 0.2137 0.1567 0.2607 0.174 0.1514 0.1575 0.204 0.2148 0.1752 0.1649 0.172 0.1723 0.1459 0.1547 0.1729 0.184 0.0905 0.0775 0.0539 0.0655 0.0905 0.0976 0.0926 0.093 0.0656 0.0607 0.0543 0.0654 0.0539 0.0536 0.0428 0.0495 0.0642 0.0664 0.0809 0.088 0.075 0.1259 0.1313 0.1248 0.1254 0.127 0.1366 0.165 0.1472 0.14 0.165 0.203 0.23 0.225 0.1958 0.2348 0.196 0.1968 0.1252 0.203 0.215 0.1968 0.23765 0.1977 0.25465 0.2465 0.248 0.24105 0.2076 0.2259 0.2205 0.2242
0.129 0.1556 0.1511 0.1961 0.1683 0.157 0.1402 0.1301 0.145 0.2514 0.2142 0.2198 0.1767 0.184 0.1675 0.1862 0.1647 0.1248 0.1213 0.1489 0.1635 0.1483 0.142 0.1471 0.0763 0.0716 0.061 0.0539 0.0656 0.0654 0.0535 0.0485 0.0542 0.0454 0.0591 0.0538 0.0586 0.0549 0.0706 0.0711 0.0851 0.0878 0.0799 0.1274 0.13355 0.1241 0.1247 0.1379 0.1478 0.1573 0.286 0.285 0.146 0.341 0.351 0.341 0.3437 0.1964 0.1957 0.1578 0.1552 0.1744 0.1656 0.2162 0.158 0.275 0.223 0.3065 0.251 0.2252 0.162 0.1693 0.1939
0.1393 0.1408 0.129 0.1454 0.2283 0.2513 0.167 0.2154 0.231 0.231 0.2149 0.2155 0.1868 0.1673 0.1418 0.168 0.1117 0.1546 0.1562 0.121 0.131 0.1408 0.105 0.1671 0.1729 0.0804 0.0751 0.061 0.071633333 0.0536 0.062 0.066 0.05 0.0484 0.0487 0.0565 0.0547 0.069 0.0855 0.0667 0.082 0.08 0.1102 0.104 0.1189 0.087 0.1295 0.15 0.1517 0.263 0.266 0.242 0.249 0.344 0.228 0.3 0.287 0.228 0.289 0.242 0.237 0.229 0.34 0.3 0.396 0.1764 0.393 0.4 0.3065 0.2061 0.189 0.215 -9999
0.12815 0.1378 0.1237 0.266 0.2149 0.2259 0.204 0.191 0.2158 0.2512 0.2169 0.202 0.1676 0.1413 0.136 0.119 0.121 0.108 0.1081 0.1255 0.0969 0.0967 0.102 0.1434 0.1402 0.089 0.0886 0.054 0.0609 0.05405 0.0444 0.0578 0.0493 0.057 0.0483 0.0478 0.0429 0.0483 0.0704 0.0634 0.064 0.08045 0.0785 0.0769 0.0915 0.083 0.1224 0.1365 0.2233 0.237 0.26 0.259 0.266 0.26 0.28 0.282 0.2925 0.265 0.299 0.2205 0.1762 0.1693 0.2514 0.31 0.347 0.281 0.2973 0.238 0.345 0.2077 0.297 0.381 0.248
0.193 0.194 0.197 0.232 0.217 0.1653 0.272 0.239 0.2509 0.238 0.2973 0.1668 0.1636 0.1546 0.179 0.1555 0.1727 0.173 0.14 0.1112 0.089 0.097 0.0945 0.103 0.11 0.0965 0.0966 0.0834 0.0481 0.0479 0.0416 0.0509 0.047 0.0436 0.0383 0.042 0.042 0.058 0.0543 0.0605 0.0652 0.0563 0.0582 0.0709 0.0822 0.084 0.146 0.18 0.2234 0.222 0.258 0.258 0.2241 0.303 0.274 0.289 0.252 0.257 0.252 0.298 0.152 0.1651 0.211 0.2249 0.227 0.292 0.245 0.2509 0.238 0.378 0.2473 0.387 -9999
0.158 0.19 0.21 0.222 0.1763 0.164 0.2157 0.231 0.2979 0.2989 0.2251 0.177 0.182 0.1637 0.184 0.1448 0.2228 0.1981 0.1429 0.1475 0.122 0.0882 0.0652 0.095 0.0882 0.096 0.078 0.0721 0.079 0.069 0.0587 0.0473 0.0415 0.0496 0.0476 0.042 0.0448 0.0538 0.0545 0.0595 0.0545 0.0346 -9999 -9999 -9999 -9999 0.155 0.195 0.193 0.203 0.2233 0.2233 0.198 0.273 0.227 0.205 0.22 0.286 0.292 0.2519 0.1906 0.16 0.171 0.175 0.184 0.361 0.2893 0.297 0.2989 0.407 0.384 -9999 -9999
0.191 0.1245 0.18 0.1837 0.172 0.175 0.189 0.171 0.211 0.19 0.2258 0.2509 0.208 0.2259 0.1768 0.1729 0.1729 0.161 0.1733 0.154 0.0966 0.1106 0.0893 0.082 0.075 0.0657 0.0566 0.0566 0.056 0.0727 0.0656 0.0527 0.0735 0.0656 0.0746 0.062 0.0743 0.0816 -9999 -9999 -9999 -9999 -9999 -9999 -9999 -9999 -9999 -9999 -9999 -9999 -9999 0.203 0.226 0.242 0.198 0.24 0.237 0.306 0.306 0.2517 0.222 0.172 0.1623 0.161 0.178 0.234 0.307 0.402 0.252 -9999 0.388 0.315 -9999
0.192 0.1633 0.19 0.202 0.2163 0.1669 0.191 0.201 0.147 0.165 0.158 0.221 0.2243 0.2243 0.19 0.151 0.1659 0.159 0.1642 0.114 0.084 0.1079 0.0846 0.083 0.0597 0.051 0.052 0.0468 0.0557 0.0658 0.056 0.0569 0.0606 0.073 0.0712 0.068 0.0656 0.064 -9999 -9999 -9999 -9999 -9999 -9999 -9999 -9999 -9999 -9999 -9999 -9999 -9999 -9999 -9999 -9999 -9999 -9999 0.239 0.278 0.2519 0.29 0.253 0.273 0.277 0.16 0.166 0.32 0.297 0.354 -9999 -9999 -9999 -9999 -9999
0.225 0.1622 0.181 0.211 0.179 0.187 0.2149 0.162 0.1693 0.1656 0.178 0.201 0.211 -9999 -9999 -9999 -9999 0.129 0.1112 0.0977 0.082 0.0986 0.079 -9999 -9999 0.057 0.049 0.0538 0.0497 -9999 0.0535 0.059 0.0595 0.0729 0.0714 0.06 0.0488 -9999 -9999 -9999 -9999 -9999 -9999 -9999 -9999 -9999 -9999 -9999 -9999 -9999 -9999 -9999 -9999 -9999 -9999 -9999 -9999 -9999 0.2142 0.2906 0.256 -9999 -9999 -9999 -9999 -9999 -9999 -9999 -9999 -9999 -9999 -9999 -9999
-9999 -9999 -9999 -9999 -9999 -9999 -9999 -9999 -9999 -9999 -9999 -9999 -9999 -9999 -9999 -9999 -9999 -9999 -9999 -9999 -9999 -9999 -9999 -9999 -9999 -9999 -9999 -9999 -9999 -9999 -9999 -9999 -9999 0.0714 0.0712 -9999 -9999 -9999 -9999 -9999 -9999 -9999 -9999 -9999 -9999 -9999 -9999 -9999 -9999 -9999 -9999 -9999 -9999 -9999 -9999 -9999 -9999 -9999 -9999 -9999 -9999 -9999 -9999 -9999 -9999 -9999 -9999 -9999 -9999 -9999 -9999 -9999 -9999
-9999 -9999 -9999 -9999 -9999 -9999 -9999 -9999 -9999 -9999 -9999 -9999 -9999 -9999 -9999 -9999 -9999 -9999 -9999 -9999 -9999 -9999 -9999 -9999 -9999 -9999 -9999 -9999 -9999 -9999 -9999 -9999 -9999 -9999 0.056 -9999 -9999 -9999 -9999 -9999 -9999 -9999 -9999 -9999 -9999 -9999 -9999 -9999 -9999 -9999 -9999 -9999 -9999 -9999 -9999 -9999 -9999 -9999 -9999 -9999 -9999 -9999 -9999 -9999 -9999 -9999 -9999 -9999 -9999 -9999 -9999 -9999 -9999
-9999 -9999 -9999 -9999 -9999 -9999 -9999 -9999 -9999 -9999 -9999 -9999 -9999 -9999 -9999 -9999 -9999 -9999 -9999 -9999 -9999 -9999 -9999 -9999 -9999 -9999 -9999 -9999 -9999 -9999 -9999 -9999 -9999 -9999 -9999 -9999 -9999 -9999 -9999 -9999 -9999 -9999 -9999 -9999 -9999 -9999 -9999 -9999 -9999 -9999 -9999 -9999 -9999 -9999 -9999 -9999 -9999 -9999 -9999 -9999 -9999 -9999 -9999 -9999 -9999 -9999 -9999 -9999 -9999 -9999 -9999 -9999 -9999
-9999 -9999 -9999 -9999 -9999 -9999 -9999 -9999 -9999 -9999 -9999 -9999 -9999 -9999 -9999 -9999 -9999 -9999 -9999 -9999 -9999 -9999 -9999 -9999 -9999 -9999 -9999 -9999 -9999 -9999 -9999 -9999 -9999 -9999 -9999 -9999 -9999 -9999 -9999 -9999 -9999 -9999 -9999 -9999 -9999 -9999 -9999 -9999 -9999 -9999 -9999 -9999 -9999 -9999 -9999 -9999 -9999 -9999 -9999 -9999 -9999 -9999 -9999 -9999 -9999 -9999 -9999 -9999 -9999 -9999 -9999 -9999 -9999
-9999 -9999 -9999 -9999 -9999 -9999 -9999 -9999 -9999 -9999 -9999 -9999 -9999 -9999 -9999 -9999 -9999 -9999 -9999 -9999 -9999 -9999 -9999 -9999 -9999 -9999 -9999 -9999 -9999 -9999 -9999 -9999 -9999 -9999 -9999 -9999 -9999 -9999 -9999 -9999 -9999 -9999 -9999 -9999 -9999 -9999 -9999 -9999 -9999 -9999 -9999 -9999 -9999 -9999 -9999 -9999 -9999 -9999 -9999 -9999 -9999 -9999 -9999 -9999 -9999 -9999 -9999 -9999 -9999 -9999 -9999 -9999 -9999
-9999 -9999 -9999 -9999 -9999 -9999 -9999 -9999 -9999 -9999 -9999 -9999 -9999 -9999 -9999 -9999 -9999 -9999 -9999 -9999 -9999 -9999 -9999 -9999 -9999 -9999 -9999 -9999 -9999 -9999 -9999 -9999 -9999 -9999 -9999 -9999 -9999 -9999 -9999 -9999 -9999 -9999 -9999 -9999 -9999 -9999 -9999 -9999 -9999 -9999 -9999 -9999 -9999 -9999 -9999 -9999 -9999 -9999 -9999 -9999 -9999 -9999 -9999 -9999 -9999 -9999 -9999 -9999 -9999 -9999 -9999 -9999 -9999
-9999 -9999 -9999 -9999 -9999 -9999 -9999 -9999 -9999 -9999 -9999 -9999 -9999 -9999 -9999 -9999 -9999 -9999 -9999 -9999 -9999 -9999 -9999 -9999 -9999 -9999 -9999 -9999 -9999 -9999 -9999 -9999 -9999 -9999 -9999 -9999 -9999 -9999 -9999 -9999 -9999 -9999 -9999 -9999 -9999 -9999 -9999 -9999 -9999 -9999 -9999 -9999 -9999 -9999 -9999 -9999 -9999 -9999 -9999 -9999 -9999 -9999 -9999 -9999 -9999 -9999 -9999 -9999 -9999 -9999 -9999 -9999 -9999
-9999 -9999 -9999 -9999 -9999 -9999 -9999 -9999 -9999 -9999 -9999 -9999 -9999 -9999 -9999 -9999 -9999 -9999 -9999 -9999 -9999 -9999 -9999 -9999 -9999 -9999 -9999 -9999 -9999 -9999 -9999 -9999 -9999 -9999 -9999 -9999 -9999 -9999 -9999 -9999 -9999 -9999 -9999 -9999 -9999 -9999 -9999 -9999 -9999 -9999 -9999 -9999 -9999 -9999 -9999 -9999 -9999 -9999 -9999 -9999 -9999 -9999 -9999 -9999 -9999 -9999 -9999 -9999 -9999 -9999 -9999 -9999 -9999
