GIS/bfa_beta.asc
ncols         173
nrows         126
xllcorner     224227.65281
yllcorner     1039207.04677
cellsize      5000
NODATA_value  -9999
[rows 33 to 65 of 126, columns 73 to 145 of 173]
0.153 0.1816 0.1305 0.2216 0.22533333 0.2363 0.227 0.193 0.216 0.1831 0.203 0.2666 0.336 0.246 0.2193 0.1847 0.2491 0.2584 0.304 0.2543 0.2882 0.2503 0.223 0.2885 0.308 0.357 0.321 0.2767 0.2257 0.2186 0.21 0.22865 0.2324 0.1741 0.1855 0.2177 0.2193 0.2703 0.261 0.1758 0.187 0.193 0.2602 0.2499 0.256 0.231 0.208 0.1939 0.1713 0.146 0.1005 0.1005 0.1543 0.11395 0.1552 0.1166 0.0928 0.0823 0.118575 0.1031 0.1044 0.1019 0.0933 0.0664 0.0862 0.086 0.086666667 0.0863 0.0868 -9999 -9999 -9999 -9999
0.1885 0.1394 0.147 0.1988 0.231 0.2361 0.18 0.1938 0.218 0.2176 0.158 0.2705 0.292 0.2363 0.184 0.192 0.2074 0.254 0.265 0.267 0.1968 0.2318 0.233 0.255 0.2584 0.2361 0.24805 0.24805 0.256 0.2171 0.239 0.2132 0.204 0.2193 0.2193 0.214 0.1855 0.2205 0.195 0.193 0.1942 0.1924 0.238 0.2257 0.199 0.22725 0.2527 0.268 0.21 0.17 0.1266 0.1266 0.1483 0.1266 0.10415 0.1188 0.0978 0.1111 0.0993 0.0997 0.0928 0.125 0.0752 0.0923 0.0758 0.0721 0.08 0.0882 0.0682 -9999 -9999 -9999 -9999
0.1542 0.154 0.167 0.211 0.1785 0.192 0.193 0.218 0.205 0.1842 0.1968 0.256 0.219 0.222 0.1942 0.1402 0.162 0.201 0.2159 0.2151 0.2363 0.2351 0.19 0.2074 0.228 0.2363 0.291 0.2661 0.29 0.2351 0.1972 0.233 0.1726 0.2066 0.24 0.215 0.192 0.2132 0.2179 0.274 0.259 0.2425 0.2762 0.2445 0.2318 0.1841 0.179 0.19435 0.1966 0.1385 0.1123 0.1123 0.1557 0.1685 0.148 0.118575 0.0928 0.09605 0.098 0.1089 0.1088 0.08465 0.0851 0.0711 0.0657 0.0747 0.0751 0.0673 0.06975 0.0728 0.0931 -9999 -9999
0.1545 0.1287 0.1542 0.181 0.1794 0.1526 0.162 0.1834 0.2177 0.2172 0.2655 0.2363 0.231 0.166 0.1455 0.1237 0.1561 0.162 0.1768 0.1832 0.188 0.156 0.1745 0.198 0.1937 0.1748 0.277 0.20975 0.2354 0.2475 0.197 0.25 0.1713 0.1847 0.2162 0.253 0.2121 0.292 0.2656 0.257 0.2198 0.251 0.2068 0.276 0.184 0.1847 0.1659 0.2178 0.1687 0.1664 0.1485 0.1485 0.189 0.17 0.1224 0.096 0.1129 0.0971 0.1079 0.0969 0.0969 0.0717 0.0731 0.067 0.0825 0.0706 0.083 0.068 0.068 0.0647 0.0657 0.0716 -9999
0.1334 0.1271 0.131 0.1596 0.124 0.1379 0.1523 0.1578 0.1369 0.147 0.1893 0.187 0.1354 0.125 0.12315 0.15956667 0.2075 0.158 0.136 0.1512 0.1518 0.1377 0.1844 0.1367 0.209 0.1541 0.239 0.216 0.251 0.254 0.1764 0.2318 0.2473 0.2074 0.254 0.286 0.335 0.354 0.304 0.1962 0.2712 0.2319 0.1963 0.2319 0.1676 0.2179 0.214 0.2136 0.1978 0.2077 0.186 0.186 0.191 0.145 0.131 0.1042 0.1037 0.126 0.0891 0.0736 0.0825 0.092 0.0736 0.08015 0.1044 0.0888 0.0825 0.0659 0.071 0.0757 0.0845 0.0821 0.0742
0.1592 0.152 0.1014 0.1614 0.1291 0.1377 0.1377 0.1614 0.14585 0.1513 0.1533 0.1531 0.1523 0.148 0.102 0.11 0.1358 0.1844 0.1324 0.1288 0.1321 0.1323 0.1514 0.1578 0.1507 0.1507 0.2172 0.2367 0.277 0.242 0.1834 0.1687 0.199 0.2179 0.2367 0.2705 0.284 0.35 0.2881 0.2505 0.325 0.281 0.281 0.2062 0.1664 0.198 0.18815 0.1966 0.1847 0.194 0.2162 0.183 0.133 0.136 0.152 0.109 0.099 0.1083 0.098 0.0738 0.094 0.1221 0.08235 0.0931 0.1158 0.1044 0.0848 0.0893 0.083 -9999 -9999 -9999 0.0774
0.155 0.1663 0.1067 0.1266 0.121 0.1146 0.137 0.1416 0.1538 0.141 0.144 0.1305 0.11745 0.141 0.0951 0.0909 0.13445 0.1535 0.1189 0.12145 0.1458 0.116 0.129 0.131 0.1261 0.161 0.1747 0.1831 0.2358 0.208 0.1507 0.184 0.2193 0.213 0.279 0.268 0.271 0.254 0.257 0.1968 0.246 0.245 0.239 0.225 0.197 0.2079 0.1903 0.238 0.2242 0.1687 0.2139 0.2139 0.169 0.109 0.1225 0.1162 0.0972 0.1087 0.0858 0.098 0.0995 0.1191 0.1033 0.0991 0.084 0.076 0.0841 0.0784 0.08225 -9999 -9999 -9999 -9999
0.1399 0.137 0.1415 0.11 0.1347 0.1067 0.1375 0.1543 0.144 0.1227 0.1224 0.1053 0.1167 0.1033 0.0673 0.074633333 0.0779 0.1154 0.1233 0.1187 0.1525 0.1294 0.145 0.1441 0.1443 0.1408 0.1517 0.1747 0.1323 0.1352 0.1402 0.208 0.193 0.216 0.1726 0.142 0.226 0.308 0.335 0.243 0.18 0.172 0.179 0.166 0.2537 0.273 0.1758 0.1656 0.1963 0.168 0.152 0.152 0.142 0.097 0.1151 0.12275 0.094 0.0972 0.1168 0.114 0.1035 0.1118 0.0851 0.084 0.0775 0.1009 0.0775 0.0798 0.0709 -9999 -9999 -9999 -9999
0.1308 0.1248 0.113 0.104 0.1308 0.129 0.144 0.1371 0.1205 0.108 0.1008 0.0996 0.1035 0.0785 0.087 0.0855 0.0965 0.0961 0.0815 0.1052 0.0975 0.145 0.1447 0.1046 0.1439 0.1245 0.145 0.167 0.1765 0.189 0.155 0.1832 0.2066 0.21625 0.242 0.298 0.2182 0.2189 0.2076 0.214 0.2363 0.201 0.172 0.1527 0.218 0.271 0.2359 0.1693 0.1658 0.1369 0.1368 0.1543 0.1355 0.141 0.14 0.1206 0.1158 0.0928 0.0985 0.1125 0.1236 0.1042 0.1206 0.0947 0.0888 0.095 0.0992 0.0888 0.0723 -9999 -9999 -9999 -9999
0.138 0.1197 0.1139 0.1367 0.1195 0.1282 0.1199 0.1271 0.129 0.1054 0.0769 0.0891 0.0764 0.074 0.0723 0.0823 0.0773 0.1 0.0669 0.0753 0.0904 0.1049 0.106 0.1049 0.1217 0.1203 0.1295 0.1936 0.1575 0.1223 0.203 0.1658 0.162 0.2533 0.1968 0.2595 0.206 0.224 0.1696 0.2162 0.2183 0.194 0.234 0.1843 0.212 0.2151 0.2248 0.2324 0.206 0.158 0.1225 0.1225 0.1309 0.1168 0.1153 0.1156 0.1397 0.0929 0.1127 0.1015 0.1084 0.11 0.0823 0.08565 0.0979 0.1008 0.101 0.09675 0.09605 -9999 -9999 -9999 -9999
0.111 0.102 0.13 0.1107 0.1027 0.1066 0.1267 0.111 0.12575 0.1286 0.0797 0.0868 0.0857 0.0569 0.0635 0.068 0.063 0.0703 0.0681 0.0666 0.0709 0.0728 0.0763 0.079 0.0936 0.125 0.135 0.1573 0.1534 0.116 0.155 0.1654 0.2137 0.2074 0.19326667 0.246 0.194 0.206 0.2194 0.2193 0.243 0.2181 0.218 0.197 0.1943 0.2162 0.20095 0.206 0.1517 0.1517 0.157 0.1832 0.159 0.105 0.13065 0.1246 0.1575 0.1511 0.1085 0.126 0.1058 0.0889 0.1007 0.1058 0.1191 0.095 0.08235 0.09 0.0738 -9999 -9999 -9999 -9999
0.0806 0.095 0.111 0.1073 0.1149 0.138 0.1362 0.156 0.1 0.1144 0.0803 0.0597 0.06 0.059 0.0525 0.0597 0.0642 0.061 0.0599 0.0666 0.0604 0.0604 0.0865 0.085 0.075 0.0961 0.095 0.1356 0.148 0.1194 0.1127 0.157 0.2252 0.1979 0.1369 0.1972 0.218 0.2351 0.2193 0.1741 0.227 0.195 0.2198 0.218 0.195 0.1847 0.1727 0.1753 0.145 0.1308 0.1402 0.1665 0.1281 0.1129 0.1232 0.135 0.1052 0.1388 0.0988 0.11805 0.1049 0.1191 0.1113 0.0853 0.103 0.103 0.095 0.0969 0.0875 -9999 -9999 -9999 -9999
0.0625 0.091 0.088 0.1406 0.141 0.122 0.1141 0.14 0.1134 0.083 0.0701 0.0593 0.0574 0.0571 0.0577 0.0599 0.0666 0.059 0.0511 0.0544 0.0558 0.0549 0.0592 0.071 0.0599 0.0869 0.0856 0.132 0.1506 0.172 0.148 0.1756 0.1857 0.19 0.1833 0.162 0.184 0.1831 0.233 0.2181 0.1756 0.2162 0.231 0.2181 0.218 0.18255 0.1479 0.145 0.1294 0.1503 0.173 0.1502 0.1455 0.1757 0.1388 0.1154 0.1138 0.1205 0.1285 0.1255 0.10415 0.102 0.1052 0.1146 0.1205 0.1135 0.093 0.0955 0.107 -9999 -9999 -9999 -9999
0.12575 0.08405 0.092 0.138 0.1277 0.1155 0.1264 0.1194 0.1186 0.0746 0.0733 0.0755 0.0646 0.056 0.0428 0.04 0.0592 0.044 0.0577 0.0595 0.051 0.0581 0.054 0.0655 0.06385 0.0603 0.07875 0.1174 0.1245 0.1444 0.1944 0.202 0.22865 0.186 0.189 0.2079 0.25 0.224 0.2194 0.2706 0.206 0.269 0.246 0.224 0.238 0.2193 0.2061 0.2193 0.22 0.1847 0.1235 0.1296 0.1391 0.15415 0.1743 0.1315 0.1329 0.1246 0.1835 0.1238 0.11146667 0.1196 0.1204 0.143 0.1238 0.1285 0.1222 0.1296 0.1095 0.0904 0.1125 0.116 0.138
0.1374 0.1058 0.0867 0.1139 0.14 0.1333 0.16 0.138 0.1119 0.084 0.0744 0.0645 0.0648 0.053 0.041 0.041 0.0501 0.0526 0.0512 0.0515 0.0501 0.0515 0.0531 0.0648 0.0655 0.0652 0.0899 0.11 0.1218 0.1357 0.1502 0.187 0.218 0.194 0.1941 0.242 0.1504 0.141 0.2367 0.181 0.179 0.1501 0.1768 0.241 0.131 0.1837 0.2193 0.187 0.1402 0.174 0.1244 0.1244 0.1579 0.1517 0.1707 0.1716 0.1161 0.12985 0.1196 0.117425 0.093 0.1214 0.1185 0.1362 0.1132 0.1226 0.1236 0.117 0.1211 0.1201 0.1359 0.1204 0.12985
0.1303 0.1427 0.1666 0.15425 0.1471 0.1334 0.1585 0.1319 0.075 0.0745 0.0765 0.0619 0.0644 0.0732 0.0618 0.056 0.0427 0.051 0.0501 0.0491 0.0542 0.0515 0.0599 0.0658 0.0644 0.0639 0.119 0.114 0.1217 0.1215 0.1575 0.193 0.1942 0.143 0.1757 0.218 0.1443 0.1386 0.2179 0.2183 0.227 0.1794 0.167 0.158 0.2359 0.19 0.1743 0.1849 0.1704 0.16735 0.1749 0.1749 0.1935 0.148 0.18575 0.1307 0.1169 0.0903 0.1094 0.1169 0.1291 0.13 0.12815 0.129 0.1123 0.1386 0.116 0.1512 0.167 0.1246 0.147 0.1394 0.1196
0.125 0.1417 0.1603 0.1591 0.1538 0.1274 0.1572 0.135 0.089 0.0914 0.0554 0.0783 0.0583 0.0576 0.0583 0.0585 0.0545 0.0527 0.0504 0.0581 0.0526 0.0511 0.0555 0.0585 0.0644 0.0728 0.0849 0.1038 0.096 0.1187 0.1326 0.1751 0.1572 0.1513 0.148 0.1857 0.225 0.2358 0.227 0.2362 0.271 0.2654 0.2668 0.17205 0.179 0.2173 0.1402 0.165 0.2075 0.17605 0.20555 0.20555 0.1833 0.1658 0.1321 0.1386 0.1306 0.1125 0.1275 0.1304 0.1453 0.1196 0.13 0.1455 0.143 0.1578 0.1716 0.1472 0.1398 0.1717 0.1302 0.136 0.1368
0.1375 0.118 0.1267 0.1186 0.1274 0.136 0.1452 0.13 0.1428 0.1 0.0656 0.0765 0.0641 0.0599 0.0658 0.0687 0.05 0.0597 0.0473 0.0628 0.0494 0.0597 0.0661 0.0662 0.062 0.0624 0.0699 0.0959 0.1171 0.1375 0.1291 0.1517 0.141 0.154 0.1761 0.1402 0.1541 0.253 0.22865 0.2162 0.2319 0.2445 0.2181 0.192 0.21 0.2195 0.1893 0.1552 0.1748 0.2125 0.1687 0.1545 0.1545 0.1196 0.1463 0.1282 0.1386 0.135 0.1388 0.1566 0.1472 0.1247 0.1321 0.1667 0.1513 0.1313 0.1488 0.1455 0.168 0.181 0.1631 0.1683 0.1683
0.116 0.1363 0.1151 0.1065 0.1 0.125 0.099 0.0947 0.0747 0.0741 0.0744 0.0649 0.0637 0.0575 0.0639 0.0583 0.0539 0.0581 0.0494 0.056 0.0639 0.0567 0.0791 0.079 0.0666 0.0604 0.070733333 0.0768 0.0955 0.1355 0.1281 0.1323 0.159 0.1356 0.1523 0.147 0.218 0.2537 0.2077 0.184 0.184 0.218 0.184 0.2367 0.1839 0.2173 0.15695 0.17 0.186 0.159 0.1548 0.1548 0.1751 0.1414 0.1355 0.11146667 0.1453 0.121 0.1293 0.1454 0.1294 0.17975 0.2075 0.1924 0.1474 0.1522 0.1384 0.1664 0.2259 0.2162 0.1924 0.136 0.1246
0.1299 0.126 0.1003 0.1003 0.0909 0.1064 0.08495 0.0806 0.0802 0.0615 0.062 0.0526 0.0541 0.0597 0.0597 0.043 0.0499 0.0526 0.056 0.0643 0.0619 0.07 0.0706 0.0809 0.0859 0.0855 0.0865 0.0799 0.1167 0.1223 0.12 0.1272 0.1411 0.11835 0.1413 0.1753 0.1747 0.174 0.1586 0.1842 0.193 0.1841 0.192 0.174 0.185 0.1754 0.1323 0.1299 0.1365 0.132 0.135 0.135 0.1198 0.1359 0.1238 0.1577 0.1571 0.1835 0.1567 0.1656 0.1586 0.17605 0.1676 0.1706 0.157 0.1665 0.2125 0.17485 0.2077 0.1701 0.1666 0.145 0.1465
0.1225 0.1174 0.0801 0.0858 0.0869 0.0856 0.078 0.0732 0.058 0.0673 0.0498 0.0613 0.0614 0.05 0.0561 0.0516 0.0496 0.0514 0.0529 0.0616 0.0617 0.0613 0.0646 0.0746 0.0742 0.0815 0.0879 0.1084 0.1205 0.1335 0.133 0.14023333 0.171 0.155 0.148 0.154 0.1857 0.1833 0.1935 0.1517 0.1756 0.17 0.1754 0.1165 0.1514 0.1446 0.1285 0.1161 0.149 0.1204 0.1385 0.12145 0.1326 0.1246 0.1462 0.148 0.18288 0.1501 0.1846 0.1925 0.1662 0.206 0.1687 0.158 0.1753 0.1679 0.166 0.1384 0.1531 0.1498 0.1924 0.1052 0.1247
0.1187 0.0956 0.0849 0.0769 0.0669 0.0763 0.0813 0.0651 0.0656 0.0652 0.0672 0.0498 0.0522 0.0516 0.052 0.0463 0.0374 0.0496 0.0598 0.05935 0.067 0.0672 0.0523 0.0499 0.0485 0.0659 0.0685 0.08 0.0864 0.1092 0.11146667 0.1418 0.1454 0.175 0.174 0.152 0.1837 0.1683 0.15955 0.1656 0.1369 0.1434 0.168 0.1842 0.1423 0.0738 0.1218 0.1279 0.1189 0.1317 0.1413 0.1238 0.1666 0.1744 0.1707 0.2151 0.1939 0.211 0.1456 0.2062 0.21045 0.2318 0.2256 0.20685 0.2048 0.1683 0.1683 0.1573 0.1924 0.1694 0.152 0.12735 0.1382
0.0854 0.0724 0.0705 0.0597 0.0704 0.0712 0.0648 0.0514 0.056 0.0513 0.0403 0.0449 0.05 0.0464 0.0421 0.0492 0.0455 0.0481 0.0516 0.054 0.0454 0.0557 0.0554 0.0517 0.0609 0.0801 0.0669 0.059 0.0609 0.061 0.1204 0.132 0.1452 0.1836 0.1859 0.1513 0.165 0.15415 0.1586 0.1698 0.1754 0.1058 0.15373333 0.1229 0.1178 0.0954 0.1234 0.1415 0.1283 0.1506 0.1323 0.167 0.157 0.15955 0.2134 0.1963 0.2127 0.1676 0.26 0.2528 0.2205 0.26 0.192 0.1925 0.1928 0.1833 0.1369 0.1833 0.1479 0.1678 0.1688 0.1472 0.1578
0.077 0.0679 0.0679 0.0501 0.0555 0.058 0.0571 0.0512 0.05 0.0597 0.039 0.0448 0.0445 0.0483 0.0402 0.037 0.0357 0.0479 0.0577 0.049 0.055 0.0585 0.0765 0.0595 0.067 0.0859 0.0831 0.1133 0.094 0.091 0.1204 0.1424 0.164 0.167 0.155 0.1515 0.1455 0.1751 0.147 0.1389 0.0842 0.099 0.11146667 0.117425 0.1161 0.1413 0.1365 0.184 0.1527 0.1552 0.169 0.169 0.2249 0.212 0.2162 0.2256 0.158 0.2122 0.2176 0.229 0.2762 0.192 0.18175 0.1978 0.26 0.1683 0.1743 0.174 0.18355 0.128 0.1368 0.161 0.1766
0.0676 0.0802 0.063 0.0677 0.068 0.0566 0.0571 0.0597 0.0499 0.056 0.0437 0.039 0.035 0.043 0.0543 0.0448 0.0352 0.039 0.053 0.0645 0.076 0.068 0.0599 0.058 0.0609 0.0749 0.0794 0.0968 0.0996 0.1135 0.135 0.176 0.164 0.1632 0.156 0.127 0.118 0.1305 0.1297 0.1109 0.0997 0.129 0.16735 0.1746 0.1166 0.1256 0.0822 0.0953 0.202 0.1544 0.174 0.174 0.2133 0.2162 0.2152 0.22 0.2327 0.2205 0.2503 0.24525 0.2322 0.2267 0.20685 0.1937 0.1698 0.1746 0.16735 0.18785 0.1935 0.16735 0.1757 0.216 0.1693
0.0865 0.096 0.0894 0.0638 0.0816 0.0793 0.0639 0.0781 0.0597 0.0541 0.0455 0.0442 0.0492 0.0468 0.0477 0.0445 0.0352 0.0341 0.0533 0.0609 0.0653 0.065 0.0657 0.046 0.0529 0.0786 0.092 0.0854 0.094 0.1241 0.138 0.1425 0.136 0.1487 0.1446 0.116 0.087 0.1061 0.098 0.0997 0.1292 0.1364 0.166 0.148 0.1168 0.1121 0.0869 0.0803 0.1746 0.17155 0.17 0.17 0.2166 0.21 0.1939 0.2179 0.18865 0.2162 0.276 0.272 0.272 0.248 0.195 0.1568 0.1766 0.1715 0.1657 0.1705 0.1317 0.1507 0.1679 0.1517 0.206
0.1004 0.1044 0.0966 0.0812 0.0789 0.057 0.059 0.0602 0.0563 0.0426 0.054 0.054 0.05 0.042 0.044 0.0383 0.0446 0.05 0.0441 0.06 0.082 0.0674 0.0639 0.0743 0.0787 0.0847 0.0682 0.0832 0.097 0.106 0.144 0.1142 0.1454 0.1268 0.132 0.116 0.1373 0.131 0.1193 0.1192 0.1298 0.1305 0.1432 0.1253 0.1267 0.0904 0.1359 0.1223 0.1833 0.1924 0.174 0.174 0.206 0.1676 0.26 0.219 0.1978 0.192 0.3065 0.246 0.2611 0.3065 0.2122 0.2076 0.2248 0.256 0.2126 0.2077 0.1586 0.2048 0.1727 0.2048 0.1705
0.0929 0.0862 0.0845 0.081 0.059 0.0563 0.0662 0.0608 0.0573 0.0523 0.0574 0.049 0.044 0.0275 0.0267 0.0279 0.032 0.047 0.0449 0.0597 0.0674 0.0839 0.074 0.0838 0.0854 0.103 0.0943 0.0858 0.072 0.125 0.122 0.1063 0.148 0.132 0.177 0.1445 0.1363 0.1005 0.123 0.1209 0.1199 0.1301 0.1323 0.149 0.1235 0.147 0.1246 0.1725 0.1694 0.17485 0.189 0.189 0.22865 0.2249 0.1752 0.2242 0.2247 0.2077 0.229 0.2133 0.2242 0.1689 0.164 0.2069 0.19326667 0.257 0.272 0.20685 0.2166 0.2048 0.1654 0.1664 0.2327
0.0877 0.0992 0.11 0.0944 0.086 0.0705 0.0835 0.07 0.0647 0.051 0.0631 0.051 0.0397 0.0268 0.0269 0.0267 0.038 0.0444 0.0539 0.07 0.062 0.0854 0.084 0.0749 0.0816 0.0787 0.0909 0.1066 0.108 0.1 0.1058 0.1149 0.158 0.1436 0.1637 0.149 0.1308 0.1252 0.117 0.1466 0.1247 0.1482 0.1522 0.1323 0.15 0.1513 0.1655 0.1514 0.1676 0.241 0.187 0.187 0.22 0.2705 0.23333333 0.279 0.3088 0.2153 0.2122 0.2319 0.2491 0.2133 0.1923 0.219 0.265 0.2322 0.2595 0.276 0.2527 0.1726 0.20555 0.212 0.23765
0.0822 0.0869 0.1058 0.1044 0.0825 0.0902 0.0805 0.0776 0.0709 0.0744 0.052 0.0431 0.042 0.0304 0.0305 0.038 0.0483 0.0486 0.065 0.0718 0.0806 0.0814 0.091 0.0815 0.0677 0.0913 0.0804 0.1448 0.108 0.086 0.0963 0.137 0.1454 0.175 0.174 0.154 0.1435 0.161 0.123 0.16 0.129 0.1324 0.1536 0.1527 0.173 0.167 0.1488 0.1687 0.1695 0.1713 0.2354 0.2354 0.267 0.243 0.291 0.2486 0.2126 0.2319 0.229 0.256 0.1968 0.2325 0.317 0.2504 0.195 0.2503 0.2068 0.257 0.313 0.199 0.2133 0.2585 0.257
0.0972 0.1028 0.102 0.1011 0.0973 0.0913 0.084 0.0845 0.0616 0.0703 0.051 0.0487 0.0547 0.051 0.048 0.05 0.0625 0.0637 0.055 0.0834 0.0874 0.0887 0.1022 0.0806 0.097 0.1133 0.0902 0.1066 0.0975 0.0744 0.115 0.1135 0.1372 0.1437 0.1479 0.1439 0.1262 0.1307 0.103 0.1276 0.1224 0.1212 0.147 0.1485 0.1578 0.14 0.185 0.1713 0.192 0.219 0.2257 0.249 0.2765 0.24805 0.269 0.267 0.249 0.2325 0.278 0.2503 0.2762 0.2126 0.247 0.2543 0.2505 0.24525 0.2533 0.257 0.2465 0.2533 0.2503 0.214 0.3076
0.099 0.106 0.102 0.096 0.096 0.1193 0.097 0.086 0.0805 0.06445 0.0571 0.0639 0.0591 0.0533 0.0451 0.05 0.0575 0.0632 0.05 0.0617 0.0806 0.064 0.0801 0.0701 0.0992 0.0998 0.0979 0.1045 0.1133 0.1149 0.1151 0.136 0.1455 0.145 0.1485 0.1417 0.117 0.149 0.0944 0.0754 0.1133 0.147 0.132 0.142 0.188 0.1782 0.194 0.201 0.198 0.253 0.2712 0.2712 0.264 0.346 0.282 0.2193 0.169 0.261 0.2817 0.313 0.27785 0.2505 0.2663 0.2323 0.307 0.294 0.182 0.2166 0.2067 0.22 0.2126 0.296 0.2895
0.1174 0.1008 0.103 0.1003 0.078 0.0813 0.0716 0.0733 0.0862 0.0744 0.0642 0.0605 0.0627 0.0551 0.0476 0.0624 0.0444 0.0596 0.0662 0.07975 0.0859 0.0781 0.07815 0.0903 0.0757 0.0946 0.1054 0.0819 0.132 0.1166 0.1137 0.089 0.1135 0.1438 0.0994 0.125 0.091 0.1122 0.1056 0.124 0.1237 0.1161 0.1307 0.1325 0.195 0.1472 0.1519 0.1893 0.21 0.253 0.243 0.261 0.273 0.246 0.2666 0.307 0.245 0.2887 0.4 0.281 0.2595 0.2495 0.2543 0.2544 0.2153 0.2445 0.213 0.2247 0.2243 0.2229 0.1963 0.2595 0.2529
