GIS/bfa_beta.asc
ncols         173
nrows         126
xllcorner     224227.65281
yllcorner     1039207.04677
cellsize      5000
NODATA_value  -9999
[rows 72 to 107 of 126, columns 0 to 79 of 173]
-9999 -9999 -9999 0.18 0.265 0.245 0.265 0.315 0.38 0.31 0.45 0.41 0.51 0.365 0.39 0.365 0.405 0.51 0.605 0.58 0.65 0.575 0.595 0.46 0.485 0.385 0.435 0.365 0.365 0.395 0.345 0.295 0.245 0.245 0.21 0.31 0.215 0.215 0.205 0.17 0.215 0.19 0.17 0.19 0.245 0.175 0.225 0.22 0.22 0.21 0.22 0.23 0.28 0.255 0.305 0.275 0.305 0.285 0.26 0.295 0.35 0.355 0.33 0.315 0.28 0.29 0.295 0.295 0.255 0.175 0.2 0.295 0.235 0.24 0.27 0.215 0.225 0.205 0.18 0.16
-9999 -9999 -9999 -9999 -9999 0.315 0.4 0.4 0.45 0.395 0.365 0.43 0.5 0.5 0.475 0.44 0.505 0.44 0.565 0.545 0.625 0.475 0.41 0.51 0.45 0.495 0.365 0.405 0.425 0.435 0.3 0.305 0.265 0.185 0.25 0.325 0.215 0.2 0.17 0.17 0.22 0.17 0.195 0.185 0.175 0.18 0.195 0.235 0.21 0.21 0.205 0.26 0.3 0.34 0.28 0.195 0.285 0.215 0.265 0.235 0.25 0.235 0.26 0.195 0.35 0.36 0.295 0.295 0.295 0.255 0.26 0.28 0.295 0.255 0.215 0.27 0.245 0.21 0.215 0.23
-9999 -9999 -9999 -9999 -9999 -9999 0.42 0.41 0.365 0.42 0.355 0.365 0.565 0.545 0.415 0.51 0.38 0.49 0.605 0.43 0.41 0.575 0.45 0.4375 0.515 0.535 0.425 0.405 0.395 0.3 0.275 0.245 0.21 0.265 0.31 0.25 0.185 0.19 0.165 0.185 0.15 0.23 0.235 0.22 0.17 0.19 0.195 0.215 0.205 0.195 0.22 0.28 0.21 0.265 0.225 0.27 0.21 0.22 0.23 0.21 0.18 0.2 0.295 0.295 0.35 0.285 0.28 0.275 0.275 0.275 0.36 0.335 0.21 0.24 0.24 0.235 0.215 0.17 0.27 0.2
-9999 -9999 -9999 -9999 -9999 -9999 0.315 0.445 0.385 0.38 0.535 0.395 0.4 0.355 0.4 0.505 0.41 0.41 0.43 0.43 0.43 0.51 0.415 0.445 0.35 0.42 0.4 0.345 0.39 0.25 0.24 0.31 0.21 0.235 0.325 0.325 0.15 0.17 0.245 0.19 0.18 0.155 0.15 0.165 0.215 0.16 0.19 0.17 0.175 0.175 0.165 0.23 0.245 0.23 0.195 0.195 0.165 0.225 0.21 0.28 0.245 0.265 0.3 0.415 0.275 0.275 0.295 0.27 0.32 0.37 0.26 0.33 0.215 0.215 0.27 0.215 0.24 0.195 0.18 0.27
-9999 -9999 -9999 -9999 -9999 0.25 0.29 0.395 0.425 0.525 0.365 0.395 0.355 0.515 0.45 0.43 0.43 0.48 0.43 0.485 0.4 0.375 0.38 0.42 0.445 0.415 0.35 0.275 0.255 0.295 0.22 0.195 0.265 0.215 0.265 0.265 0.17 0.17 0.19 0.185 0.215 0.2 0.2 0.21 0.155 0.16 0.16 0.175 0.175 0.18 0.22 0.195 0.205 0.24 0.19 0.18 0.23 0.21 0.2 0.26 0.205 0.18 0.215 0.215 0.235 0.36 0.295 0.35 0.3 0.265 0.29 0.215 0.27 0.2 0.27 0.22 0.19 0.265 0.255 0.22
-9999 -9999 -9999 -9999 -9999 -9999 -9999 0.25 0.325 0.435 0.345 0.345 0.38 0.365 0.44 0.505 0.455 0.455 0.43 0.335 0.245 0.23 0.46 0.355 0.29 0.31 0.22 0.235 0.245 0.205 0.265 0.17 0.31 0.195 0.2 0.165 0.18 0.175 0.15 0.17 0.155 0.155 0.21 0.19 0.185 0.2 0.19 0.155 0.175 0.18 0.175 0.18 0.175 0.21 0.21 0.235 0.215 0.195 0.355 0.27 0.21 0.21 0.22 0.36 0.28 0.37 0.35 0.3 0.335 0.36 0.385 0.415 0.265 0.235 0.26 0.26 0.285 0.32 0.37 0.3
-9999 -9999 -9999 -9999 -9999 -9999 -9999 0.26 0.26 0.29 0.39 0.295 0.335 0.395 0.395 0.47 0.405 0.445 0.45 0.4 0.26 0.275 0.295 0.215 0.215 0.275 0.19 0.215 0.215 0.17 0.18 0.17 0.21 0.205 0.185 0.23 0.17 0.15 0.17 0.15 0.185 0.155 0.165 0.155 0.165 0.18 0.145 0.13 0.1425 0.115 0.135 0.2 0.16 0.125 0.195 0.225 0.235 0.195 0.265 0.17 0.17 0.195 0.225 0.185 0.295 0.305 0.295 0.31 0.36 0.385 0.415 0.355 0.3 0.255 0.26 0.285 0.32 0.37 0.33 0.32
-9999 -9999 -9999 -9999 -9999 -9999 -9999 0.265 0.275 0.26 0.32 0.305 0.295 0.325 0.355 0.43 0.445 0.365 0.315 0.32 0.275 0.265 0.205 0.215 0.215 0.19 0.185 0.165 0.15 0.17 0.17 0.16 0.22 0.15 0.145 0.15 0.195 0.21 0.14 0.21 0.16 0.155 0.175 0.145 0.16 0.175 0.15 0.15 0.13 0.16 0.17 0.155 0.18 0.17 0.175 0.325 0.245 0.21 0.23 0.16 0.17 0.17 0.24 0.205 0.275 0.295 0.36 0.265 0.34 0.385 0.355 0.36 0.33 0.24 0.265 0.3 0.3 0.32 0.32 0.33
-9999 -9999 -9999 -9999 -9999 -9999 -9999 0.315 0.265 0.285 0.29 0.355 0.295 0.385 0.405 0.365 0.45 0.425 0.445 0.305 0.295 0.21 0.18 0.2 0.215 0.15 0.125 0.145 0.15 0.205 0.165 0.17 0.175 0.17 0.19 0.22 0.205 0.185 0.15 0.175 0.17 0.175 0.17 0.15 0.115 0.185 0.145 0.14 0.17 0.145 0.14 0.16 0.19 0.215 0.2 0.215 0.19 0.19 0.17 0.15 0.145 0.17 0.175 0.21 0.26 0.275 0.26 0.33 0.29 0.37 0.355 0.355 0.285 0.235 0.3 0.31 0.31 0.385 0.4 0.355
-9999 -9999 -9999 -9999 -9999 -9999 -9999 0.345 0.245 0.18 0.27 0.345 0.355 0.34 0.4 0.395 0.4 0.27 0.245 0.265 0.195 0.155 0.18 0.19 0.16 0.15 0.165 0.155 0.18 0.215 0.15 0.17 0.15 0.17 0.23 0.15 0.215 0.15 0.16 0.15 0.17 0.15 0.135 0.15 0.175 0.16 0.145 0.13 0.17 0.17 0.155 0.21 0.15 0.205 0.18 0.175 0.17 0.155 0.16 0.16 0.155 0.14 0.185 0.175 0.22 0.24 0.295 0.255 0.355 0.235 0.275 0.285 0.24 0.245 0.265 0.215 0.285 0.34 0.36 0.45
-9999 -9999 -9999 -9999 -9999 -9999 0.245 0.255 0.295 0.22 0.215 0.29 0.355 0.435 0.435 0.385 0.235 0.23 0.215 0.225 0.235 0.22 0.23 0.23 0.135 0.125 0.155 0.15 0.17 0.16 0.15 0.175 0.145 0.165 0.145 0.145 0.165 0.16 0.175 0.165 0.165 0.13 0.125 0.14 0.16 0.23 0.135 0.1 0.15 0.16 0.165 0.185 0.165 0.16 0.145 0.15 0.155 0.155 0.175 0.13 0.16 0.2 0.145 0.25 0.235 0.245 0.275 0.295 0.26 0.275 0.33 0.355 0.285 0.305 0.235 0.325 0.415 0.34 0.34 0.37
-9999 -9999 -9999 -9999 -9999 -9999 0.215 0.245 0.2 0.275 0.275 0.305 0.335 0.31 0.295 0.275 0.215 0.225 0.26 0.275 0.265 0.265 0.195 0.18 0.175 0.105 0.14 0.15 0.16 0.155 0.135 0.145 0.15 0.17 0.19 0.145 0.23 0.165 0.165 0.23 0.16 0.115 0.13 0.145 0.16 0.145 0.135 0.14 0.16 0.16 0.175 0.175 0.16 0.145 0.135 0.175 0.225 0.17 0.16 0.135 0.165 0.195 0.195 0.195 0.21 0.18 0.22 0.22 0.25 0.235 0.27 0.235 0.235 0.24 0.235 0.235 0.3 0.33 0.325 0.355
-9999 -9999 -9999 -9999 -9999 -9999 0.265 0.265 0.215 0.325 0.275 0.295 0.225 0.3 0.28 0.25 0.19 0.265 0.21 0.21 0.215 0.26 0.2 0.205 0.165 0.13 0.145 0.155 0.125 0.115 0.115 0.12 0.17 0.125 0.16 0.15 0.15 0.175 0.17 0.16 0.125 0.115 0.135 0.13 0.145 0.14 0.13 0.13 0.16 0.17 0.17 0.19 0.145 0.135 0.15 0.165 0.175 0.2 0.13 0.165 0.195 0.245 0.195 0.21 0.255 0.31 0.24 0.275 0.255 0.255 0.24 0.215 0.22 0.215 0.24 0.215 0.295 0.21 0.26 0.235
-9999 -9999 -9999 -9999 -9999 0.21 0.21 0.245 0.185 0.325 0.245 0.295 0.235 0.275 0.28 0.23 0.325 0.275 0.195 0.235 0.155 0.16 0.155 0.14 0.14 0.14 0.115 0.125 0.115 0.14 0.135 0.16 0.145 0.135 0.145 0.15 0.16 0.15 0.15 0.14 0.125 0.14 0.14 0.11 0.11 0.19 0.145 0.145 0.185 0.19 0.15 0.175 0.12 0.145 0.155 0.18 0.155 0.14 0.17 0.155 0.17 0.185 0.185 0.21 0.24 0.215 0.235 0.2 0.255 0.22 0.22 0.19 0.195 0.21 0.245 0.22 0.235 0.18 0.245 0.175
-9999 -9999 -9999 -9999 0.165 0.17 0.245 0.215 0.185 0.195 0.31 0.29 0.305 0.33 0.295 0.4 0.27 0.26 0.215 0.16 0.21 0.145 0.145 0.15 0.12 0.14 0.07 0.085 0.12 0.12 0.135 0.135 0.14 0.13 0.16 0.175 0.175 0.14 0.115 0.14 0.14 0.135 0.145 0.145 0.14 0.165 0.165 0.15 0.19 0.155 0.16 0.155 0.145 0.145 0.145 0.2 0.19 0.135 0.17 0.17 0.19 0.185 0.24 0.23 0.225 0.27 0.22 0.195 0.195 0.195 0.24 0.24 0.2 0.2 0.245 0.225 0.265 0.215 0.185 0.305
-9999 -9999 -9999 -9999 0.125 0.17 0.22 0.205 0.185 0.27 0.27 0.275 0.25 0.265 0.255 0.275 0.26 0.26 0.21 0.17 0.21 0.16 0.155 0.16 0.14 0.13 0.045 0.05 0.09 0.105 0.11 0.12 0.14 0.145 0.19 0.16 0.145 0.135 0.12 0.13 0.135 0.13 0.13 0.14 0.175 0.155 0.15 0.155 0.15 0.175 0.145 0.12 0.13 0.13 0.11 0.165 0.17 0.175 0.13 0.17 0.135 0.18 0.17 0.155 0.24 0.2 0.18 0.23 0.28 0.23 0.24 0.18 0.17 0.175 0.215 0.22 0.265 0.225 0.19 0.235
-9999 -9999 0.17 0.21 0.195 0.15 0.195 0.185 0.225 0.315 0.305 0.255 0.23 0.24 0.3 0.295 0.225 0.19 0.225 0.155 0.15 0.145 0.145 0.165 0.115 0.145 0.105 0.115 0.12 0.15 0.155 0.155 0.16 0.165 0.185 0.21 0.175 0.145 0.16 0.17 0.21 0.24 0.125 0.13 0.165 0.145 0.15 0.17 0.19 0.175 0.12 0.12 0.12 0.125 0.105 0.16 0.15 0.175 0.185 0.17 0.135 0.19 0.185 0.17 0.155 0.16 0.185 0.185 0.295 0.25 0.17 0.195 0.17 0.195 0.13 0.19 0.18 0.185 0.19 0.195
-9999 0.17 0.15 0.215 0.185 0.19 0.215 0.18 0.18 0.26 0.225 0.255 0.2325 0.265 0.26 0.21 0.205 0.165 0.21 0.19 0.21 0.165 0.17 0.17 0.165 0.14 0.12 0.155 0.15 0.18 0.205 0.155 0.17 0.215 0.19 0.205 0.15 0.145 0.155 0.17 0.16 0.165 0.19 0.145 0.13 0.205 0.165 0.19 0.155 0.175 0.145 0.16 0.155 0.175 0.19 0.155 0.145 0.145 0.145 0.17 0.175 0.155 0.145 0.165 0.24 0.145 0.135 0.23 0.23 0.155 0.185 0.17 0.18 0.18 0.16 0.17 0.225 0.225 0.18 0.18
-9999 0.185 0.185 0.17 0.21 0.19 0.235 0.285 0.315 0.25 0.235 0.26 0.29 0.245 0.24 0.225 0.215 0.195 0.19 0.225 0.185 0.155 0.16 0.17 0.17 0.13 0.16 0.18 0.175 0.18 0.18 0.19 0.195 0.215 0.22 0.17 0.15 0.18 0.165 0.145 0.145 0.16 0.275 0.175 0.15 0.195 0.22 0.19 0.15 0.15 0.15 0.15 0.17 0.2 0.2 0.185 0.19 0.19 0.145 0.205 0.165 0.135 0.13 0.17 0.185 0.19 0.15 0.24 0.225 0.24 0.27 0.23 0.195 0.21 0.16 0.18 0.17 0.155 0.195 0.18
-9999 0.185 0.195 0.17 0.19 0.22 0.18 0.305 0.3 0.335 0.4 0.295 0.29 0.18 0.215 0.24 0.24 0.18 0.17 0.15 0.16 0.165 0.175 0.17 0.16 0.145 0.18 0.18 0.19 0.19 0.18 0.215 0.205 0.19 0.195 0.15 0.21 0.155 0.175 0.155 0.21 0.16 0.19 0.155 0.2 0.275 0.275 0.15 0.135 0.155 0.145 0.155 0.135 0.155 0.185 0.195 0.15 0.165 0.15 -9999 -9999 -9999 -9999 -9999 -9999 -9999 -9999 -9999 -9999 -9999 -9999 -9999 -9999 -9999 -9999 -9999 -9999 -9999 -9999 -9999
-9999 0.19 0.155 0.15 0.215 0.225 0.19 0.265 0.31 0.225 0.305 0.29 0.265 0.265 0.21 0.21 0.195 0.235 0.145 0.145 0.165 0.16 0.155 0.16 0.165 0.185 0.22 0.2 0.18 0.175 0.19 0.245 0.25 0.22 0.2 0.21 0.155 0.17 0.17 0.155 0.15 0.155 0.19 0.175 0.19 0.22 0.275 0.155 0.165 0.145 0.165 0.17 0.16 0.175 0.175 0.19 0.135 0.165 0.19 -9999 -9999 -9999 -9999 -9999 -9999 -9999 -9999 -9999 -9999 -9999 -9999 -9999 -9999 -9999 -9999 -9999 -9999 -9999 -9999 -9999
-9999 -9999 0.165 0.2 0.235 0.235 0.205 0.195 0.265 0.27 0.25 0.325 0.245 0.245 0.245 0.245 0.22 0.18 0.165 0.21 0.17 0.195 0.16 0.17 0.155 0.22 0.19 0.22 0.205 0.215 0.19 0.26 0.25 0.23 0.215 0.215 0.19 0.22 0.19 0.145 0.225 0.225 0.2 0.13 0.13 0.315 0.19 0.225 0.19 0.125 0.145 0.15 0.19 0.15 0.19 0.19 0.195 0.18 -9999 -9999 -9999 -9999 -9999 -9999 -9999 -9999 -9999 -9999 -9999 -9999 -9999 -9999 -9999 -9999 -9999 -9999 -9999 -9999 -9999 -9999
-9999 -9999 0.145 0.15 0.18 0.185 0.21 0.15 0.205 0.25 0.265 0.23 0.23 0.255 0.26 0.245 0.22 0.2 0.15 0.155 0.185 0.16 0.145 0.21 0.205 0.205 0.215 0.22 0.265 0.215 0.22 0.22 0.255 0.18 0.19 0.215 0.18 0.205 0.165 0.15 0.175 0.26 0.225 0.275 0.225 0.18 0.2 0.26 0.215 0.12 0.17 0.15 0.24 0.245 0.275 0.23 0.28 0.275 -9999 -9999 -9999 -9999 -9999 -9999 -9999 -9999 -9999 -9999 -9999 -9999 -9999 -9999 -9999 -9999 -9999 -9999 -9999 -9999 -9999 -9999
-9999 -9999 0.125 0.155 0.18 0.17 0.165 0.2 0.245 0.245 0.3 0.3 0.21 0.165 0.23 0.22 0.225 0.205 0.235 0.2 0.145 0.185 0.165 0.215 0.22 0.2 0.215 0.215 0.265 0.265 0.265 0.245 0.26 0.215 0.23 0.18 0.16 0.225 0.16 0.195 0.23 0.34 0.22 0.215 0.225 0.265 0.3 0.3 0.295 0.19 0.23 0.19 0.215 0.245 0.275 0.205 0.255 0.235 -9999 -9999 -9999 -9999 -9999 -9999 -9999 -9999 -9999 -9999 -9999 -9999 -9999 -9999 -9999 -9999 -9999 -9999 -9999 -9999 -9999 -9999
-9999 0.13 0.14 0.125 0.155 0.165 0.18 0.23 0.245 0.24 0.24 0.255 0.21 0.145 0.18 0.19 0.145 0.165 0.155 0.155 0.15 0.215 0.215 0.22 0.245 0.255 0.225 0.22 0.265 0.26 0.245 0.22 0.255 0.23 0.23 0.18 0.185 0.18 0.185 0.205 0.265 0.22 0.195 0.195 0.195 0.23 0.25 0.255 0.25 0.18 0.215 0.26 0.18 0.18 0.26 0.26 0.34 -9999 -9999 -9999 -9999 -9999 -9999 -9999 -9999 -9999 -9999 -9999 -9999 -9999 -9999 -9999 -9999 -9999 -9999 -9999 -9999 -9999 -9999 -9999
-9999 0.12 0.115 0.09 0.125 0.165 0.15 0.145 0.17 0.225 0.235 0.215 0.185 0.17 0.185 0.17 0.16 0.145 0.14 0.165 0.21 0.2 0.225 0.225 0.21 0.225 0.275 0.27 0.28 0.25 0.29 0.22 0.29 0.245 0.225 0.235 0.18 0.21 0.2 0.285 0.21 0.225 0.175 0.19 0.265 0.27 0.28 0.265 0.265 0.22 0.22 0.27 0.305 0.22 0.27 0.28 0.21 -9999 -9999 -9999 -9999 -9999 -9999 -9999 -9999 -9999 -9999 -9999 -9999 -9999 -9999 -9999 -9999 -9999 -9999 -9999 -9999 -9999 -9999 -9999
-9999 0.12 0.135 0.12 0.13 0.135 0.165 0.16 0.16 0.16 0.185 0.15 0.19 0.175 0.18 0.135 0.11 0.145 0.17 0.205 0.175 0.17 0.21 0.21 0.23 0.255 0.245 0.245 0.265 0.285 0.245 0.24 0.3 0.255 0.22 0.225 0.225 0.215 0.22 0.245 0.205 0.21 0.215 0.21 0.265 0.32 0.35 0.36 0.39 0.28 0.255 0.27 0.385 0.35 0.395 0.21 -9999 -9999 -9999 -9999 -9999 -9999 -9999 -9999 -9999 -9999 -9999 -9999 -9999 -9999 -9999 -9999 -9999 -9999 -9999 -9999 -9999 -9999 -9999 -9999
-9999 0.11 0.14 0.11 0.12 0.155 0.15 0.15 0.16 0.14 0.19 0.175 0.185 0.165 0.17 0.155 0.155 0.16 0.19 0.17 0.18 0.175 0.175 0.185 0.205 0.255 0.26 0.315 0.38 0.26 0.26 0.255 0.355 0.265 0.315 0.26 0.275 0.29 0.24 0.245 0.245 0.18 0.225 0.23 0.32 0.36 0.34 0.495 0.305 0.39 0.325 0.355 0.34 0.42 0.32 0.265 0.24 -9999 -9999 -9999 -9999 -9999 -9999 -9999 -9999 -9999 -9999 -9999 -9999 -9999 -9999 -9999 -9999 -9999 -9999 -9999 -9999 -9999 -9999 -9999
-9999 0.09 0.12 0.105 0.13 0.145 0.17 0.185 0.15 0.185 0.205 0.185 0.155 0.165 0.175 0.14 0.14 0.165 0.185 0.205 0.23 0.235 0.225 0.195 0.22 0.27 0.29 0.25 0.265 0.255 0.255 0.25 0.245 0.315 0.25 0.3 0.365 0.26 0.255 0.24 0.23 0.32 0.355 0.395 0.33 0.2 0.28 0.31 0.31 0.42 0.255 0.28 0.355 0.355 0.355 0.24 0.34 -9999 -9999 -9999 -9999 -9999 -9999 -9999 -9999 -9999 -9999 -9999 -9999 -9999 -9999 -9999 -9999 -9999 -9999 -9999 -9999 -9999 -9999 -9999
-9999 0.105 0.14 0.135 0.14 0.165 0.165 0.165 0.15 0.185 0.185 0.185 0.155 0.165 0.15 0.155 0.14 0.17 0.21 0.17 0.2 0.225 0.22 0.235 0.225 0.31 0.25 0.255 0.24 0.315 0.3 0.26 0.245 0.29 0.29 0.38 0.395 0.38 0.29 0.31 0.37 0.34 0.33 0.305 0.355 0.27 0.385 0.31 0.28 0.28 0.21 0.28 0.31 0.37 0.315 0.225 0.26 -9999 -9999 -9999 -9999 -9999 -9999 -9999 -9999 -9999 -9999 -9999 -9999 -9999 -9999 -9999 -9999 -9999 -9999 -9999 -9999 -9999 -9999 -9999
0.12 0.105 0.14 0.135 0.14 0.16 0.175 0.165 0.15 0.185 0.185 0.17 0.165 0.185 0.15 0.14 0.15 0.185 0.195 0.17 0.2 0.225 0.22 0.235 0.225 0.31 0.25 0.255 0.24 0.315 0.3 0.255 0.255 0.29 0.29 0.38 0.395 0.38 0.26 0.27 0.37 0.34 0.33 0.41 0.355 0.27 0.385 0.31 0.28 0.355 0.21 0.28 0.37 0.37 0.315 0.225 0.26 0.13 -9999 -9999 -9999 -9999 -9999 -9999 -9999 -9999 -9999 -9999 -9999 -9999 -9999 -9999 -9999 -9999 -9999 -9999 -9999 -9999 -9999 -9999
0.12 0.13 0.14 0.125 0.14 0.165 0.175 0.19 0.17 0.165 0.15 0.155 0.155 0.185 0.185 0.165 0.16 0.19 0.185 0.185 0.21 0.18 0.19 0.22 0.22 0.25 0.255 0.255 0.36 0.295 0.305 0.255 0.31 0.325 0.265 0.3 0.345 0.355 0.29 0.285 0.31 0.36 0.285 0.425 0.385 0.495 0.455 0.36 0.33 0.305 0.295 0.285 0.37 0.23 0.255 0.195 0.21 0.255 0.095 0.105 -9999 -9999 -9999 -9999 -9999 -9999 -9999 -9999 -9999 -9999 -9999 -9999 -9999 -9999 -9999 -9999 -9999 -9999 -9999 -9999
-9999 0.14 0.125 0.14 0.145 0.155 0.185 0.15 0.145 0.165 0.155 0.155 0.165 0.17 0.18 0.165 0.21 0.15 0.21 0.21 0.165 0.18 0.165 0.225 0.22 0.285 0.26 0.255 0.29 0.31 0.385 0.305 0.35 0.255 0.255 0.295 0.275 0.315 0.3 0.34 0.4 0.46 0.305 0.29 0.455 0.415 0.375 0.44 0.43 0.39 0.31 0.305 0.315 0.25 0.265 0.26 0.25 0.285 0.205 -9999 -9999 -9999 -9999 -9999 -9999 -9999 -9999 -9999 -9999 -9999 -9999 -9999 -9999 -9999 -9999 -9999 -9999 -9999 -9999 -9999
-9999 -9999 0.135 0.125 0.145 0.125 0.145 0.175 0.19 0.19 0.17 0.175 0.16 0.16 0.145 0.205 0.19 0.205 0.2 0.23 0.19 0.205 0.17 0.225 0.245 0.29 0.29 0.3 0.315 0.365 0.3 0.295 0.32 0.265 0.305 0.32 0.31 0.345 0.395 0.425 0.475 0.495 0.39 0.32 0.42 0.415 0.405 0.4 0.355 0.375 0.345 0.225 0.275 0.23 0.31 0.255 0.255 0.225 -9999 -9999 -9999 -9999 -9999 -9999 -9999 -9999 -9999 -9999 -9999 -9999 -9999 -9999 -9999 -9999 -9999 -9999 -9999 -9999 -9999 -9999
-9999 -9999 -9999 -9999 -9999 -9999 -9999 -9999 -9999 0.165 0.145 0.17 0.165 0.14 0.15 0.155 0.17 0.17 0.2 0.195 0.17 0.19 0.17 0.19 0.22 0.255 0.285 0.355 0.35 0.35 0.35 0.3 0.38 0.25 0.385 0.48 0.385 0.4 0.4 0.43 0.35 0.425 0.425 0.335 0.45 0.435 0.485 0.345 0.42 0.335 0.26 0.225 0.31 0.325 0.265 0.22 0.23 0.235 0.18 -9999 -9999 -9999 -9999 -9999 -9999 -9999 -9999 -9999 -9999 -9999 -9999 -9999 -9999 -9999 -9999 -9999 -9999 -9999 -9999 -9999
-9999 -9999 -9999 -9999 -9999 -9999 -9999 -9999 -9999 0.165 0.15 0.165 0.15 0.155 0.185 0.17 0.205 0.185 0.19 0.15 0.19 0.2 0.195 0.22 0.22 0.285 0.265 0.36 0.32 0.365 0.355 0.24 0.355 0.3 0.37 0.34 0.36 0.385 0.415 0.38 0.385 0.465 0.3 0.305 0.35 0.38 0.425 0.425 0.395 0.25 0.285 0.185 0.21 0.28 0.265 0.255 0.25 0.22 0.295 0.15 -9999 -9999 -9999 -9999 -9999 -9999 -9999 -9999 -9999 -9999 -9999 -9999 -9999 -9999 -9999 -9999 -9999 -9999 -9999 -9999
