GIS/bfa_init_pop.asc
ncols         173
nrows         126
xllcorner     224227.65281
yllcorner     1039207.04677
cellsize      5000
NODATA_value  -9999
[rows 39 to 77 of 126, columns 0 to 87 of 173]
-9999 -9999 -9999 -9999 -9999 -9999 -9999 -9999 -9999 -9999 -9999 -9999 -9999 -9999 -9999 -9999 -9999 -9999 -9999 -9999 -9999 -9999 -9999 -9999 -9999 -9999 -9999 -9999 -9999 -9999 -9999 894 1126 978 964 969 858 577 415 -9999 -9999 -9999 -9999 -9999 -9999 -9999 -9999 -9999 -9999 -9999 606 590 298 301 407 505 566 965 1539 963 558 492 559 730 939 1293 1227 1095 1320 1182 1317 2325 1941 2417 2041 1059 1773 1604 1557 2002 1421 1676 2623 2866 2734 1726 3907 7942
-9999 -9999 -9999 -9999 -9999 -9999 -9999 -9999 -9999 -9999 -9999 -9999 -9999 -9999 -9999 -9999 -9999 -9999 -9999 -9999 -9999 -9999 -9999 -9999 -9999 -9999 -9999 -9999 -9999 667 957 1037 1370 815 651 572 731 437 384 337 -9999 -9999 -9999 -9999 -9999 -9999 1070 530 328 326 568 593 518 416 326 365 463 766 1100 1041 1055 1629 700 873 1554 1385 857 1302 1695 1891 1948 2500 2381 1959 1672 1185 992 1195 971 2485 2880 2090 1965 2163 1935 1357 1819 1719
-9999 -9999 -9999 -9999 -9999 -9999 -9999 -9999 -9999 -9999 -9999 -9999 -9999 -9999 -9999 -9999 -9999 -9999 -9999 -9999 -9999 -9999 -9999 -9999 -9999 -9999 -9999 -9999 673 788 918 917 1039 722 559 691 569 397 348 344 371 346 -9999 -9999 -9999 -9999 2109 787 487 390 463 778 536 357 368 531 624 713 553 709 1107 1848 913 1938 1123 883 1112 1729 4534 8692 1774 1703 1966 1648 1865 1491 835 1596 1467 3185 3454 2325 1624 1902 2440 2190 1452 1895
-9999 -9999 -9999 -9999 -9999 -9999 -9999 -9999 -9999 -9999 -9999 -9999 -9999 -9999 -9999 -9999 -9999 -9999 -9999 -9999 -9999 -9999 -9999 -9999 -9999 -9999 -9999 244 588 960 1140 1260 869 677 590 772 706 410 353 347 373 415 433 -9999 -9999 -9999 2435 694 350 388 412 801 763 563 768 505 564 457 478 698 946 553 682 1066 1049 965 1219 1849 5118 6445 1947 1690 1524 1767 2490 1229 1368 2895 2105 1855 1671 1618 1227 1033 2173 1894 1338 2200
-9999 -9999 -9999 -9999 -9999 -9999 -9999 -9999 -9999 -9999 -9999 -9999 -9999 -9999 -9999 -9999 -9999 -9999 -9999 -9999 -9999 -9999 -9999 -9999 -9999 -9999 661 434 533 1338 2013 1211 714 560 600 595 621 472 363 374 442 441 445 566 1103 845 1768 578 357 536 445 437 567 1068 945 608 587 522 890 1551 802 630 569 1013 1328 791 1072 1502 2263 2315 2104 2236 2519 3423 4019 1458 1528 1385 1137 943 864 2372 1029 1207 1494 2139 1388 1586
-9999 -9999 -9999 -9999 -9999 -9999 -9999 -9999 -9999 -9999 -9999 -9999 -9999 -9999 -9999 -9999 -9999 -9999 -9999 -9999 -9999 -9999 -9999 -9999 -9999 -9999 -9999 537 687 1589 1335 1231 1111 616 788 598 626 499 405 384 573 484 527 688 690 1232 2533 978 1024 1087 507 772 638 2375 1824 694 947 1042 784 593 443 627 779 1599 1103 799 982 1107 1207 1851 1626 1589 1898 2007 3577 2556 1322 1051 1136 1061 862 1001 878 1178 1901 2349 1888 990
-9999 -9999 -9999 -9999 -9999 -9999 -9999 -9999 -9999 -9999 -9999 -9999 -9999 -9999 -9999 -9999 -9999 -9999 -9999 -9999 -9999 -9999 -9999 -9999 -9999 -9999 -9999 430 866 1151 899 821 1069 769 645 557 509 479 521 383 400 402 476 593 1028 1662 2268 836 537 564 392 350 656 1293 1132 526 537 701 575 403 446 540 738 947 1187 1079 1387 911 804 1069 1885 1468 2167 1891 1341 2557 1589 1597 2476 1672 1268 1437 1446 1270 1049 1073 2783 1513
-9999 -9999 -9999 -9999 -9999 -9999 -9999 -9999 -9999 -9999 -9999 -9999 -9999 -9999 -9999 -9999 -9999 -9999 -9999 -9999 -9999 -9999 -9999 -9999 -9999 -9999 -9999 -9999 1182 1189 903 691 789 675 796 503 361 421 633 437 368 367 385 434 574 1626 3305 650 370 398 447 397 931 614 718 585 527 1105 615 426 542 433 617 796 1013 993 895 1070 834 1335 1803 4413 1620 1591 2436 2569 2422 1697 1596 1567 1748 3083 2686 2771 1643 1281 2475 2179
-9999 -9999 -9999 -9999 -9999 -9999 -9999 -9999 -9999 -9999 -9999 -9999 -9999 -9999 -9999 -9999 -9999 -9999 -9999 -9999 -9999 -9999 -9999 -9999 -9999 -9999 -9999 -9999 726 1325 1037 1283 798 554 591 534 434 418 487 438 391 401 388 299 278 874 1061 665 513 548 354 378 623 481 479 642 643 648 516 426 437 590 878 1110 1042 929 1001 1215 1137 1579 3142 10166 2639 1372 1539 1718 1183 1208 1305 1026 1175 1133 1026 1124 1168 905 988 1373
-9999 -9999 -9999 -9999 -9999 -9999 -9999 -9999 -9999 -9999 -9999 -9999 -9999 -9999 -9999 -9999 -9999 -9999 -9999 -9999 -9999 -9999 -9999 -9999 -9999 -9999 -9999 -9999 532 1906 2003 1025 674 576 474 676 679 445 550 720 474 752 557 187 262 702 1820 724 456 580 381 569 799 489 446 865 968 778 1317 682 622 849 920 1334 1576 1301 2308 3676 1359 1416 1460 1787 1658 1862 1066 1587 1160 1214 1024 1053 800 796 920 1088 953 696 984 1087
-9999 -9999 -9999 -9999 -9999 -9999 -9999 -9999 -9999 -9999 -9999 -9999 -9999 -9999 -9999 -9999 -9999 -9999 -9999 -9999 -9999 -9999 -9999 -9999 -9999 -9999 -9999 -9999 530 1308 1195 1096 757 672 504 542 718 630 884 865 976 1113 487 295 434 410 685 899 505 525 487 638 624 659 484 706 701 903 2200 738 678 1007 690 812 1056 1242 1518 2236 1538 1545 947 1205 1639 1767 1354 1751 1796 1355 1764 1340 859 890 916 842 1134 745 747 691
-9999 -9999 -9999 -9999 -9999 -9999 -9999 -9999 -9999 -9999 -9999 -9999 -9999 -9999 -9999 -9999 -9999 -9999 -9999 -9999 -9999 -9999 -9999 -9999 -9999 -9999 -9999 -9999 260 849 738 746 627 779 838 584 714 917 833 1142 711 1320 1049 433 833 674 579 965 844 619 1467 1121 878 751 622 977 979 755 849 979 937 812 693 930 1003 1511 1372 1637 1732 1137 1309 1668 1626 1312 852 1246 1653 1740 1853 1764 1579 1153 1678 1357 1307 1058 956 925
-9999 -9999 -9999 -9999 -9999 -9999 -9999 -9999 -9999 -9999 -9999 -9999 -9999 -9999 -9999 -9999 -9999 -9999 -9999 -9999 -9999 -9999 -9999 -9999 -9999 -9999 -9999 -9999 347 857 829 938 885 920 870 983 1823 1542 843 658 405 567 618 409 437 557 1163 959 573 460 736 783 1443 1784 1538 878 1159 5365 1046 679 756 733 662 986 1258 1576 1626 1521 1647 1436 1168 1680 1710 1403 1021 1609 1118 1320 2615 1226 1376 1180 1550 1750 2084 1645 1193 1202
-9999 -9999 -9999 -9999 -9999 -9999 -9999 -9999 -9999 -9999 -9999 -9999 -9999 -9999 -9999 -9999 -9999 -9999 -9999 -9999 -9999 -9999 -9999 -9999 267 349 -9999 -9999 772 989 845 865 670 723 876 1198 5753 2072 764 493 367 272 216 306 842 1129 881 396 436 562 532 464 532 1137 1311 1113 1074 2150 1145 1042 809 949 1174 1639 1710 1321 1555 1727 1935 1747 1444 1314 2610 1682 1032 1586 1558 1187 1364 2028 1748 1357 1533 2152 1452 905 1113 1603
-9999 -9999 -9999 -9999 -9999 -9999 -9999 -9999 -9999 -9999 -9999 -9999 -9999 -9999 -9999 -9999 -9999 -9999 -9999 -9999 -9999 -9999 -9999 488 655 750 597 534 626 749 656 650 695 675 897 1011 1136 778 624 557 260 174 174 298 874 1187 933 456 393 564 585 499 685 610 778 722 1220 1017 733 812 680 1096 2145 1895 1229 1035 1058 1724 2384 2159 1365 1699 2826 2184 1373 1284 2952 2100 3259 5993 1713 1070 1235 970 2142 2253 2028 3193
-9999 -9999 -9999 -9999 -9999 -9999 -9999 -9999 -9999 -9999 -9999 -9999 -9999 -9999 -9999 -9999 -9999 -9999 -9999 -9999 -9999 -9999 -9999 230 683 509 558 450 524 812 754 922 1095 1272 770 1032 623 710 366 331 341 186 175 247 954 1237 849 535 524 478 1045 1542 885 624 654 610 696 730 731 948 712 985 1031 975 1002 1616 1552 1891 1253 755 1161 1565 1701 1267 1534 1941 1225 1277 1909 3696 1729 1346 1209 1023 1412 2203 1508 1666
-9999 -9999 -9999 -9999 -9999 -9999 -9999 -9999 -9999 -9999 -9999 -9999 -9999 -9999 -9999 -9999 -9999 -9999 -9999 -9999 -9999 -9999 -9999 -9999 239 519 701 553 447 534 679 770 817 791 698 484 320 487 200 191 360 279 233 392 1087 1150 630 485 1235 1058 1332 1409 789 670 642 819 613 839 1203 676 813 820 931 1404 1140 1256 451 464 785 1317 1058 939 1092 1112 1695 2041 2356 1532 2419 2420 2012 1690 1260 676 817 825 1557 1038
-9999 -9999 -9999 -9999 -9999 -9999 -9999 -9999 -9999 -9999 -9999 -9999 -9999 -9999 -9999 -9999 -9999 -9999 -9999 -9999 -9999 -9999 -9999 -9999 -9999 806 767 620 553 500 656 885 601 654 547 423 353 403 254 206 239 310 392 804 1027 1209 1066 554 638 566 619 645 845 949 838 647 678 939 1153 618 854 1092 1245 1769 1126 1066 531 519 701 563 604 1046 1494 1965 2056 2067 1778 1394 2395 2899 943 1997 1640 622 749 1050 1829 764
-9999 -9999 -9999 -9999 -9999 -9999 -9999 -9999 -9999 -9999 -9999 -9999 -9999 -9999 -9999 -9999 -9999 -9999 -9999 -9999 -9999 -9999 -9999 -9999 245 696 506 517 434 447 541 917 616 536 455 452 628 781 479 386 461 616 587 2039 2858 5419 1551 698 334 301 317 386 876 788 655 561 593 743 764 683 813 1113 1391 1192 928 1048 698 535 732 1310 1154 1638 2143 2073 1394 1104 1169 2169 1380 890 832 1238 1567 1031 783 1123 16834 7990
-9999 -9999 -9999 -9999 -9999 -9999 -9999 -9999 -9999 -9999 -9999 -9999 -9999 -9999 -9999 -9999 -9999 -9999 -9999 -9999 -9999 -9999 -9999 -9999 647 825 473 458 379 482 712 1065 734 662 564 479 838 1177 780 756 960 517 529 1061 4131 10226 1975 942 364 297 283 434 452 709 886 586 551 530 548 817 1245 1125 1508 2002 2091 1510 1244 1785 2033 3999 3277 1871 1965 1664 2612 2462 2382 1324 2002 1248 1013 1134 1298 2131 2276 26051 101177 85191
-9999 -9999 -9999 -9999 -9999 -9999 -9999 -9999 -9999 -9999 -9999 -9999 -9999 -9999 -9999 -9999 -9999 -9999 -9999 -9999 -9999 -9999 -9999 -9999 907 891 712 388 400 594 1062 1182 936 963 681 626 709 1991 1087 300 555 571 517 1105 1195 1234 1158 1466 824 416 301 317 331 495 848 875 782 661 558 927 1166 1550 1365 1561 2956 1938 1584 1864 1795 2094 3135 2057 1723 1805 2355 3157 1820 1357 2365 1619 1219 1490 1851 1415 23469 95797 143104 139502
-9999 -9999 -9999 -9999 -9999 -9999 -9999 -9999 -9999 -9999 -9999 -9999 -9999 -9999 -9999 -9999 -9999 -9999 -9999 -9999 -9999 -9999 -9999 -9999 464 471 778 680 670 987 1304 959 1280 1633 1427 912 780 1135 749 390 644 594 686 1058 841 688 714 891 1505 1246 680 404 386 345 638 690 979 673 526 983 1338 1945 2089 2387 1798 2034 2491 1663 2042 2245 3506 2398 2484 3199 3522 3572 1084 2310 1306 951 834 1050 2192 1627 38890 109031 149900 147476
-9999 -9999 -9999 -9999 -9999 -9999 -9999 -9999 -9999 -9999 -9999 -9999 -9999 -9999 -9999 -9999 -9999 -9999 -9999 -9999 -9999 -9999 -9999 198 312 820 479 527 589 490 845 859 767 1084 1221 808 701 599 532 451 611 635 820 1211 760 656 646 825 1036 898 1034 1124 722 431 384 384 401 605 839 648 464 486 909 1854 1669 2221 6714 4116 3102 3944 4350 3393 2710 2927 2156 1552 1103 1547 933 1032 1500 1320 2771 3645 30535 91268 122726 140225
-9999 -9999 -9999 -9999 -9999 -9999 -9999 -9999 -9999 -9999 -9999 -9999 -9999 -9999 -9999 -9999 -9999 -9999 -9999 -9999 -9999 -9999 135 336 334 521 410 514 659 647 1540 1629 908 821 1272 1206 736 497 442 481 527 686 1473 1273 1094 755 540 797 883 809 1031 1058 924 2591 731 757 469 550 535 387 326 329 799 1642 3125 1868 2753 2234 10867 15234 7200 4132 3048 3088 1935 2342 1720 1049 851 1152 1589 1819 3974 6231 1912 13334 31433 51485
-9999 -9999 -9999 -9999 -9999 -9999 -9999 -9999 -9999 -9999 -9999 -9999 -9999 -9999 -9999 -9999 -9999 -9999 -9999 -9999 -9999 112 299 350 371 341 524 1063 671 847 1033 1592 1175 1056 2238 2980 868 550 409 585 547 617 1513 1066 926 571 440 606 1168 841 1016 1236 654 956 523 595 753 679 857 875 447 380 564 811 1258 1417 2825 4172 11292 11436 4763 3661 2147 2322 3342 2945 2528 1655 1605 2308 2646 1996 2784 1792 1605 4826 5620 8178
-9999 -9999 -9999 -9999 -9999 -9999 -9999 -9999 -9999 -9999 -9999 -9999 -9999 -9999 -9999 -9999 -9999 -9999 -9999 -9999 -9999 230 278 351 275 337 704 696 754 940 1047 5866 2662 1097 1080 981 770 529 501 601 569 782 1094 590 685 534 460 620 868 1074 1262 1140 788 643 517 561 524 516 549 846 748 758 1020 1463 1667 1608 1474 2417 2386 2368 1907 2464 1924 2504 2328 2660 3527 2536 2274 3966 2828 1775 1320 1319 2208 3239 4074 1468
-9999 -9999 -9999 -9999 -9999 -9999 -9999 -9999 -9999 -9999 -9999 -9999 -9999 -9999 -9999 -9999 -9999 -9999 -9999 -9999 -9999 234 232 384 240 619 1389 647 701 1040 1748 1435 1369 941 1238 803 641 546 516 551 827 839 646 527 486 494 583 677 685 1148 2434 1103 928 723 566 564 477 304 303 341 475 715 874 1279 1193 972 904 1260 1816 1524 1579 1710 1471 1520 2132 2510 1872 1277 1061 1150 1108 1607 1286 2200 2607 2475 1921 1095
-9999 -9999 -9999 -9999 -9999 -9999 -9999 -9999 -9999 -9999 -9999 -9999 -9999 -9999 -9999 -9999 -9999 -9999 -9999 124 382 519 970 505 400 1505 1518 952 1185 2697 1918 1626 1228 894 1325 769 706 577 500 618 2029 986 666 607 515 638 799 891 881 1048 1253 891 875 791 623 826 659 328 289 281 342 712 685 865 934 1205 1142 732 664 1092 1082 2149 1859 1920 2327 1912 1372 1072 879 1312 1285 935 1039 2394 1985 1152 1941 922
-9999 -9999 -9999 -9999 -9999 -9999 -9999 -9999 -9999 -9999 -9999 -9999 -9999 -9999 -9999 -9999 -9999 -9999 1689 2911 1753 1834 1219 665 751 1451 2096 1974 2082 2213 3092 1312 963 994 1008 641 794 618 513 661 1038 912 643 556 584 844 1091 977 940 820 582 696 854 806 823 673 517 490 356 304 348 669 398 562 1127 1817 1066 616 678 1602 1941 2869 4077 2076 2373 2591 1240 1071 993 937 1007 699 770 1095 855 1548 1348 857
-9999 -9999 -9999 -9999 -9999 -9999 -9999 -9999 -9999 -9999 -9999 -9999 175 322 408 483 364 643 631 1057 1905 2022 948 777 731 1659 1999 2306 1516 935 1125 1179 874 978 481 784 1187 1076 634 815 778 851 678 676 658 1404 2996 1314 1031 1040 936 749 1123 877 859 801 1001 1016 484 315 350 727 405 609 1036 955 862 757 1769 2254 1606 1845 2645 2242 3469 2625 741 682 735 1012 1328 848 654 817 632 761 1216 917
-9999 -9999 -9999 -9999 -9999 -9999 -9999 -9999 401 768 525 429 524 616 714 870 849 808 429 426 1007 1469 582 836 1187 1177 2020 1807 1188 1559 992 974 831 683 581 1124 1034 1418 861 1465 1017 698 671 873 988 1756 2757 1171 1037 1379 991 725 824 648 1063 693 693 906 453 397 495 648 397 511 1020 2044 1406 1252 2173 2235 1552 3409 4523 2702 1284 567 706 548 749 838 1059 1009 589 542 560 839 1425 1229
-9999 -9999 -9999 -9999 -9999 -9999 -9999 296 720 689 675 829 829 804 466 898 775 779 573 410 912 1565 1378 1179 1084 1817 2744 1156 1147 1312 717 772 772 434 934 788 821 883 908 1114 1029 809 677 709 926 1174 1503 1041 858 1096 1276 727 1005 609 751 1177 1127 1150 939 355 392 530 621 521 844 2825 2094 1143 1039 849 763 1030 1211 1482 1138 600 891 757 1037 966 1113 1001 508 511 767 1121 1018 668
-9999 -9999 -9999 -9999 -9999 -9999 368 757 729 924 386 526 820 858 1056 1259 931 1015 547 611 932 850 1466 1111 1236 1349 1384 1103 1209 778 630 1101 1039 483 621 775 960 894 1764 1331 899 1226 864 695 845 944 726 934 812 1001 1293 1018 988 881 769 1623 1381 796 763 358 294 516 722 698 727 973 1090 505 600 432 382 473 1095 1580 1084 701 764 772 1023 1119 1103 1024 869 677 984 1033 825 612
-9999 -9999 -9999 188 459 598 983 981 656 653 593 730 564 1045 1269 1269 765 1048 783 606 884 739 1037 1128 1542 1510 1491 986 1170 1252 828 1002 558 697 487 573 687 1119 1431 881 890 778 849 1246 1204 1135 727 902 967 1271 943 846 649 620 1047 1473 1551 1176 701 542 640 749 1343 971 469 490 495 355 331 299 305 363 658 804 918 872 861 738 803 844 1024 1129 1304 964 1166 1124 798 471
-9999 -9999 -9999 -9999 -9999 225 1078 1216 500 611 802 909 550 709 624 2129 1029 1140 1015 621 521 525 866 1657 886 1333 1917 1014 840 1465 1105 877 386 505 491 502 730 1375 796 684 690 632 692 841 1157 822 870 955 1743 1840 787 965 967 477 468 542 2188 1514 783 672 1216 1288 653 492 421 439 370 443 420 319 311 351 381 473 584 695 796 769 867 992 1248 1128 1116 809 825 1330 587 307
-9999 -9999 -9999 -9999 -9999 -9999 743 451 405 600 585 736 1031 820 698 1259 1078 1002 891 937 1014 874 1761 1246 416 394 1028 797 730 1307 637 394 349 464 448 492 571 733 531 582 594 685 786 658 799 722 619 666 2511 1906 966 788 914 466 506 1105 1884 881 312 300 627 547 324 484 537 644 325 422 537 357 497 410 490 661 614 657 1005 1149 846 852 956 982 1083 835 776 947 616 331
-9999 -9999 -9999 -9999 -9999 -9999 690 503 490 645 531 663 709 603 521 919 704 844 619 873 858 1539 814 573 367 548 707 1039 775 685 338 302 284 383 331 422 540 553 709 783 910 843 780 1222 1378 1582 1100 938 772 971 791 1020 1142 890 401 622 705 343 258 284 1891 957 319 490 548 387 355 405 402 408 476 667 587 709 603 645 1016 1502 644 668 832 918 1140 1058 1150 1023 648 496
-9999 -9999 -9999 -9999 -9999 767 841 857 717 558 795 980 715 542 772 737 1769 1218 733 1140 1471 2751 984 643 457 688 625 1105 800 388 403 266 262 439 631 690 562 418 702 1055 1567 836 953 1330 1205 1098 1185 1546 1050 893 656 678 715 349 248 266 266 260 253 455 1795 930 351 328 419 514 591 368 359 447 569 497 589 1053 584 516 1335 1243 854 696 748 940 1220 1335 1393 852 645 482
-9999 -9999 -9999 -9999 -9999 -9999 -9999 831 662 839 802 740 975 589 667 778 1220 1137 881 1053 1696 3436 868 696 749 1153 1065 1258 783 405 258 254 328 384 737 551 379 452 632 772 1053 1387 1215 1177 1055 795 1407 1738 960 1021 1163 931 482 224 235 274 256 238 281 1080 3313 1153 657 513 453 581 1004 700 616 755 614 453 765 1884 621 786 1570 933 1026 934 804 1208 1749 1581 944 718 578 502
