GIS/bfa_init_pop.asc
ncols         173
nrows         126
xllcorner     224227.65281
yllcorner     1039207.04677
cellsize      5000
NODATA_value  -9999
[rows 78 to 116 of 126, columns 0 to 87 of 173]
-9999 -9999 -9999 -9999 -9999 -9999 -9999 1282 774 848 879 960 727 827 748 752 1101 872 620 637 1006 1664 2139 767 1246 1149 1101 910 522 364 285 333 444 645 783 397 402 727 826 764 915 1625 2010 2377 1446 1004 1861 1275 1017 2842 1544 886 699 350 360 451 461 295 436 1826 2172 1366 802 421 341 325 410 683 494 510 520 529 954 1429 657 725 904 974 1296 1339 1486 2482 3094 1151 741 630 582 579
-9999 -9999 -9999 -9999 -9999 -9999 -9999 658 917 970 593 820 954 1059 622 707 942 1386 697 937 764 637 1746 1460 1469 1584 794 490 712 381 530 759 522 817 441 403 899 1337 1793 1284 1810 1473 1399 4961 3893 1071 1355 1164 832 1765 1419 898 794 551 413 467 490 495 803 1173 1944 1234 582 289 292 398 390 488 452 527 544 691 1105 1099 697 630 652 779 761 1014 1495 1699 1449 1005 699 620 679 732
-9999 -9999 -9999 -9999 -9999 -9999 -9999 504 987 832 782 1044 702 804 845 837 747 657 515 660 597 467 844 2138 1379 1007 546 517 515 491 472 517 1079 633 321 454 867 1162 1328 1161 1359 1722 1833 4051 2687 959 759 702 779 1323 2363 1387 1302 835 659 1102 1263 1067 1482 1105 1216 1341 616 432 340 343 343 657 863 611 818 876 1746 1086 891 657 687 630 700 1417 1262 1053 994 742 618 654 743 1000
-9999 -9999 -9999 -9999 -9999 -9999 -9999 358 902 1074 1211 534 1176 1259 814 1379 1411 872 505 704 871 827 891 1592 2600 870 527 657 1570 2659 978 532 963 630 407 662 1117 1143 1002 893 1069 1798 2168 1981 1186 843 724 732 1325 1531 1599 1112 978 835 891 1322 1160 1391 948 1034 1732 1130 769 540 472 511 401 484 807 706 627 670 1236 1120 645 550 516 480 571 926 1047 1083 924 607 604 751 795 763
-9999 -9999 -9999 -9999 -9999 -9999 715 485 448 631 679 560 575 835 672 991 1418 864 487 560 765 1039 848 990 2235 1877 1035 782 1923 3840 3101 1496 431 433 497 655 715 747 732 788 1007 2030 1799 962 570 555 1076 987 1062 864 744 828 1069 789 996 829 830 1326 1019 1256 1264 942 1073 714 715 735 497 435 748 837 642 764 833 1067 757 717 513 536 568 737 1076 1029 889 500 443 829 1005 715
-9999 -9999 -9999 -9999 -9999 -9999 700 450 542 575 491 730 516 690 779 4339 6213 598 411 516 597 934 655 900 1252 2180 2560 1081 4055 4397 6697 5066 1733 456 520 901 527 537 536 520 882 1176 807 924 685 671 934 962 873 923 901 893 1100 1236 1430 1386 1299 974 972 1344 1009 1042 1260 1171 898 775 386 395 673 973 914 814 766 892 961 599 660 714 680 874 1007 875 585 546 501 467 667 816
-9999 -9999 -9999 -9999 -9999 -9999 797 520 479 528 378 482 500 1643 2529 2904 1593 651 522 508 759 1587 3611 4560 2420 5408 8105 4515 7672 4469 3901 2997 1169 543 610 717 611 692 829 729 1399 1251 1034 844 688 596 745 706 737 908 909 951 1187 1553 1080 1151 1349 1014 1036 1279 1089 969 1244 1693 1091 927 741 537 513 567 800 1082 940 805 959 748 533 537 810 724 470 398 462 379 347 397 465 507
-9999 -9999 -9999 -9999 -9999 248 421 760 347 553 443 378 435 1017 1109 1091 569 525 601 833 768 2300 5348 6784 6238 6941 29008 22668 7430 5525 3778 823 758 556 554 617 814 1094 1511 1538 1765 796 617 532 460 455 576 592 645 774 899 864 1001 1649 1428 1236 1455 1314 471 754 777 303 472 1726 1377 1044 681 402 253 412 573 1052 1071 826 839 1205 868 840 645 391 340 319 345 303 316 432 527 553
-9999 -9999 -9999 -9999 221 367 467 592 313 842 565 707 641 1529 972 575 682 794 427 619 1426 2961 4847 5657 5920 20344 41007 41223 20989 7898 6777 3924 5553 1224 799 803 1086 1246 1179 738 595 484 660 804 488 515 610 761 944 1119 1468 1189 1040 1748 1666 1209 1009 488 292 292 400 1070 501 506 1140 714 375 303 290 241 241 380 799 1198 950 1096 1253 894 526 364 330 314 351 311 415 675 692 1227
-9999 -9999 -9999 -9999 411 416 501 285 293 536 530 1313 683 729 527 405 397 459 372 471 1548 5258 5281 8452 11561 17864 31960 26361 13419 10280 5517 2802 1978 570 530 574 859 1017 654 485 420 394 467 550 662 711 914 1076 959 899 958 1429 1401 3159 2344 1483 851 602 345 279 356 1087 1044 465 258 335 340 359 443 330 503 575 1419 1453 1916 2704 1273 849 849 637 586 414 388 333 430 959 1254 840
-9999 -9999 270 574 1235 767 607 557 837 532 167 317 1299 1039 648 357 596 904 809 889 1267 5178 4823 3172 4834 8060 10108 3465 2927 2838 3771 2807 766 769 850 979 904 843 823 651 435 417 467 590 640 615 976 886 784 853 1057 1564 1417 1578 1176 1406 864 846 467 332 365 997 1069 658 225 340 380 323 372 402 1368 1026 1074 1301 4112 3933 1681 1162 741 795 1078 577 530 340 309 418 791 657
-9999 768 605 1184 690 1031 1199 947 1119 1066 622 1422 1305 934 482 408 421 538 505 950 1023 1784 1435 798 2597 8162 4506 3890 3601 3381 2559 1511 1515 1188 683 624 625 789 792 769 613 489 500 530 505 480 457 628 709 847 1195 1396 1314 1304 950 1446 816 613 452 608 829 924 727 538 337 600 705 497 495 463 378 719 955 931 1486 1450 970 848 602 584 768 738 477 372 317 359 368 362
-9999 441 512 529 1218 1226 1100 669 452 245 1324 3483 1924 5751 1170 858 523 378 648 625 732 1081 877 949 1418 1331 2287 3406 2903 2714 1181 1613 3129 1142 645 551 672 903 796 742 1027 616 671 640 651 565 465 732 814 1351 1620 1345 1828 1362 1016 1338 1009 716 487 353 1436 737 327 380 450 420 460 355 273 364 595 944 1244 816 1131 1556 691 675 858 612 487 474 723 528 244 256 -9999 -9999
-9999 217 397 520 744 1269 1590 547 356 425 1191 1731 1333 3570 1206 669 443 818 819 683 418 605 1297 1748 949 645 635 832 1226 1580 1035 1211 1323 1619 1130 787 645 745 1059 1121 1250 840 539 494 607 650 691 1342 1246 4870 4383 1514 1636 1114 1196 1788 2663 3001 993 -9999 -9999 -9999 -9999 -9999 -9999 -9999 -9999 -9999 -9999 -9999 -9999 -9999 -9999 -9999 -9999 -9999 -9999 -9999 -9999 -9999 -9999 -9999 -9999 -9999 -9999 -9999 -9999 -9999
-9999 267 437 534 658 731 1317 321 337 370 489 743 702 676 510 494 409 761 640 515 497 849 1361 954 707 733 582 695 597 557 676 1011 1543 1319 1586 1368 1092 1065 1390 1076 1164 646 683 690 941 754 866 1089 1324 1592 1135 1012 1361 1002 1261 1831 3002 2155 877 -9999 -9999 -9999 -9999 -9999 -9999 -9999 -9999 -9999 -9999 -9999 -9999 -9999 -9999 -9999 -9999 -9999 -9999 -9999 -9999 -9999 -9999 -9999 -9999 -9999 -9999 -9999 -9999 -9999
-9999 -9999 555 563 587 352 435 490 360 165 175 453 796 795 695 894 610 630 523 1029 974 1205 1369 879 809 849 625 637 603 636 879 1494 1290 987 1241 1216 1040 967 710 506 403 392 652 545 512 466 711 502 777 1556 921 682 709 660 964 1414 2065 1089 -9999 -9999 -9999 -9999 -9999 -9999 -9999 -9999 -9999 -9999 -9999 -9999 -9999 -9999 -9999 -9999 -9999 -9999 -9999 -9999 -9999 -9999 -9999 -9999 -9999 -9999 -9999 -9999 -9999 -9999
-9999 -9999 745 628 672 597 451 405 338 328 843 732 1127 1139 864 742 534 767 732 1707 899 1488 1189 903 750 693 1066 1024 711 884 1161 1631 1346 1212 759 1063 1168 717 537 430 329 360 578 817 916 682 722 656 472 1062 819 579 476 562 855 1508 1106 967 -9999 -9999 -9999 -9999 -9999 -9999 -9999 -9999 -9999 -9999 -9999 -9999 -9999 -9999 -9999 -9999 -9999 -9999 -9999 -9999 -9999 -9999 -9999 -9999 -9999 -9999 -9999 -9999 -9999 -9999
-9999 -9999 544 385 782 657 647 618 819 588 308 476 907 1239 705 347 405 1903 847 412 612 875 841 1059 1016 729 1044 1002 664 705 835 1374 1441 867 929 1327 1104 674 545 491 558 974 1825 1244 1069 1038 1299 909 337 648 552 336 284 397 751 917 706 498 -9999 -9999 -9999 -9999 -9999 -9999 -9999 -9999 -9999 -9999 -9999 -9999 -9999 -9999 -9999 -9999 -9999 -9999 -9999 -9999 -9999 -9999 -9999 -9999 -9999 -9999 -9999 -9999 -9999 -9999
-9999 642 475 481 679 1084 663 460 605 644 270 280 538 1255 839 1261 661 2240 772 653 1389 1051 779 788 851 1415 1621 1082 994 1183 1054 1271 942 1071 1096 1274 678 645 1189 1419 1497 1589 2238 1428 1164 1092 1346 550 285 422 432 346 275 348 500 519 615 -9999 -9999 -9999 -9999 -9999 -9999 -9999 -9999 -9999 -9999 -9999 -9999 -9999 -9999 -9999 -9999 -9999 -9999 -9999 -9999 -9999 -9999 -9999 -9999 -9999 -9999 -9999 -9999 -9999 -9999 -9999
-9999 1029 1227 507 443 482 599 1090 1110 649 365 365 526 1360 1493 3461 5377 6012 1160 1014 969 914 782 848 1510 1367 1761 3064 2155 1136 1004 1129 794 1008 1221 917 880 711 1181 1587 1472 1074 1668 1521 1217 1042 1039 454 302 442 505 442 477 498 534 560 669 -9999 -9999 -9999 -9999 -9999 -9999 -9999 -9999 -9999 -9999 -9999 -9999 -9999 -9999 -9999 -9999 -9999 -9999 -9999 -9999 -9999 -9999 -9999 -9999 -9999 -9999 -9999 -9999 -9999 -9999 -9999
-9999 843 1257 663 1099 749 1044 1588 1901 1548 610 315 467 1546 1918 5481 13791 11141 1741 1771 1455 1810 1166 1228 1184 919 952 1537 1399 1634 1256 862 699 741 974 979 719 882 976 690 635 414 767 672 905 612 365 319 340 516 982 441 553 852 913 637 -9999 -9999 -9999 -9999 -9999 -9999 -9999 -9999 -9999 -9999 -9999 -9999 -9999 -9999 -9999 -9999 -9999 -9999 -9999 -9999 -9999 -9999 -9999 -9999 -9999 -9999 -9999 -9999 -9999 -9999 -9999 -9999
-9999 507 824 1413 1606 874 838 1676 1354 1407 498 432 726 1446 1888 3056 3403 2720 1466 1915 1580 1554 912 1021 1087 934 1067 1084 812 1029 1559 803 1039 1014 1040 972 650 638 668 611 448 464 669 586 605 401 377 364 430 567 839 452 410 599 665 599 680 -9999 -9999 -9999 -9999 -9999 -9999 -9999 -9999 -9999 -9999 -9999 -9999 -9999 -9999 -9999 -9999 -9999 -9999 -9999 -9999 -9999 -9999 -9999 -9999 -9999 -9999 -9999 -9999 -9999 -9999 -9999
-9999 755 2210 1576 1349 1471 912 857 957 839 600 528 862 1127 1399 2206 3043 2135 1244 1900 1223 863 771 1040 817 810 836 915 696 697 964 1291 1407 1185 925 862 570 690 642 641 575 600 449 644 579 514 651 555 513 652 815 437 416 482 502 672 1085 -9999 -9999 -9999 -9999 -9999 -9999 -9999 -9999 -9999 -9999 -9999 -9999 -9999 -9999 -9999 -9999 -9999 -9999 -9999 -9999 -9999 -9999 -9999 -9999 -9999 -9999 -9999 -9999 -9999 -9999 -9999
-9999 1029 1675 1284 1674 1213 641 636 1104 787 744 1299 980 1317 984 1763 2635 1633 999 1153 1000 759 650 690 734 735 749 799 635 643 934 1144 1360 1059 779 605 578 779 628 617 470 439 595 615 411 410 518 535 769 707 781 606 490 717 876 1179 1071 -9999 -9999 -9999 -9999 -9999 -9999 -9999 -9999 -9999 -9999 -9999 -9999 -9999 -9999 -9999 -9999 -9999 -9999 -9999 -9999 -9999 -9999 -9999 -9999 -9999 -9999 -9999 -9999 -9999 -9999 -9999
1058 1613 1464 1354 1721 1948 1308 791 1330 967 794 1632 1174 810 602 1344 2444 1441 1823 1015 849 891 773 654 895 860 748 754 647 626 757 932 880 1513 944 697 607 601 562 514 360 407 739 494 365 344 360 385 657 504 778 900 707 683 857 1390 1117 768 -9999 -9999 -9999 -9999 -9999 -9999 -9999 -9999 -9999 -9999 -9999 -9999 -9999 -9999 -9999 -9999 -9999 -9999 -9999 -9999 -9999 -9999 -9999 -9999 -9999 -9999 -9999 -9999 -9999 -9999
937 1494 1538 1443 1044 1601 1455 477 771 540 1230 882 725 625 1022 1102 1114 1077 1441 1204 944 1130 774 667 725 727 754 896 954 690 677 716 780 913 738 779 1326 982 607 455 338 390 578 537 405 356 348 412 682 747 905 1448 1004 701 695 882 855 987 850 485 -9999 -9999 -9999 -9999 -9999 -9999 -9999 -9999 -9999 -9999 -9999 -9999 -9999 -9999 -9999 -9999 -9999 -9999 -9999 -9999 -9999 -9999 -9999 -9999 -9999 -9999 -9999 -9999
-9999 838 1850 1414 959 914 654 407 528 438 976 969 1273 617 916 1227 571 737 735 816 777 926 695 598 622 645 655 703 854 1002 748 918 909 647 749 667 1409 1209 727 417 450 485 658 631 470 419 385 676 1328 1216 1415 3300 1225 863 954 718 706 854 750 -9999 -9999 -9999 -9999 -9999 -9999 -9999 -9999 -9999 -9999 -9999 -9999 -9999 -9999 -9999 -9999 -9999 -9999 -9999 -9999 -9999 -9999 -9999 -9999 -9999 -9999 -9999 -9999 -9999
-9999 -9999 919 1690 749 528 520 318 354 392 655 1025 1114 1636 1159 670 510 799 605 472 612 631 568 580 670 704 597 764 794 731 849 859 654 655 573 595 754 992 676 592 1151 866 1022 1741 872 707 557 737 2255 1856 2415 6405 1854 774 878 721 602 665 -9999 -9999 -9999 -9999 -9999 -9999 -9999 -9999 -9999 -9999 -9999 -9999 -9999 -9999 -9999 -9999 -9999 -9999 -9999 -9999 -9999 -9999 -9999 -9999 -9999 -9999 -9999 -9999 -9999 -9999
-9999 -9999 -9999 -9999 -9999 -9999 -9999 -9999 -9999 435 522 811 1517 6536 1302 567 586 800 448 372 382 493 507 673 610 810 635 643 675 883 897 757 661 772 731 580 628 627 572 476 853 774 817 2033 1189 705 527 562 692 1298 1821 1540 1054 824 637 557 348 343 404 -9999 -9999 -9999 -9999 -9999 -9999 -9999 -9999 -9999 -9999 -9999 -9999 -9999 -9999 -9999 -9999 -9999 -9999 -9999 -9999 -9999 -9999 -9999 -9999 -9999 -9999 -9999 -9999 -9999
-9999 -9999 -9999 -9999 -9999 -9999 -9999 -9999 -9999 420 673 1196 1412 863 863 780 837 537 420 348 347 383 400 622 801 676 764 881 876 675 747 722 678 754 767 579 526 557 537 421 603 530 527 965 1281 776 611 655 721 962 1053 899 777 857 695 592 421 369 449 437 -9999 -9999 -9999 -9999 -9999 -9999 -9999 -9999 -9999 -9999 -9999 -9999 -9999 -9999 -9999 -9999 -9999 -9999 -9999 -9999 -9999 -9999 -9999 -9999 -9999 -9999 -9999 -9999
-9999 -9999 -9999 -9999 -9999 -9999 -9999 -9999 -9999 423 840 1104 930 463 482 565 538 470 432 418 387 330 347 415 593 689 636 572 659 777 978 735 937 756 916 599 509 494 492 392 440 683 690 869 1447 1452 1070 646 476 486 692 810 697 420 408 590 758 1047 829 395 -9999 -9999 -9999 -9999 -9999 -9999 -9999 -9999 -9999 -9999 -9999 -9999 -9999 -9999 -9999 -9999 -9999 -9999 -9999 -9999 -9999 -9999 -9999 -9999 -9999 -9999 -9999 -9999
-9999 -9999 -9999 -9999 -9999 -9999 -9999 -9999 -9999 -9999 722 486 460 432 541 640 783 607 545 524 392 328 326 391 637 557 490 467 625 705 563 590 666 601 848 627 557 655 993 512 417 760 667 754 1217 1505 779 532 415 340 259 339 374 361 321 454 1300 1804 1183 741 -9999 -9999 -9999 -9999 -9999 -9999 -9999 -9999 -9999 -9999 -9999 -9999 -9999 -9999 -9999 -9999 -9999 -9999 -9999 -9999 -9999 -9999 -9999 -9999 -9999 -9999 -9999 -9999
-9999 -9999 -9999 -9999 -9999 -9999 -9999 -9999 -9999 -9999 254 385 534 574 569 767 792 530 549 406 390 363 393 492 780 542 462 477 567 586 467 432 515 611 1379 949 1043 1191 1169 631 648 624 581 652 774 884 637 566 507 515 372 305 350 304 313 333 950 1079 904 582 -9999 -9999 -9999 -9999 -9999 -9999 -9999 -9999 -9999 -9999 -9999 -9999 -9999 -9999 -9999 -9999 -9999 -9999 -9999 -9999 -9999 -9999 -9999 -9999 -9999 -9999 -9999 -9999
-9999 -9999 -9999 -9999 -9999 -9999 -9999 -9999 -9999 -9999 -9999 -9999 585 536 563 794 532 439 418 378 368 419 440 522 968 585 502 499 539 480 432 421 485 892 1078 1076 1184 1718 1316 1092 974 676 527 647 804 966 752 765 823 407 303 343 367 301 364 338 768 717 524 745 -9999 -9999 -9999 -9999 -9999 -9999 -9999 -9999 -9999 -9999 -9999 -9999 -9999 -9999 -9999 -9999 -9999 -9999 -9999 -9999 -9999 -9999 -9999 -9999 -9999 -9999 -9999 -9999
-9999 -9999 -9999 -9999 -9999 -9999 -9999 -9999 -9999 -9999 -9999 -9999 643 414 397 453 430 592 462 394 465 455 433 502 810 803 567 522 622 560 485 445 464 523 804 917 1060 1180 1259 1100 1009 796 511 572 662 1074 707 749 1049 468 426 449 485 355 360 371 499 565 432 561 -9999 -9999 -9999 -9999 -9999 -9999 -9999 -9999 -9999 -9999 -9999 -9999 -9999 -9999 -9999 -9999 -9999 -9999 -9999 -9999 -9999 -9999 -9999 -9999 -9999 -9999 -9999 -9999
-9999 -9999 -9999 -9999 -9999 -9999 -9999 -9999 -9999 -9999 -9999 -9999 432 422 320 296 333 387 605 436 631 610 536 490 567 752 570 568 586 761 537 456 439 418 500 878 1186 1120 1046 961 878 758 497 512 650 1316 726 638 655 525 491 512 535 455 445 452 496 625 422 496 -9999 -9999 -9999 -9999 -9999 -9999 -9999 -9999 -9999 -9999 -9999 -9999 -9999 -9999 -9999 -9999 -9999 -9999 -9999 -9999 -9999 -9999 -9999 -9999 -9999 -9999 -9999 -9999
-9999 -9999 -9999 -9999 -9999 -9999 -9999 -9999 -9999 -9999 -9999 -9999 440 412 346 294 291 328 399 372 612 1221 762 647 579 1023 909 670 469 492 516 459 420 391 583 999 1312 1042 -9999 -9999 -9999 -9999 -9999 -9999 -9999 490 540 623 562 574 -9999 401 590 852 745 819 704 715 460 718 -9999 -9999 -9999 -9999 -9999 -9999 -9999 -9999 -9999 -9999 -9999 -9999 -9999 -9999 -9999 -9999 -9999 -9999 -9999 -9999 -9999 -9999 -9999 -9999 -9999 -9999 -9999 -9999
-9999 -9999 -9999 -9999 -9999 -9999 -9999 -9999 -9999 -9999 -9999 -9999 -9999 -9999 196 301 285 281 289 301 463 909 626 622 752 703 676 714 475 435 452 429 400 436 318 -9999 -9999 -9999 -9999 -9999 -9999 -9999 -9999 -9999 -9999 -9999 -9999 -9999 382 392 -9999 547 978 1107 742 771 1221 1227 498 645 -9999 -9999 -9999 -9999 -9999 -9999 -9999 -9999 -9999 -9999 -9999 -9999 -9999 -9999 -9999 -9999 -9999 -9999 -9999 -9999 -9999 -9999 -9999 -9999 -9999 -9999 -9999 -9999
-9999 -9999 -9999 -9999 -9999 -9999 -9999 -9999 -9999 -9999 -9999 -9999 -9999 -9999 -9999 -9999 298 286 268 287 386 462 586 1092 849 627 518 646 469 470 -9999 418 -9999 -9999 -9999 -9999 -9999 -9999 -9999 -9999 -9999 -9999 -9999 -9999 -9999 -9999 -9999 -9999 -9999 -9999 -9999 -9999 -9999 1701 1030 470 520 542 500 869 654 -9999 -9999 -9999 -9999 -9999 -9999 -9999 -9999 -9999 -9999 -9999 -9999 -9999 -9999 -9999 -9999 -9999 -9999 -9999 -9999 -9999 -9999 -9999 -9999 -9999 -9999 -9999
