GIS/bfa_beta.asc
ncols         173
nrows         126
xllcorner     224227.65281
yllcorner     1039207.04677
cellsize      5000
NODATA_value  -9999
[rows 36 to 71 of 126, columns 0 to 79 of 173]
-9999 -9999 -9999 -9999 -9999 -9999 -9999 -9999 -9999 -9999 -9999 -9999 -9999 -9999 -9999 -9999 -9999 -9999 -9999 -9999 -9999 -9999 -9999 -9999 -9999 -9999 -9999 -9999 -9999 -9999 -9999 -9999 -9999 -9999 0.955 -9999 -9999 -9999 -9999 -9999 -9999 -9999 -9999 -9999 -9999 -9999 -9999 -9999 -9999 0.675 0.505 0.53 0.405 0.445 0.465 0.36 0.41 0.245 0.355 0.365 0.28 0.33 0.355 0.25 0.235 0.205 0.205 0.2 0.2 0.225 0.265 0.21 0.235 0.195 0.2 0.245 0.26 0.235 0.23 0.23
-9999 -9999 -9999 -9999 -9999 -9999 -9999 -9999 -9999 -9999 -9999 -9999 -9999 -9999 -9999 -9999 -9999 -9999 -9999 -9999 -9999 -9999 -9999 -9999 -9999 -9999 -9999 -9999 -9999 -9999 -9999 -9999 0.71 0.91 -9999 -9999 -9999 -9999 -9999 -9999 -9999 -9999 -9999 -9999 -9999 -9999 -9999 -9999 -9999 0.815 0.535 0.35 0.37 0.35 0.465 0.4 0.32 0.24 0.27 0.28 0.24 0.245 0.3 0.35 0.2 0.195 0.24 0.215 0.19 0.19 0.225 0.275 0.22 0.23 0.195 0.195 0.24 0.195 0.19 0.225
-9999 -9999 -9999 -9999 -9999 -9999 -9999 -9999 -9999 -9999 -9999 -9999 -9999 -9999 -9999 -9999 -9999 -9999 -9999 -9999 -9999 -9999 -9999 -9999 -9999 -9999 -9999 -9999 -9999 -9999 -9999 0.915 1.145 0.775 0.865 1.025 1.16 1.15 -9999 -9999 -9999 -9999 -9999 -9999 -9999 -9999 -9999 -9999 -9999 -9999 0.495 0.37 0.4 0.315 0.325 0.31 0.34 0.22 0.255 0.255 0.24 0.31 0.225 0.325 0.195 0.225 0.255 0.26 0.2 0.185 0.225 0.17 0.19 0.245 0.225 0.17 0.215 0.205 0.2 0.2
-9999 -9999 -9999 -9999 -9999 -9999 -9999 -9999 -9999 -9999 -9999 -9999 -9999 -9999 -9999 -9999 -9999 -9999 -9999 -9999 -9999 -9999 -9999 -9999 -9999 -9999 -9999 -9999 -9999 -9999 -9999 1.135 0.83 0.93 0.84 1.165 1.18 1.165 1.12 -9999 -9999 -9999 -9999 -9999 -9999 -9999 -9999 -9999 -9999 -9999 0.495 0.41 0.485 0.56 0.38 0.3 0.355 0.28 0.185 0.23 0.28 0.23 0.21 0.25 0.26 0.21 0.28 0.245 0.175 0.215 0.19 0.2 0.2 0.24 0.24 0.185 0.195 0.175 0.18 0.2
-9999 -9999 -9999 -9999 -9999 -9999 -9999 -9999 -9999 -9999 -9999 -9999 -9999 -9999 -9999 -9999 -9999 -9999 -9999 -9999 -9999 -9999 -9999 -9999 -9999 -9999 -9999 -9999 -9999 0.97 1.09 1.115 1.08 0.7 1.105 1.125 1.185 1.125 1.045 1.045 -9999 -9999 -9999 -9999 -9999 -9999 0.455 0.65 0.93 0.685 0.575 0.475 0.615 0.93 0.36 0.315 0.3 0.23 0.275 0.23 0.27 0.23 0.225 0.175 0.24 0.195 0.17 0.245 0.24 0.245 0.245 0.245 0.175 0.175 0.2 0.17 0.19 0.175 0.275 0.215
-9999 -9999 -9999 -9999 -9999 -9999 -9999 -9999 -9999 -9999 -9999 -9999 -9999 -9999 -9999 -9999 -9999 -9999 -9999 -9999 -9999 -9999 -9999 -9999 -9999 -9999 -9999 -9999 0.745 0.995 1.03 0.935 0.73 0.715 1.11 1.15 1.125 1.14 1.14 1.125 1.08 0.7 -9999 -9999 -9999 -9999 0.48 0.6 0.515 0.575 0.35 0.4 0.93 0.455 0.465 0.305 0.3 0.255 0.265 0.235 0.245 0.205 0.18 0.17 0.175 0.18 0.215 0.245 0.21 0.19 0.2 0.19 0.195 0.185 0.19 0.185 0.19 0.185 0.2 0.21
-9999 -9999 -9999 -9999 -9999 -9999 -9999 -9999 -9999 -9999 -9999 -9999 -9999 -9999 -9999 -9999 -9999 -9999 -9999 -9999 -9999 -9999 -9999 -9999 -9999 -9999 -9999 0.415 0.83 1.005 0.97 1.055 0.535 0.845 0.8 1.04 1.185 1.12 1.12 1.12 0.9 0.71 0.86 -9999 -9999 -9999 0.345 0.505 0.47 0.41 0.4 0.44 0.45 0.47 0.455 0.275 0.265 0.23 0.225 0.23 0.195 0.165 0.16 0.16 0.175 0.195 0.215 0.225 0.2 0.15 0.165 0.18 0.185 0.195 0.18 0.2 0.175 0.165 0.185 0.19
-9999 -9999 -9999 -9999 -9999 -9999 -9999 -9999 -9999 -9999 -9999 -9999 -9999 -9999 -9999 -9999 -9999 -9999 -9999 -9999 -9999 -9999 -9999 -9999 -9999 -9999 0.485 0.575 0.845 0.865 0.935 0.79 0.665 0.915 0.94 1.13 1.04 1.11 1.175 1.125 1.11 1.185 1.175 0.605 0.86 0.49 0.34 0.65 0.685 0.415 0.405 0.535 0.375 0.455 0.42 0.265 0.26 0.245 0.32 0.27 0.185 0.185 0.165 0.185 0.19 0.26 0.245 0.185 0.195 0.15 0.195 0.185 0.165 0.155 0.14 0.165 0.155 0.135 0.14 0.19
-9999 -9999 -9999 -9999 -9999 -9999 -9999 -9999 -9999 -9999 -9999 -9999 -9999 -9999 -9999 -9999 -9999 -9999 -9999 -9999 -9999 -9999 -9999 -9999 -9999 -9999 -9999 0.75 0.49 0.47 0.765 0.72 0.85 0.86 1.08 0.84 1.03 0.86 1.025 0.815 0.66 0.54 0.86 1.165 0.695 0.405 0.445 0.465 0.47 0.42 0.375 0.485 0.45 0.425 0.255 0.335 0.305 0.275 0.26 0.215 0.275 0.26 0.21 0.215 0.175 0.22 0.275 0.195 0.165 0.17 0.155 0.205 0.155 0.105 0.13 0.165 0.165 0.185 0.17 0.175
-9999 -9999 -9999 -9999 -9999 -9999 -9999 -9999 -9999 -9999 -9999 -9999 -9999 -9999 -9999 -9999 -9999 -9999 -9999 -9999 -9999 -9999 -9999 -9999 -9999 -9999 -9999 0.47 0.565 0.635 0.67 0.585 0.58 0.62 0.805 0.71 0.78 0.96 0.895 0.815 0.54 0.65 0.82 0.55 0.51 0.44 0.445 0.425 0.35 0.38 0.48 0.455 0.355 0.32 0.23 0.315 0.23 0.23 0.245 0.3 0.265 0.28 0.285 0.255 0.175 0.195 0.19 0.195 0.22 0.195 0.195 0.165 0.17 0.1 0.12 0.12 0.195 0.225 0.195 0.19
-9999 -9999 -9999 -9999 -9999 -9999 -9999 -9999 -9999 -9999 -9999 -9999 -9999 -9999 -9999 -9999 -9999 -9999 -9999 -9999 -9999 -9999 -9999 -9999 -9999 -9999 -9999 -9999 0.73 0.66 0.795 0.785 0.665 0.61 0.65 0.815 0.6975 1.01 0.785 0.8 0.87 0.815 0.61 0.765 0.525 0.365 0.475 0.395 0.48 0.41 0.615 0.47 0.48 0.385 0.42 0.3 0.315 0.265 0.28 0.335 0.21 0.2 0.255 0.265 0.18 0.185 0.275 0.215 0.21 0.185 0.19 0.15 0.195 0.175 0.125 0.115 0.195 0.19 0.155 0.185
-9999 -9999 -9999 -9999 -9999 -9999 -9999 -9999 -9999 -9999 -9999 -9999 -9999 -9999 -9999 -9999 -9999 -9999 -9999 -9999 -9999 -9999 -9999 -9999 -9999 -9999 -9999 -9999 0.615 0.765 0.635 0.63 0.645 0.73 0.61 0.53 0.675 0.815 0.75 0.87 0.795 0.62 0.695 1.135 0.435 0.37 0.355 0.485 0.48 0.44 0.55 0.48 0.37 0.3 0.42 0.265 0.28 0.225 0.225 0.22 0.255 0.265 0.255 0.19 0.225 0.225 0.275 0.175 0.185 0.165 0.195 0.14 0.195 0.175 0.165 0.115 0.2 0.22 0.19 0.215
-9999 -9999 -9999 -9999 -9999 -9999 -9999 -9999 -9999 -9999 -9999 -9999 -9999 -9999 -9999 -9999 -9999 -9999 -9999 -9999 -9999 -9999 -9999 -9999 -9999 -9999 -9999 -9999 0.47 0.55 0.57 0.59 0.6 0.53 0.66 0.63 0.6 0.855 0.65 0.52 0.63 0.505 0.785 0.81 0.51 0.455 0.42 0.395 0.405 0.48 0.575 0.415 0.35 0.38 0.37 0.28 0.255 0.255 0.275 0.245 0.25 0.255 0.235 0.195 0.225 0.195 0.175 0.185 0.18 0.135 0.155 0.115 0.195 0.19 0.19 0.245 0.265 0.245 0.26 0.245
-9999 -9999 -9999 -9999 -9999 -9999 -9999 -9999 -9999 -9999 -9999 -9999 -9999 -9999 -9999 -9999 -9999 -9999 -9999 -9999 -9999 -9999 -9999 -9999 -9999 -9999 -9999 -9999 0.485 0.525 0.6 0.625 0.59 0.715 0.8 0.495 0.48 0.605 0.585 0.455 0.49 0.465 0.485 0.855 0.48 0.505 0.365 0.495 0.52 0.575 0.545 0.425 0.33 0.36 0.38 0.26 0.255 0.255 0.2 0.245 0.26 0.21 0.235 0.195 0.19 0.185 0.175 0.16 0.165 0.155 0.175 0.2 0.17 0.2 0.195 0.245 0.22 0.23 0.245 0.23
-9999 -9999 -9999 -9999 -9999 -9999 -9999 -9999 -9999 -9999 -9999 -9999 -9999 -9999 -9999 -9999 -9999 -9999 -9999 -9999 -9999 -9999 -9999 -9999 -9999 -9999 -9999 -9999 0.55 0.515 0.545 0.465 0.6 0.805 0.635 0.49 0.495 0.515 0.655 0.455 0.41 0.545 0.62 0.685 0.54 0.48 0.495 0.41 0.48 0.4 0.43 0.34 0.375 0.36 0.32 0.29 0.28 0.215 0.165 0.25 0.25 0.225 0.275 0.195 0.215 0.195 0.195 0.16 0.135 0.16 0.18 0.195 0.155 0.175 0.275 0.18 0.22 0.245 0.24 0.24
-9999 -9999 -9999 -9999 -9999 -9999 -9999 -9999 -9999 -9999 -9999 -9999 -9999 -9999 -9999 -9999 -9999 -9999 -9999 -9999 -9999 -9999 -9999 -9999 -9999 -9999 -9999 -9999 0.485 0.6 0.425 0.495 0.55 0.565 0.61 0.63 0.5 0.46 0.47 0.475 0.47 0.575 0.495 0.73 0.635 0.65 0.445 0.53 0.55 0.37 0.335 0.32 0.335 0.315 0.295 0.23 0.23 0.245 0.19 0.225 0.22 0.17 0.215 0.215 0.275 0.195 0.18 0.155 0.155 0.165 0.2 0.195 0.155 0.17 0.275 0.165 0.15 0.155 0.165 0.175
-9999 -9999 -9999 -9999 -9999 -9999 -9999 -9999 -9999 -9999 -9999 -9999 -9999 -9999 -9999 -9999 -9999 -9999 -9999 -9999 -9999 -9999 -9999 -9999 0.42 0.41 -9999 -9999 0.41 0.485 0.435 0.41 0.495 0.495 0.49 0.465 0.39 0.415 0.545 0.425 0.63 0.525 0.61 0.76 0.6 0.61 0.39 0.55 0.46 0.37 0.365 0.36 0.315 0.275 0.265 0.24 0.24 0.205 0.245 0.19 0.195 0.22 0.205 0.2 0.185 0.18 0.16 0.17 0.185 0.16 0.12 0.145 0.15 0.195 0.19 0.135 0.135 0.155 0.125 0.13
-9999 -9999 -9999 -9999 -9999 -9999 -9999 -9999 -9999 -9999 -9999 -9999 -9999 -9999 -9999 -9999 -9999 -9999 -9999 -9999 -9999 -9999 -9999 0.31 0.395 0.45 0.355 0.37 0.41 0.435 0.505 0.45 0.49 0.41 0.48 0.37 0.36 0.37 0.425 0.405 0.815 0.855 0.75 0.72 0.495 0.465 0.35 0.795 0.35 0.38 0.295 0.31 0.285 0.255 0.28 0.195 0.245 0.215 0.215 0.215 0.22 0.18 0.2 0.195 0.17 0.17 0.195 0.19 0.145 0.115 0.125 0.11 0.13 0.17 0.16 0.125 0.115 0.105 0.11 0.1
-9999 -9999 -9999 -9999 -9999 -9999 -9999 -9999 -9999 -9999 -9999 -9999 -9999 -9999 -9999 -9999 -9999 -9999 -9999 -9999 -9999 -9999 -9999 0.38 0.325 0.35 0.41 0.37 0.56 0.51 0.515 0.45 0.4375 0.495 0.545 0.365 0.475 0.39 0.385 0.535 0.53 0.65 0.93 0.65 0.6 0.46 0.475 0.575 0.44 0.44 0.33 0.26 0.29 0.25 0.32 0.23 0.245 0.195 0.215 0.21 0.205 0.16 0.195 0.17 0.145 0.145 0.2 0.185 0.155 0.135 0.155 0.12 0.15 0.145 0.15 0.14 0.155 0.155 0.115 0.1
-9999 -9999 -9999 -9999 -9999 -9999 -9999 -9999 -9999 -9999 -9999 -9999 -9999 -9999 -9999 -9999 -9999 -9999 -9999 -9999 -9999 -9999 -9999 -9999 0.37 0.48 0.425 0.55 0.405 0.405 0.39 0.395 0.37 0.29 0.255 0.325 0.38 0.36 0.465 0.455 0.405 0.37 0.405 0.44 0.355 0.38 0.475 0.44 0.33 0.32 0.33 0.295 0.3 0.29 0.27 0.24 0.235 0.235 0.19 0.25 0.26 0.205 0.225 0.185 0.145 0.185 0.165 0.14 0.13 0.12 0.13 0.1 0.105 0.155 0.11 0.105 0.09 0.085 0.105 0.095
-9999 -9999 -9999 -9999 -9999 -9999 -9999 -9999 -9999 -9999 -9999 -9999 -9999 -9999 -9999 -9999 -9999 -9999 -9999 -9999 -9999 -9999 -9999 -9999 -9999 0.355 0.53 0.43 0.465 0.425 0.35 0.265 0.295 0.34 0.37 0.38 0.38 0.365 0.31 0.38 0.42 0.4 0.42 0.375 0.36 0.36 0.41 0.36 0.32 0.33 0.325 0.33 0.335 0.26 0.23 0.17 0.215 0.21 0.19 0.23 0.17 0.23 0.21 0.195 0.17 0.18 0.17 0.135 0.14 0.13 0.14 0.14 0.13 0.09 0.095 0.095 0.08 0.08 0.08 0.075
-9999 -9999 -9999 -9999 -9999 -9999 -9999 -9999 -9999 -9999 -9999 -9999 -9999 -9999 -9999 -9999 -9999 -9999 -9999 -9999 -9999 -9999 -9999 -9999 0.37 0.455 0.55 0.38 0.405 0.41 0.37 0.265 0.385 0.37 0.37 0.405 0.375 0.345 0.325 0.31 0.31 0.285 0.265 0.265 0.28 0.35 0.34 0.43 0.38 0.31 0.31 0.31 0.285 0.255 0.235 0.215 0.215 0.215 0.215 0.23 0.17 0.2 0.23 0.195 0.19 0.195 0.145 0.135 0.15 0.145 0.15 0.165 0.14 0.09 0.105 0.09 0.095 0.095 0.1 0.08
-9999 -9999 -9999 -9999 -9999 -9999 -9999 -9999 -9999 -9999 -9999 -9999 -9999 -9999 -9999 -9999 -9999 -9999 -9999 -9999 -9999 -9999 -9999 -9999 0.48 0.355 0.37 0.44 0.455 0.37 0.395 0.38 0.395 0.43 0.37 0.36 0.385 0.33 0.335 0.29 0.29 0.32 0.23 0.27 0.26 0.22 0.34 0.38 0.365 0.28 0.33 0.31 0.355 0.215 0.19 0.19 0.265 0.225 0.21 0.215 0.22 0.195 0.23 0.225 0.21 0.225 0.17 0.165 0.16 0.14 0.14 0.15 0.14 0.14 0.15 0.12 0.095 0.135 0.1 0.08
-9999 -9999 -9999 -9999 -9999 -9999 -9999 -9999 -9999 -9999 -9999 -9999 -9999 -9999 -9999 -9999 -9999 -9999 -9999 -9999 -9999 -9999 -9999 -9999 0.425 0.415 0.355 0.535 0.455 0.435 0.33 0.34 0.39 0.4 0.395 0.33 0.3 0.345 0.295 0.265 0.225 0.195 0.225 0.23 0.275 0.245 0.34 0.335 0.36 0.36 0.38 0.38 0.285 0.22 0.215 0.195 0.28 0.23 0.225 0.26 0.215 0.195 0.195 0.18 0.18 0.17 0.18 0.14 0.14 0.15 0.155 0.155 0.15 0.155 0.135 0.13 0.105 0.115 0.085 0.095
-9999 -9999 -9999 -9999 -9999 -9999 -9999 -9999 -9999 -9999 -9999 -9999 -9999 -9999 -9999 -9999 -9999 -9999 -9999 -9999 -9999 -9999 -9999 -9999 0.375 0.405 0.485 0.465 0.385 0.3 0.33 0.33 0.335 0.365 0.34 0.3 0.29 0.27 0.28 0.265 0.28 0.25 0.29 0.23 0.28 0.28 0.24 0.305 0.295 0.33 0.295 0.325 0.335 0.265 0.28 0.28 0.28 0.215 0.21 0.235 0.255 0.24 0.195 0.185 0.155 0.155 0.155 0.155 0.13 0.165 0.14 0.15 0.175 0.14 0.13 0.11 0.105 0.095 0.085 0.1
-9999 -9999 -9999 -9999 -9999 -9999 -9999 -9999 -9999 -9999 -9999 -9999 -9999 -9999 -9999 -9999 -9999 -9999 -9999 -9999 -9999 -9999 -9999 0.405 0.45 0.48 0.55 0.4 0.3 0.325 0.405 0.38 0.385 0.34 0.295 0.36 0.255 0.29 0.28 0.265 0.28 0.29 0.335 0.225 0.26 0.29 0.29 0.24 0.33 0.29 0.295 0.295 0.3 0.305 0.27 0.27 0.275 0.215 0.22 0.235 0.29 0.255 0.21 0.185 0.15 0.16 0.15 0.155 0.17 0.17 0.16 0.17 0.16 0.13 0.145 0.125 0.14 0.12 0.125 0.155
-9999 -9999 -9999 -9999 -9999 -9999 -9999 -9999 -9999 -9999 -9999 -9999 -9999 -9999 -9999 -9999 -9999 -9999 -9999 -9999 -9999 -9999 0.575 0.53 0.535 0.41 0.35 0.375 0.475 0.395 0.365 0.335 0.34 0.335 0.295 0.325 0.29 0.365 0.275 0.23 0.23 0.42 0.26 0.275 0.23 0.29 0.335 0.32 0.29 0.42 0.33 0.33 0.24 0.325 0.255 0.23 0.24 0.24 0.215 0.26 0.26 0.26 0.235 0.215 0.16 0.135 0.14 0.16 0.17 0.195 0.185 0.14 0.155 0.13 0.13 0.15 0.135 0.15 0.13 0.13
-9999 -9999 -9999 -9999 -9999 -9999 -9999 -9999 -9999 -9999 -9999 -9999 -9999 -9999 -9999 -9999 -9999 -9999 -9999 -9999 -9999 0.535 0.575 0.49 0.535 0.43 0.37 0.355 0.475 0.355 0.325 0.34 0.335 0.37 0.33 0.32 0.24 0.255 0.25 0.23 0.34 0.255 0.23 0.27 0.42 0.42 0.3 0.32 0.33 0.42 0.3 0.295 0.24 0.215 0.25 0.23 0.23 0.205 0.255 0.385 0.415 0.35 0.295 0.25 0.195 0.18 0.14 0.16 0.125 0.11 0.16 0.16 0.16 0.13 0.14 0.14 0.155 0.15 0.125 0.125
-9999 -9999 -9999 -9999 -9999 -9999 -9999 -9999 -9999 -9999 -9999 -9999 -9999 -9999 -9999 -9999 -9999 -9999 -9999 -9999 -9999 0.35 0.82 0.545 0.575 0.47 0.435 0.425 0.39 0.455 0.435 0.31 0.345 0.425 0.32 0.265 0.28 0.255 0.215 0.28 0.31 0.305 0.23 0.3 0.31 0.37 0.365 0.32 0.36 0.325 0.27 0.265 0.29 0.23 0.225 0.285 0.195 0.25 0.225 0.385 0.365 0.36 0.235 0.275 0.215 0.145 0.145 0.175 0.145 0.1 0.16 0.19 0.17 0.15 0.155 0.135 0.14 0.15 0.15 0.14
-9999 -9999 -9999 -9999 -9999 -9999 -9999 -9999 -9999 -9999 -9999 -9999 -9999 -9999 -9999 -9999 -9999 -9999 -9999 -9999 -9999 0.41 0.555 0.51 0.485 0.455 0.43 0.47 0.51 0.435 0.37 0.33 0.295 0.36 0.34 0.36 0.255 0.225 0.195 0.27 0.3 0.255 0.29 0.315 0.39 0.42 0.29 0.285 0.32 0.33 0.265 0.275 0.3 0.3 0.29 0.355 0.22 0.25 0.23 0.23 0.295 0.235 0.26 0.285 0.225 0.17 0.155 0.195 0.215 0.18 0.175 0.195 0.185 0.16 0.155 0.155 0.155 0.115 0.125 0.115
-9999 -9999 -9999 -9999 -9999 -9999 -9999 -9999 -9999 -9999 -9999 -9999 -9999 -9999 -9999 -9999 -9999 -9999 -9999 0.575 0.515 0.575 0.65 0.63 0.515 0.43 0.46 0.53 0.345 0.375 0.33 0.33 0.33 0.29 0.295 0.29 0.28 0.295 0.3 0.255 0.265 0.29 0.3 0.3 0.335 0.29 0.32 0.29 0.3 0.295 0.22 0.2875 0.31 0.31 0.29 0.255 0.305 0.3 0.35 0.29 0.295 0.295 0.26 0.24 0.2 0.2 0.265 0.27 0.21 0.195 0.17 0.15 0.21 0.19 0.19 0.19 0.145 0.165 0.13 0.13
-9999 -9999 -9999 -9999 -9999 -9999 -9999 -9999 -9999 -9999 -9999 -9999 -9999 -9999 -9999 -9999 -9999 -9999 0.575 0.565 0.59 0.515 0.515 0.605 0.75 0.425 0.415 0.385 0.385 0.355 0.245 0.325 0.295 0.335 0.27 0.28 0.28 0.36 0.26 0.255 0.275 0.28 0.24 0.335 0.26 0.3 0.27 0.255 0.26 0.28 0.23 0.195 0.29 0.23 0.23 0.29 0.225 0.365 0.3 0.385 0.235 0.285 0.215 0.205 0.23 0.24 0.19 0.18 0.225 0.195 0.155 0.175 0.195 0.195 0.195 0.195 0.14 0.13 0.13 0.16
-9999 -9999 -9999 -9999 -9999 -9999 -9999 -9999 -9999 -9999 -9999 -9999 0.515 0.42 0.365 0.45 0.535 0.45 0.45 0.41 0.48 0.435 0.43 0.725 0.51 0.39 0.445 0.385 0.41 0.37 0.33 0.31 0.375 0.33 0.235 0.23 0.295 0.27 0.28 0.23 0.28 0.28 0.265 0.29 0.24 0.305 0.295 0.285 0.26 0.26 0.25 0.25 0.26 0.28 0.255 0.26 0.28 0.29 0.415 0.415 0.36 0.235 0.295 0.275 0.23 0.24 0.24 0.21 0.175 0.195 0.18 0.21 0.215 0.21 0.24 0.195 0.16 0.16 0.185 0.17
-9999 -9999 -9999 -9999 -9999 -9999 -9999 -9999 0.3 0.315 0.425 0.42 0.415 0.38 0.425 0.41 0.415 0.43 0.51 0.545 0.445 0.42 0.41 0.675 0.445 0.455 0.43 0.435 0.43 0.43 0.385 0.39 0.4 0.405 0.195 0.265 0.285 0.24 0.25 0.19 0.24 0.26 0.29 0.24 0.28 0.225 0.225 0.275 0.27 0.23 0.28 0.23 0.305 0.24 0.27 0.24 0.3 0.29 0.33 0.33 0.22 0.26 0.295 0.275 0.22 0.25 0.28 0.275 0.21 0.195 0.2 0.235 0.22 0.16 0.19 0.23 0.225 0.15 0.18 0.15
-9999 -9999 -9999 -9999 -9999 -9999 -9999 0.41 0.425 0.355 0.405 0.47 0.41 0.365 0.395 0.45 0.44 0.43 0.79 0.47 0.43 0.45 0.445 0.69 0.53 0.51 0.39 0.365 0.435 0.395 0.37 0.355 0.395 0.255 0.195 0.195 0.21 0.23 0.25 0.21 0.23 0.23 0.28 0.26 0.28 0.245 0.22 0.285 0.24 0.245 0.19 0.29 0.29 0.29 0.26 0.3 0.295 0.26 0.295 0.295 0.25 0.245 0.235 0.235 0.27 0.22 0.22 0.205 0.21 0.27 0.235 0.22 0.17 0.145 0.2 0.245 0.18 0.24 0.275 0.25
-9999 -9999 -9999 -9999 -9999 -9999 0.3 0.315 0.375 0.425 0.445 0.525 0.41 0.47 0.405 0.625 0.49 0.48 0.5 0.52 0.545 0.41 0.63 0.49 0.515 0.45 0.34 0.32 0.345 0.34 0.345 0.35 0.355 0.31 0.205 0.28 0.215 0.195 0.24 0.24 0.215 0.19 0.195 0.24 0.23 0.17 0.22 0.23 0.215 0.245 0.21 0.29 0.29 0.26 0.28 0.23 0.27 0.28 0.205 0.26 0.355 0.255 0.235 0.31 0.27 0.235 0.22 0.245 0.23 0.22 0.26 0.36 0.24 0.195 0.17 0.18 0.2 0.235 0.22 0.17
