GIS/bfa_beta.asc
ncols         173
nrows         126
xllcorner     224227.65281
yllcorner     1039207.04677
cellsize      5000
NODATA_value  -9999
[rows 0 to 35 of 126, columns 80 to 159 of 173]
-9999 -9999 -9999 -9999 -9999 -9999 -9999 -9999 -9999 -9999 -9999 -9999 -9999 -9999 -9999 -9999 -9999 -9999 -9999 -9999 -9999 -9999 -9999 -9999 0.415 0.415 0.42 0.335 0.265 0.295 -9999 -9999 -9999 0.24 0.225 -9999 -9999 -9999 -9999 -9999 -9999 -9999 -9999 -9999 -9999 -9999 -9999 -9999 -9999 -9999 -9999 -9999 -9999 -9999 -9999 -9999 -9999 -9999 -9999 -9999 -9999 -9999 -9999 -9999 -9999 -9999 -9999 -9999 -9999 -9999 -9999 -9999 -9999 -9999 -9999 -9999 -9999 -9999 -9999 -9999
-9999 -9999 -9999 -9999 -9999 -9999 -9999 -9999 -9999 -9999 -9999 -9999 -9999 -9999 -9999 -9999 -9999 -9999 -9999 -9999 -9999 -9999 0.375 0.45 0.42 0.36 0.39 0.3 0.22 0.265 0.31 -9999 0.255 0.19 0.18 0.185 0.17 0.14 -9999 -9999 -9999 -9999 -9999 -9999 -9999 -9999 -9999 -9999 -9999 -9999 -9999 -9999 -9999 -9999 -9999 -9999 -9999 -9999 -9999 -9999 -9999 -9999 -9999 -9999 -9999 -9999 -9999 -9999 -9999 -9999 -9999 -9999 -9999 -9999 -9999 -9999 -9999 -9999 -9999 -9999
-9999 -9999 -9999 -9999 -9999 -9999 -9999 -9999 -9999 -9999 -9999 -9999 -9999 -9999 -9999 -9999 -9999 -9999 -9999 -9999 -9999 0.49 0.54 0.365 0.365 0.37 0.345 0.34 0.37 0.335 0.31 0.25 0.295 0.21 0.26 0.19 0.195 0.205 0.205 0.18 0.18 0.165 0.17 0.17 0.125 -9999 -9999 -9999 -9999 -9999 -9999 -9999 -9999 -9999 -9999 -9999 -9999 -9999 -9999 -9999 -9999 -9999 -9999 -9999 -9999 -9999 -9999 -9999 -9999 -9999 -9999 -9999 -9999 -9999 -9999 -9999 -9999 -9999 -9999 -9999
-9999 -9999 -9999 -9999 -9999 -9999 -9999 -9999 -9999 -9999 -9999 -9999 -9999 -9999 -9999 -9999 -9999 -9999 -9999 -9999 0.465 0.49 0.45 0.425 0.51 0.49 0.45 0.54 0.415 0.285 0.31 0.235 0.275 0.275 0.31 0.275 0.21 0.21 0.19 0.23 0.205 0.15 0.175 0.175 0.15 -9999 -9999 -9999 -9999 -9999 -9999 -9999 -9999 -9999 -9999 -9999 -9999 -9999 -9999 -9999 -9999 -9999 -9999 -9999 -9999 -9999 -9999 -9999 -9999 -9999 -9999 -9999 -9999 -9999 -9999 -9999 -9999 -9999 -9999 -9999
-9999 -9999 -9999 -9999 -9999 -9999 -9999 -9999 -9999 -9999 -9999 -9999 -9999 -9999 -9999 -9999 -9999 -9999 -9999 0.59 0.57 0.475 0.465 0.445 0.465 0.53 0.66 0.435 0.525 0.42 0.32 0.3 0.275 0.26 0.315 0.235 0.235 0.26 0.27 0.245 0.2 0.16 0.13 0.135 -9999 -9999 -9999 -9999 -9999 -9999 -9999 -9999 -9999 -9999 -9999 -9999 -9999 -9999 -9999 -9999 -9999 -9999 -9999 -9999 -9999 -9999 -9999 -9999 -9999 -9999 -9999 -9999 -9999 -9999 -9999 -9999 -9999 -9999 -9999 -9999
-9999 -9999 -9999 -9999 -9999 -9999 -9999 -9999 -9999 -9999 -9999 -9999 -9999 -9999 -9999 -9999 -9999 -9999 0.775 0.775 0.585 0.61 0.53 0.41 0.46 0.525 0.405 0.445 0.36 0.445 0.39 0.335 0.325 0.31 0.22 0.25 0.26 0.275 0.25 0.255 0.155 0.2 0.205 0.205 -9999 -9999 -9999 -9999 -9999 -9999 -9999 -9999 -9999 -9999 -9999 -9999 -9999 -9999 -9999 -9999 -9999 -9999 -9999 -9999 -9999 -9999 -9999 -9999 -9999 -9999 -9999 -9999 -9999 -9999 -9999 -9999 -9999 -9999 -9999 -9999
-9999 -9999 -9999 -9999 -9999 -9999 -9999 -9999 -9999 -9999 -9999 -9999 -9999 -9999 -9999 -9999 0.445 0.435 0.4625 0.5 0.59 0.495 0.5 0.685 0.775 0.44 0.52 0.425 0.45 0.49 0.42 0.395 0.345 0.39 0.28 0.265 0.255 0.255 0.25 0.25 0.26 0.19 0.2 0.2 0.17 -9999 -9999 -9999 -9999 -9999 -9999 -9999 -9999 -9999 -9999 -9999 -9999 -9999 -9999 -9999 -9999 -9999 -9999 -9999 -9999 -9999 -9999 -9999 -9999 -9999 -9999 -9999 -9999 -9999 -9999 -9999 -9999 -9999 -9999 -9999
-9999 -9999 -9999 -9999 -9999 -9999 -9999 -9999 -9999 -9999 -9999 -9999 -9999 0.615 0.435 0.505 0.67 0.615 0.435 0.455 0.465 0.46 0.545 0.67 0.44 0.435 0.46 0.45 0.465 0.47 0.38 0.285 0.37 0.39 0.35 0.295 0.235 0.26 0.19 0.25 0.21 0.245 0.2 0.2 0.205 -9999 -9999 -9999 -9999 -9999 -9999 -9999 -9999 -9999 -9999 -9999 -9999 -9999 -9999 -9999 -9999 -9999 -9999 -9999 -9999 -9999 -9999 -9999 -9999 -9999 -9999 -9999 -9999 -9999 -9999 -9999 -9999 -9999 -9999 -9999
-9999 -9999 -9999 -9999 -9999 -9999 -9999 -9999 -9999 -9999 -9999 0.59 0.44 0.7 0.68 0.835 0.635 0.485 0.61 0.61 0.495 0.535 0.535 0.5 0.475 0.4 0.345 0.33 0.47 0.32 0.27 0.345 0.36 0.33 0.28 0.295 0.23 0.205 0.225 0.22 0.25 0.195 0.195 0.195 0.16 -9999 -9999 -9999 -9999 -9999 -9999 -9999 -9999 -9999 -9999 -9999 -9999 -9999 -9999 -9999 -9999 -9999 -9999 -9999 -9999 -9999 -9999 -9999 -9999 -9999 -9999 -9999 -9999 -9999 -9999 -9999 -9999 -9999 -9999 -9999
-9999 -9999 -9999 -9999 -9999 -9999 -9999 -9999 -9999 0.655 0.77 0.905 0.99 0.675 0.705 0.73 0.74 0.61 0.5 0.505 0.53 0.57 0.495 0.625 0.515 0.66 0.345 0.35 0.32 0.3 0.27 0.35 0.275 0.275 0.275 0.31 0.21 0.22 0.19 0.255 0.195 0.185 0.18 0.18 -9999 -9999 -9999 -9999 -9999 -9999 -9999 -9999 -9999 -9999 -9999 -9999 -9999 -9999 -9999 -9999 -9999 -9999 -9999 -9999 -9999 -9999 -9999 -9999 -9999 -9999 -9999 -9999 -9999 -9999 -9999 -9999 -9999 -9999 -9999 -9999
-9999 -9999 -9999 -9999 -9999 -9999 -9999 -9999 1 0.665 0.775 0.695 0.835 0.79 0.655 0.835 0.685 0.695 0.685 0.5 0.74 0.545 0.615 0.695 0.595 0.57 0.37 0.345 0.39 0.37 0.445 0.405 0.34 0.345 0.28 0.27 0.25 0.25 0.245 0.26 0.225 0.21 0.26 0.225 -9999 -9999 -9999 -9999 -9999 -9999 -9999 -9999 -9999 -9999 -9999 -9999 -9999 -9999 -9999 -9999 -9999 -9999 -9999 -9999 -9999 -9999 -9999 -9999 -9999 -9999 -9999 -9999 -9999 -9999 -9999 -9999 -9999 -9999 -9999 -9999
-9999 -9999 -9999 -9999 -9999 -9999 0.755 0.975 1 0.665 0.775 0.695 0.835 0.79 0.655 0.835 0.685 0.695 0.685 0.5 0.74 0.545 0.615 0.695 0.44 0.57 0.37 0.345 0.39 0.37 0.445 0.405 0.36 0.345 0.28 0.27 0.225 0.225 0.185 0.25 0.225 0.21 0.26 0.225 -9999 -9999 -9999 -9999 -9999 -9999 -9999 -9999 -9999 -9999 -9999 -9999 -9999 -9999 -9999 -9999 -9999 -9999 -9999 -9999 -9999 -9999 -9999 -9999 -9999 -9999 -9999 -9999 -9999 -9999 -9999 -9999 -9999 -9999 -9999 -9999
-9999 -9999 -9999 -9999 0.99 0.92 0.955 0.72 0.68 0.685 0.775 0.835 0.775 0.72 0.7 0.675 0.44 0.775 0.74 0.5 0.515 0.515 0.585 0.52 0.46 0.445 0.345 0.335 0.33 0.265 0.295 0.44 0.35 0.295 0.3 0.255 0.25 0.25 0.25 0.25 0.275 0.25 0.26 0.26 -9999 -9999 -9999 -9999 -9999 -9999 -9999 -9999 -9999 -9999 -9999 -9999 -9999 -9999 -9999 -9999 -9999 -9999 -9999 -9999 -9999 -9999 -9999 -9999 -9999 -9999 -9999 -9999 -9999 -9999 -9999 -9999 -9999 -9999 -9999 -9999
0.7 -9999 0.625 0.655 0.83 0.945 0.85 1.03 0.675 0.705 0.705 0.72 0.77 0.85 0.825 0.78 0.545 0.655 0.855 0.74 0.685 0.585 0.78 0.475 0.46 0.48 0.42 0.39 0.39 0.42 0.44 0.38 0.365 0.255 0.29 0.315 0.24 0.235 0.235 0.24 0.26 0.255 0.21 0.27 -9999 -9999 -9999 -9999 -9999 -9999 -9999 -9999 -9999 -9999 -9999 -9999 -9999 -9999 -9999 -9999 -9999 -9999 -9999 -9999 -9999 -9999 -9999 -9999 -9999 -9999 -9999 -9999 -9999 -9999 -9999 -9999 -9999 -9999 -9999 -9999
0.94 0.72 0.975 0.72 0.68 0.85 0.955 0.945 0.905 0.7 0.73 0.655 0.645 0.9 0.95 0.745 0.575 0.775 0.575 0.79 0.545 0.735 0.56 0.61 0.755 0.74 0.415 0.34 0.37 0.365 0.29 0.355 0.365 0.305 0.315 0.29 0.23 0.31 0.265 0.25 0.185 0.21 0.225 0.2 0.18 -9999 -9999 -9999 -9999 -9999 -9999 -9999 -9999 -9999 -9999 -9999 -9999 -9999 -9999 -9999 -9999 -9999 -9999 -9999 -9999 -9999 -9999 -9999 -9999 -9999 -9999 -9999 -9999 -9999 -9999 -9999 -9999 -9999 -9999 -9999
1.05 0.945 0.825 0.675 1.03 0.975 1.05 0.885 0.905 0.905 0.94 0.79 0.9 0.7 0.745 0.5 0.655 0.745 0.835 0.675 0.78 0.79 0.775 0.74 0.74 0.505 0.5 0.435 0.385 0.44 0.375 0.36 0.305 0.32 0.24 0.32 0.26 0.235 0.25 0.21 0.25 0.205 0.215 0.18 0.19 0.165 -9999 -9999 -9999 -9999 -9999 -9999 -9999 -9999 -9999 -9999 -9999 -9999 -9999 -9999 -9999 -9999 -9999 -9999 -9999 -9999 -9999 -9999 -9999 -9999 -9999 -9999 -9999 -9999 -9999 -9999 -9999 -9999 -9999 -9999
0.945 0.865 0.73 0.92 0.77 1.035 0.795 0.905 0.77 0.925 1.15 0.86 0.76 0.855 0.585 0.65 0.775 0.625 0.73 0.69 0.79 0.765 0.62 0.845 0.6 0.425 0.57 0.605 0.4 0.38 0.305 0.385 0.285 0.255 0.3 0.23 0.225 0.245 0.205 0.17 0.205 0.205 0.175 0.15 0.195 0.195 0.175 -9999 -9999 -9999 -9999 -9999 -9999 -9999 -9999 -9999 -9999 -9999 -9999 -9999 -9999 -9999 -9999 -9999 -9999 -9999 -9999 -9999 -9999 -9999 -9999 -9999 -9999 -9999 -9999 -9999 -9999 -9999 -9999 -9999
1.07 0.805 0.825 0.835 0.84 1.015 1.17 0.7 0.76 0.945 1.17 0.88 0.675 0.71 0.575 0.55 0.575 0.76 0.88 0.875 0.88 0.69 0.625 0.645 0.545 0.47 0.4925 0.47 0.39 0.395 0.355 0.335 0.28 0.235 0.235 0.225 0.23 0.24 0.26 0.27 0.185 0.205 0.205 0.205 0.205 0.205 0.2 0.2 -9999 -9999 -9999 -9999 -9999 -9999 -9999 -9999 -9999 -9999 -9999 -9999 -9999 -9999 -9999 -9999 -9999 -9999 -9999 -9999 -9999 -9999 -9999 -9999 -9999 -9999 -9999 -9999 -9999 -9999 -9999 -9999
1.015 0.895 0.985 0.76 0.88 0.76 0.915 0.86 0.84 0.825 0.945 0.955 0.7125 0.785 1.125 0.7 0.79 0.665 0.855 0.855 0.705 0.64 0.53 0.655 0.615 0.73 0.475 0.43 0.41 0.29 0.29 0.315 0.365 0.395 0.295 0.325 0.23 0.22 0.21 0.23 0.21 0.2 0.18 0.175 0.18 0.18 0.18 0.19 -9999 -9999 -9999 -9999 -9999 -9999 -9999 -9999 -9999 -9999 -9999 -9999 -9999 -9999 -9999 -9999 -9999 -9999 -9999 -9999 -9999 -9999 -9999 -9999 -9999 -9999 -9999 -9999 -9999 -9999 -9999 -9999
0.965 1.105 1.135 1.09 1.025 0.76 0.93 1.09 1.015 0.945 1.085 0.89 0.785 1.15 1.045 1.09 0.725 0.665 0.765 0.925 0.81 1.065 0.785 0.645 0.56 0.55 0.68 0.46 0.46 0.54 0.47 0.4 0.375 0.395 0.34 0.32 0.235 0.26 0.23 0.26 0.21 0.2 0.18 0.19 0.245 0.19 0.18 0.18 -9999 -9999 -9999 -9999 -9999 -9999 -9999 -9999 -9999 -9999 -9999 -9999 -9999 -9999 -9999 -9999 -9999 -9999 -9999 -9999 -9999 -9999 -9999 -9999 -9999 -9999 -9999 -9999 -9999 -9999 -9999 -9999
1.035 0.93 1.17 1.035 0.795 0.715 0.785 0.825 0.72 1.07 0.895 1.18 0.68 1.13 1.04 0.83 0.955 0.86 0.73 0.785 0.855 0.71 0.63 0.63 0.48 0.73 0.8 0.635 0.605 0.42 0.47 0.42 0.37 0.415 0.345 0.275 0.3 0.26 0.185 0.185 0.185 0.26 0.21 0.26 0.24 0.19 0.21 0.24 -9999 -9999 -9999 -9999 -9999 -9999 -9999 -9999 -9999 -9999 -9999 -9999 -9999 -9999 -9999 -9999 -9999 -9999 -9999 -9999 -9999 -9999 -9999 -9999 -9999 -9999 -9999 -9999 -9999 -9999 -9999 -9999
0.67 0.8 0.75 0.675 0.665 0.73 0.795 0.86 1.14 1.05 1.105 0.91 0.955 0.795 0.955 0.88 0.675 0.81 0.78 0.92 0.8 0.64 0.585 0.615 0.555 0.745 0.6925 0.52 0.535 0.39 0.42 0.415 0.37 0.42 0.365 0.305 0.3 0.185 0.245 0.26 0.235 0.185 0.275 0.26 0.26 0.2 0.185 0.2 -9999 -9999 -9999 -9999 -9999 -9999 -9999 -9999 -9999 -9999 -9999 -9999 -9999 -9999 -9999 -9999 -9999 -9999 -9999 -9999 -9999 -9999 -9999 -9999 -9999 -9999 -9999 -9999 -9999 -9999 -9999 -9999
0.835 0.89 0.715 0.76 0.605 0.545 0.795 0.93 1.09 0.995 1.045 1.115 0.99 1.05 0.87 1.115 0.92 0.92 0.93 0.88 0.78 0.44 0.685 0.705 0.63 0.715 0.59 0.47 0.515 0.445 0.37 0.375 0.375 0.395 0.38 0.25 0.24 0.26 0.29 0.295 0.28 0.24 0.25 0.26 0.185 0.22 0.215 0.175 -9999 -9999 -9999 -9999 -9999 -9999 -9999 -9999 -9999 -9999 -9999 -9999 -9999 -9999 -9999 -9999 -9999 -9999 -9999 -9999 -9999 -9999 -9999 -9999 -9999 -9999 -9999 -9999 -9999 -9999 -9999 -9999
0.825 0.775 0.785 0.81 0.705 0.665 0.92 0.955 1.13 1.11 1.105 0.945 0.72 1.07 0.945 1.14 1.055 1.07 1.065 0.67 0.78 0.61 0.835 0.695 0.61 0.595 0.64 0.485 0.415 0.345 0.305 0.29 0.36 0.35 0.385 0.185 0.23 0.235 0.25 0.205 0.28 0.3 0.25 0.24 0.23 0.23 0.2 0.185 0.145 -9999 -9999 -9999 -9999 -9999 -9999 -9999 -9999 -9999 -9999 -9999 -9999 -9999 -9999 -9999 -9999 -9999 -9999 -9999 -9999 -9999 -9999 -9999 -9999 -9999 -9999 -9999 -9999 -9999 -9999 -9999
0.855 0.835 0.795 0.82 0.955 0.91 0.83 1.09 0.905 1.065 1.015 0.965 0.905 0.86 1.155 0.95 1.015 0.945 0.81 0.78 0.69 0.73 0.685 0.56 0.44 0.69 0.615 0.5 0.465 0.43 0.465 0.41 0.385 0.28 0.23 0.255 0.235 0.29 0.25 0.21 0.255 0.31 0.28 0.31 0.27 0.25 0.255 0.22 0.205 0.185 -9999 -9999 -9999 -9999 -9999 -9999 -9999 -9999 -9999 -9999 -9999 -9999 -9999 -9999 -9999 -9999 -9999 -9999 -9999 -9999 -9999 -9999 -9999 -9999 -9999 -9999 -9999 -9999 -9999 -9999
0.73 0.775 0.75 0.735 0.745 0.91 1.05 0.905 1.125 0.925 1.145 1.14 1.05 0.815 1.145 0.77 0.67 0.865 0.81 0.68 0.59 0.81 0.775 0.67 0.455 0.745 0.715 0.59 0.535 0.495 0.425 0.445 0.36 0.285 0.245 0.305 0.41 0.35 0.275 0.28 0.275 0.325 0.28 0.35 0.255 0.245 0.185 0.14 0.185 0.26 -9999 -9999 -9999 -9999 -9999 -9999 -9999 -9999 -9999 -9999 -9999 -9999 -9999 -9999 -9999 -9999 -9999 -9999 -9999 -9999 -9999 -9999 -9999 -9999 -9999 -9999 -9999 -9999 -9999 -9999
0.665 0.825 0.765 0.67 0.785 0.82 0.975 0.945 0.77 0.95 0.965 1.17 0.985 1.035 0.865 0.67 1.035 0.94 0.905 0.67 0.56 0.65 0.9275 0.715 0.59 0.675 0.395 0.455 0.42 0.46 0.395 0.47 0.41 0.36 0.44 0.36 0.305 0.275 0.33 0.345 0.32 0.285 0.285 0.28 0.28 0.23 0.19 0.15 0.215 0.26 0.19 -9999 -9999 -9999 -9999 -9999 -9999 -9999 -9999 -9999 -9999 -9999 -9999 -9999 -9999 -9999 -9999 -9999 -9999 -9999 -9999 -9999 -9999 -9999 -9999 -9999 -9999 -9999 -9999 -9999
0.67 0.63 0.82 0.955 0.88 0.975 1.095 0.925 0.945 0.95 0.86 0.645 0.68 0.785 0.855 0.77 0.89 0.78 0.775 0.665 0.595 0.645 0.72 0.55 0.545 0.455 0.715 0.65 0.56 0.44 0.46 0.49 0.465 0.445 0.44 0.36 0.32 0.315 0.3 0.305 0.39 0.39 0.32 0.32 0.32 0.24 0.14 0.18 0.185 0.205 0.2 0.245 -9999 -9999 -9999 -9999 -9999 -9999 -9999 -9999 -9999 -9999 -9999 -9999 -9999 -9999 -9999 -9999 -9999 -9999 -9999 -9999 -9999 -9999 -9999 -9999 -9999 -9999 -9999 -9999
0.925 0.8 0.78 0.96 1.05 0.88 1.08 0.96 1.155 0.805 0.84 0.95 0.975 0.84 0.78 0.615 0.78 0.635 0.645 0.545 0.585 0.53 0.48 0.43 0.535 0.715 0.455 0.395 0.53 0.545 0.455 0.425 0.47 0.525 0.42 0.36 0.365 0.35 0.31 0.305 0.31 0.22 0.275 0.25 0.25 0.245 0.195 0.175 0.225 0.205 0.205 0.19 0.2 -9999 -9999 -9999 -9999 -9999 -9999 -9999 -9999 -9999 -9999 -9999 -9999 -9999 -9999 -9999 -9999 -9999 -9999 -9999 -9999 -9999 -9999 -9999 -9999 -9999 -9999 -9999
0.715 0.79 0.7 0.895 1.15 0.78 0.665 0.975 0.94 0.965 0.625 0.715 0.875 1.085 0.67 0.71 0.635 1.015 0.685 0.655 0.76 0.665 0.48 0.43 0.47 0.4 0.61 0.42 0.535 0.455 0.615 0.475 0.445 0.42 0.37 0.355 0.295 0.33 0.365 0.36 0.33 0.3 0.295 0.275 0.305 0.215 0.21 0.185 0.185 0.22 0.19 0.205 0.165 -9999 -9999 -9999 -9999 -9999 -9999 -9999 -9999 -9999 -9999 -9999 -9999 -9999 -9999 -9999 -9999 -9999 -9999 -9999 -9999 -9999 -9999 -9999 -9999 -9999 -9999 -9999
0.55 0.765 0.705 0.745 0.9075 0.805 0.825 0.74 0.91 0.755 0.64 1.145 1.03 0.745 0.65 0.585 0.605 0.74 0.76 0.7 0.635 0.575 0.59 0.415 0.42 0.42 0.635 0.46 0.535 0.615 0.47 0.505 0.435 0.47 0.4 0.38 0.385 0.395 0.395 0.365 0.3 0.3 0.335 0.27 0.27 0.21 0.25 0.19 0.26 0.225 0.18 0.195 0.175 0.16 0.17 0.17 0.16 -9999 -9999 -9999 -9999 -9999 -9999 -9999 -9999 -9999 -9999 -9999 -9999 -9999 -9999 -9999 -9999 -9999 -9999 -9999 -9999 -9999 -9999 -9999
0.57 0.705 0.56 0.85 0.86 0.85 0.74 0.735 0.68 0.685 0.94 1.065 1.04 0.42 0.375 0.51 0.64 0.655 0.725 0.52 0.57 0.415 0.465 0.445 0.515 0.46 0.385 0.42 0.43 0.475 0.52 0.66 0.58 0.425 0.47 0.465 0.38 0.36 0.37 0.39 0.325 0.35 0.265 0.25 0.25 0.26 0.27 0.19 0.185 0.2 0.18 0.18 0.185 0.15 0.16 0.125 0.14 -9999 -9999 -9999 -9999 -9999 -9999 -9999 -9999 -9999 -9999 -9999 -9999 -9999 -9999 -9999 -9999 -9999 -9999 -9999 -9999 -9999 -9999 -9999
0.385 0.515 0.57 0.69 0.53 0.59 0.33 0.33 0.475 0.535 0.625 0.67 0.645 0.725 0.53 0.495 0.69 0.72 0.575 0.565 0.52 0.335 0.295 0.35 0.385 0.36 0.385 0.36 0.43 0.445 0.41 0.44 0.44 0.485 0.455 0.445 0.38 0.38 0.445 0.39 0.38 0.345 0.39 0.275 0.275 0.21 0.21 0.235 0.245 0.18 0.195 0.18 0.185 0.16 0.17 0.16 0.125 0.145 0.125 0.125 -9999 -9999 -9999 -9999 -9999 -9999 -9999 -9999 -9999 -9999 -9999 -9999 -9999 -9999 -9999 -9999 -9999 -9999 -9999 -9999
0.295 0.39 0.385 0.375 0.445 0.6 0.405 0.355 0.36 0.415 0.55 0.715 0.715 0.395 0.455 0.41 0.54 0.6 0.58 0.525 0.59 0.5 0.46 0.42 0.395 0.385 0.38 0.39 0.365 0.355 0.41 0.535 0.29 0.29 0.295 0.5 0.49 0.49 0.39 0.37 0.34 0.385 0.3 0.255 0.255 0.275 0.21 0.275 0.21 0.205 0.17 0.18 0.205 0.165 0.17 0.11 0.12 0.135 0.135 0.135 0.13 0.13 -9999 -9999 -9999 -9999 -9999 -9999 -9999 -9999 -9999 -9999 -9999 -9999 -9999 -9999 -9999 -9999 -9999 -9999
0.34 0.36 0.405 0.35 0.41 0.475 0.455 0.355 0.3 0.46 0.435 0.515 0.565 0.455 0.36 0.39 0.43 0.55 0.455 0.545 0.545 0.44 0.375 0.46 0.5 0.35 0.45 0.395 0.41 0.36 0.39 0.385 0.295 0.275 0.37 0.445 0.44 0.325 0.435 0.515 0.385 0.39 0.235 0.255 0.255 0.265 0.255 0.225 0.205 0.16 0.175 0.185 0.195 0.175 0.19 0.13 0.125 0.13 0.12 0.135 0.13 0.1 -9999 -9999 -9999 -9999 -9999 -9999 -9999 -9999 -9999 -9999 -9999 -9999 -9999 -9999 -9999 -9999 -9999 -9999
0.36 0.405 0.41 0.455 0.495 0.375 0.305 0.26 0.235 0.28 0.385 0.375 0.39 0.46 0.37 0.355 0.46 0.42 0.46 0.545 0.535 0.485 0.4 0.385 0.39 0.415 0.375 0.35 0.38 0.415 0.635 0.4 0.415 0.395 0.465 0.41 0.38 0.385 0.415 0.475 0.415 0.34 0.295 0.25 0.25 0.325 0.31 0.245 0.18 0.175 0.15 0.15 0.195 0.155 0.145 0.13 0.135 0.105 0.105 0.11 0.11 0.11 0.12 0.09 -9999 -9999 -9999 -9999 -9999 -9999 -9999 -9999 -9999 -9999 -9999 -9999 -9999 -9999 -9999 -9999
